3.25 366.0377358490566
3.2505 373.58490566037733
3.2510000000000003 283.0188679245283
3.2515 362.2641509433962
3.2520000000000002 324.52830188679246
3.2525000000000004 362.2641509433962
3.253 301.8867924528302
3.2535000000000003 426.41509433962267
3.254 354.7169811320755
3.2545 332.07547169811323
3.2550000000000003 415.0943396226415
3.2555 411.3207547169811
3.2560000000000002 415.0943396226415
3.2565000000000004 388.6792452830189
3.257 392.45283018867923
3.2575000000000003 388.6792452830189
3.258 339.62264150943395
3.2585 313.20754716981133
3.2590000000000003 384.9056603773585
3.2595 335.8490566037736
3.2600000000000002 407.54716981132077
3.2605000000000004 403.77358490566036
3.261 400.0
3.2615000000000003 418.8679245283019
3.262 384.9056603773585
3.2625 384.9056603773585
3.2630000000000003 441.50943396226415
3.2635 339.62264150943395
3.2640000000000002 328.3018867924528
3.2645000000000004 407.54716981132077
3.265 403.77358490566036
3.2655000000000003 369.811320754717
3.266 339.62264150943395
3.2665 316.9811320754717
3.2670000000000003 449.0566037735849
3.2675 354.7169811320755
3.2680000000000002 369.811320754717
3.2685000000000004 362.2641509433962
3.269 366.0377358490566
3.2695000000000003 339.62264150943395
3.27 426.41509433962267
3.2705 373.58490566037733
3.2710000000000004 324.52830188679246
3.2715 396.22641509433964
3.2720000000000002 430.188679245283
3.2725000000000004 426.41509433962267
3.273 460.37735849056605
3.2735000000000003 396.22641509433964
3.274 328.3018867924528
3.2745 335.8490566037736
3.2750000000000004 358.49056603773585
3.2755 400.0
3.2760000000000002 422.64150943396226
3.2765000000000004 294.33962264150944
3.277 403.77358490566036
3.2775000000000003 422.64150943396226
3.278 350.9433962264151
3.2785 339.62264150943395
3.2790000000000004 411.3207547169811
3.2795 313.20754716981133
3.2800000000000002 335.8490566037736
3.2805000000000004 407.54716981132077
3.281 418.8679245283019
3.2815000000000003 475.47169811320754
3.282 392.45283018867923
3.2825 377.35849056603774
3.2830000000000004 354.7169811320755
3.2835 441.50943396226415
3.2840000000000003 350.9433962264151
3.2845000000000004 335.8490566037736
3.285 384.9056603773585
3.2855000000000003 418.8679245283019
3.286 426.41509433962267
3.2865 407.54716981132077
3.2870000000000004 403.77358490566036
3.2875 350.9433962264151
3.2880000000000003 411.3207547169811
3.2885000000000004 388.6792452830189
3.289 350.9433962264151
3.2895000000000003 392.45283018867923
3.29 366.0377358490566
3.2905 384.9056603773585
3.2910000000000004 377.35849056603774
3.2915 400.0
3.2920000000000003 418.8679245283019
3.2925000000000004 343.39622641509436
3.293 373.58490566037733
3.2935000000000003 354.7169811320755
3.294 328.3018867924528
3.2945 366.0377358490566
3.2950000000000004 388.6792452830189
3.2955 392.45283018867923
3.2960000000000003 354.7169811320755
3.2965 437.7358490566038
3.297 354.7169811320755
3.2975000000000003 286.79245283018867
3.298 433.9622641509434
3.2985 264.1509433962264
3.2990000000000004 358.49056603773585
3.2995 339.62264150943395
3.3000000000000003 354.7169811320755
3.3005 441.50943396226415
3.301 381.1320754716981
3.3015000000000003 441.50943396226415
3.302 407.54716981132077
3.3025 400.0
3.3030000000000004 407.54716981132077
3.3035 388.6792452830189
3.3040000000000003 343.39622641509436
3.3045 403.77358490566036
3.305 441.50943396226415
3.3055000000000003 384.9056603773585
3.306 384.9056603773585
3.3065 332.07547169811323
3.3070000000000004 347.1698113207547
3.3075 362.2641509433962
3.3080000000000003 377.35849056603774
3.3085 316.9811320754717
3.309 418.8679245283019
3.3095000000000003 343.39622641509436
3.31 301.8867924528302
3.3105 403.77358490566036
3.3110000000000004 388.6792452830189
3.3115 343.39622641509436
3.3120000000000003 426.41509433962267
3.3125 400.0
3.313 400.0
3.3135000000000003 366.0377358490566
3.314 347.1698113207547
3.3145000000000002 305.66037735849056
3.3150000000000004 392.45283018867923
3.3155 426.41509433962267
3.3160000000000003 369.811320754717
3.3165 369.811320754717
3.317 335.8490566037736
3.3175000000000003 377.35849056603774
3.318 354.7169811320755
3.3185000000000002 407.54716981132077
3.3190000000000004 392.45283018867923
3.3195 407.54716981132077
3.3200000000000003 475.47169811320754
3.3205 384.9056603773585
3.321 347.1698113207547
3.3215000000000003 437.7358490566038
3.322 392.45283018867923
3.3225000000000002 418.8679245283019
3.3230000000000004 339.62264150943395
3.3235 328.3018867924528
3.3240000000000003 407.54716981132077
3.3245 347.1698113207547
3.325 415.0943396226415
3.3255000000000003 339.62264150943395
3.326 384.9056603773585
3.3265000000000002 430.188679245283
3.3270000000000004 407.54716981132077
3.3275 328.3018867924528
3.3280000000000003 418.8679245283019
3.3285 332.07547169811323
3.329 437.7358490566038
3.3295000000000003 332.07547169811323
3.33 415.0943396226415
3.3305000000000002 339.62264150943395
3.3310000000000004 358.49056603773585
3.3315 366.0377358490566
3.3320000000000003 475.47169811320754
3.3325 354.7169811320755
3.333 350.9433962264151
3.3335000000000004 339.62264150943395
3.334 332.07547169811323
3.3345000000000002 411.3207547169811
3.3350000000000004 460.37735849056605
3.3355 411.3207547169811
3.3360000000000003 354.7169811320755
3.3365 373.58490566037733
3.337 339.62264150943395
3.3375000000000004 332.07547169811323
3.338 407.54716981132077
3.3385000000000002 388.6792452830189
3.3390000000000004 343.39622641509436
3.3395 362.2641509433962
3.3400000000000003 358.49056603773585
3.3405 388.6792452830189
3.341 350.9433962264151
3.3415000000000004 362.2641509433962
3.342 411.3207547169811
3.3425000000000002 498.1132075471698
3.3430000000000004 343.39622641509436
3.3435 362.2641509433962
3.3440000000000003 354.7169811320755
3.3445 422.64150943396226
3.345 388.6792452830189
3.3455000000000004 433.9622641509434
3.346 347.1698113207547
3.3465000000000003 377.35849056603774
3.3470000000000004 369.811320754717
3.3475 433.9622641509434
3.3480000000000003 388.6792452830189
3.3485 426.41509433962267
3.349 396.22641509433964
3.3495000000000004 430.188679245283
3.35 388.6792452830189
3.3505000000000003 358.49056603773585
3.3510000000000004 388.6792452830189
3.3515 354.7169811320755
3.3520000000000003 430.188679245283
3.3525 388.6792452830189
3.353 369.811320754717
3.3535000000000004 467.92452830188677
3.354 347.1698113207547
3.3545000000000003 396.22641509433964
3.3550000000000004 411.3207547169811
3.3555 350.9433962264151
3.3560000000000003 400.0
3.3565 407.54716981132077
3.357 373.58490566037733
3.3575000000000004 437.7358490566038
3.358 381.1320754716981
3.3585000000000003 362.2641509433962
3.3590000000000004 418.8679245283019
3.3595 471.6981132075472
3.3600000000000003 415.0943396226415
3.3605 343.39622641509436
3.361 396.22641509433964
3.3615000000000004 396.22641509433964
3.362 384.9056603773585
3.3625000000000003 415.0943396226415
3.363 471.6981132075472
3.3635 430.188679245283
3.3640000000000003 415.0943396226415
3.3645 407.54716981132077
3.365 426.41509433962267
3.3655000000000004 354.7169811320755
3.366 392.45283018867923
3.3665000000000003 373.58490566037733
3.367 426.41509433962267
3.3675 388.6792452830189
3.3680000000000003 411.3207547169811
3.3685 415.0943396226415
3.369 441.50943396226415
3.3695000000000004 347.1698113207547
3.37 343.39622641509436
3.3705000000000003 411.3207547169811
3.371 407.54716981132077
3.3715 475.47169811320754
3.3720000000000003 501.8867924528302
3.3725 411.3207547169811
3.373 369.811320754717
3.3735000000000004 347.1698113207547
3.374 441.50943396226415
3.3745000000000003 335.8490566037736
3.375 388.6792452830189
3.3755 422.64150943396226
3.3760000000000003 411.3207547169811
3.3765 411.3207547169811
3.3770000000000002 392.45283018867923
3.3775000000000004 369.811320754717
3.378 456.60377358490564
3.3785000000000003 418.8679245283019
3.379 377.35849056603774
3.3795 358.49056603773585
3.3800000000000003 373.58490566037733
3.3805 362.2641509433962
3.3810000000000002 392.45283018867923
3.3815000000000004 464.1509433962264
3.382 381.1320754716981
3.3825000000000003 384.9056603773585
3.383 407.54716981132077
3.3835 400.0
3.3840000000000003 411.3207547169811
3.3845 377.35849056603774
3.3850000000000002 396.22641509433964
3.3855000000000004 483.0188679245283
3.386 392.45283018867923
3.3865000000000003 384.9056603773585
3.387 411.3207547169811
3.3875 400.0
3.3880000000000003 449.0566037735849
3.3885 392.45283018867923
3.3890000000000002 403.77358490566036
3.3895000000000004 400.0
3.39 464.1509433962264
3.3905000000000003 430.188679245283
3.391 320.75471698113205
3.3915 407.54716981132077
3.3920000000000003 377.35849056603774
3.3925 422.64150943396226
3.3930000000000002 445.2830188679245
3.3935000000000004 411.3207547169811
3.394 388.6792452830189
3.3945000000000003 332.07547169811323
3.395 407.54716981132077
3.3955 479.24528301886795
3.3960000000000004 362.2641509433962
3.3965 418.8679245283019
3.3970000000000002 475.47169811320754
3.3975000000000004 403.77358490566036
3.398 467.92452830188677
3.3985000000000003 369.811320754717
3.399 479.24528301886795
3.3995 377.35849056603774
3.4000000000000004 456.60377358490564
3.4005 437.7358490566038
3.4010000000000002 400.0
3.4015000000000004 426.41509433962267
3.402 347.1698113207547
3.4025000000000003 467.92452830188677
3.403 456.60377358490564
3.4035 407.54716981132077
3.4040000000000004 505.66037735849056
3.4045 467.92452830188677
3.4050000000000002 403.77358490566036
3.4055000000000004 433.9622641509434
3.406 445.2830188679245
3.4065000000000003 388.6792452830189
3.407 396.22641509433964
3.4075 433.9622641509434
3.4080000000000004 373.58490566037733
3.4085 498.1132075471698
3.4090000000000003 456.60377358490564
3.4095000000000004 490.5660377358491
3.41 490.5660377358491
3.4105000000000003 479.24528301886795
3.411 441.50943396226415
3.4115 407.54716981132077
3.4120000000000004 460.37735849056605
3.4125 396.22641509433964
3.4130000000000003 411.3207547169811
3.4135000000000004 418.8679245283019
3.414 400.0
3.4145000000000003 411.3207547169811
3.415 460.37735849056605
3.4155 426.41509433962267
3.4160000000000004 433.9622641509434
3.4165 415.0943396226415
3.4170000000000003 441.50943396226415
3.4175000000000004 433.9622641509434
3.418 505.66037735849056
3.4185000000000003 388.6792452830189
3.419 358.49056603773585
3.4195 384.9056603773585
3.4200000000000004 456.60377358490564
3.4205 430.188679245283
3.4210000000000003 426.41509433962267
3.4215000000000004 422.64150943396226
3.422 418.8679245283019
3.4225000000000003 430.188679245283
3.423 524.5283018867924
3.4235 471.6981132075472
3.4240000000000004 479.24528301886795
3.4245 441.50943396226415
3.4250000000000003 464.1509433962264
3.4255000000000004 479.24528301886795
3.426 456.60377358490564
3.4265000000000003 520.7547169811321
3.427 535.8490566037735
3.4275 445.2830188679245
3.4280000000000004 498.1132075471698
3.4285 509.4339622641509
3.4290000000000003 433.9622641509434
3.4295 479.24528301886795
3.43 479.24528301886795
3.4305000000000003 433.9622641509434
3.431 433.9622641509434
3.4315 494.33962264150944
3.4320000000000004 467.92452830188677
3.4325 498.1132075471698
3.4330000000000003 422.64150943396226
3.4335 452.8301886792453
3.434 520.7547169811321
3.4345000000000003 437.7358490566038
3.435 539.622641509434
3.4355 566.0377358490566
3.4360000000000004 558.4905660377359
3.4365 513.2075471698113
3.4370000000000003 494.33962264150944
3.4375 494.33962264150944
3.438 513.2075471698113
3.4385000000000003 422.64150943396226
3.439 498.1132075471698
3.4395000000000002 501.8867924528302
3.4400000000000004 418.8679245283019
3.4405 464.1509433962264
3.4410000000000003 513.2075471698113
3.4415 494.33962264150944
3.442 418.8679245283019
3.4425000000000003 483.0188679245283
3.443 543.3962264150944
3.4435000000000002 516.9811320754717
3.4440000000000004 532.0754716981132
3.4445 464.1509433962264
3.4450000000000003 577.3584905660377
3.4455 494.33962264150944
3.446 550.9433962264151
3.4465000000000003 509.4339622641509
3.447 479.24528301886795
3.4475000000000002 532.0754716981132
3.4480000000000004 430.188679245283
3.4485 445.2830188679245
3.4490000000000003 554.7169811320755
3.4495 505.66037735849056
3.45 543.3962264150944
3.4505000000000003 486.79245283018867
3.451 535.8490566037735
3.4515000000000002 524.5283018867924
3.4520000000000004 524.5283018867924
3.4525 422.64150943396226
3.4530000000000003 622.6415094339623
3.4535 532.0754716981132
3.454 498.1132075471698
3.4545000000000003 449.0566037735849
3.455 524.5283018867924
3.4555000000000002 600.0
3.4560000000000004 562.2641509433962
3.4565 433.9622641509434
3.4570000000000003 471.6981132075472
3.4575 554.7169811320755
3.458 600.0
3.4585000000000004 422.64150943396226
3.459 550.9433962264151
3.4595000000000002 573.5849056603773
3.4600000000000004 460.37735849056605
3.4605 532.0754716981132
3.4610000000000003 562.2641509433962
3.4615 547.1698113207547
3.462 626.4150943396227
3.4625000000000004 479.24528301886795
3.463 603.7735849056604
3.4635000000000002 532.0754716981132
3.4640000000000004 426.41509433962267
3.4645 505.66037735849056
3.4650000000000003 486.79245283018867
3.4655 554.7169811320755
3.466 566.0377358490566
3.4665000000000004 547.1698113207547
3.467 615.0943396226415
3.4675000000000002 581.1320754716982
3.4680000000000004 626.4150943396227
3.4685 479.24528301886795
3.4690000000000003 581.1320754716982
3.4695 637.7358490566038
3.47 562.2641509433962
3.4705000000000004 479.24528301886795
3.471 581.1320754716982
3.4715000000000003 550.9433962264151
3.4720000000000004 494.33962264150944
3.4725 501.8867924528302
3.4730000000000003 569.811320754717
3.4735 592.4528301886793
3.474 528.3018867924528
3.4745000000000004 464.1509433962264
3.475 573.5849056603773
3.4755000000000003 596.2264150943396
3.4760000000000004 532.0754716981132
3.4765 592.4528301886793
3.4770000000000003 675.4716981132076
3.4775 520.7547169811321
3.478 633.9622641509434
3.4785000000000004 464.1509433962264
3.479 558.4905660377359
3.4795000000000003 588.6792452830189
3.4800000000000004 543.3962264150944
3.4805 615.0943396226415
3.4810000000000003 641.5094339622641
3.4815 603.7735849056604
3.482 588.6792452830189
3.4825000000000004 505.66037735849056
3.483 520.7547169811321
3.4835000000000003 664.1509433962265
3.4840000000000004 581.1320754716982
3.4845 611.3207547169811
3.4850000000000003 501.8867924528302
3.4855 675.4716981132076
3.486 539.622641509434
3.4865000000000004 690.566037735849
3.487 581.1320754716982
3.4875000000000003 573.5849056603773
3.4880000000000004 539.622641509434
3.4885 588.6792452830189
3.4890000000000003 535.8490566037735
3.4895 550.9433962264151
3.49 633.9622641509434
3.4905000000000004 683.0188679245283
3.491 592.4528301886793
3.4915000000000003 539.622641509434
3.4920000000000004 588.6792452830189
3.4925 641.5094339622641
3.4930000000000003 573.5849056603773
3.4935 569.811320754717
3.494 532.0754716981132
3.4945000000000004 607.5471698113207
3.495 566.0377358490566
3.4955000000000003 641.5094339622641
3.496 539.622641509434
3.4965 577.3584905660377
3.4970000000000003 667.9245283018868
3.4975 671.6981132075472
3.498 618.8679245283018
3.4985000000000004 611.3207547169811
3.499 558.4905660377359
3.4995000000000003 656.6037735849056
3.5 569.811320754717
3.5005 547.1698113207547
3.5010000000000003 600.0
3.5015 539.622641509434
3.5020000000000002 592.4528301886793
3.5025000000000004 607.5471698113207
3.503 543.3962264150944
3.5035000000000003 592.4528301886793
3.504 660.377358490566
3.5045 645.2830188679245
3.5050000000000003 550.9433962264151
3.5055 592.4528301886793
3.5060000000000002 675.4716981132076
3.5065000000000004 622.6415094339623
3.507 667.9245283018868
3.5075000000000003 584.9056603773585
3.508 513.2075471698113
3.5085 607.5471698113207
3.5090000000000003 630.188679245283
3.5095 569.811320754717
3.5100000000000002 633.9622641509434
3.5105000000000004 509.4339622641509
3.511 524.5283018867924
3.5115000000000003 566.0377358490566
3.512 671.6981132075472
3.5125 626.4150943396227
3.5130000000000003 600.0
3.5135 667.9245283018868
3.5140000000000002 694.3396226415094
3.5145000000000004 686.7924528301887
3.515 694.3396226415094
3.5155000000000003 562.2641509433962
3.516 569.811320754717
3.5165 577.3584905660377
3.5170000000000003 626.4150943396227
3.5175 630.188679245283
3.5180000000000002 532.0754716981132
3.5185000000000004 701.8867924528302
3.519 633.9622641509434
3.5195000000000003 600.0
3.52 683.0188679245283
3.5205 547.1698113207547
3.5210000000000004 532.0754716981132
3.5215 633.9622641509434
3.5220000000000002 664.1509433962265
3.5225000000000004 615.0943396226415
3.523 701.8867924528302
3.5235000000000003 675.4716981132076
3.524 686.7924528301887
3.5245 622.6415094339623
3.5250000000000004 641.5094339622641
3.5255 626.4150943396227
3.5260000000000002 524.5283018867924
3.5265000000000004 535.8490566037735
3.527 483.0188679245283
3.5275000000000003 498.1132075471698
3.528 467.92452830188677
3.5285 494.33962264150944
3.5290000000000004 452.8301886792453
3.5295 524.5283018867924
3.5300000000000002 501.8867924528302
3.5305000000000004 516.9811320754717
3.531 445.2830188679245
3.5315000000000003 562.2641509433962
3.532 377.35849056603774
3.5325 615.0943396226415
3.5330000000000004 652.8301886792453
3.5335 543.3962264150944
3.5340000000000003 596.2264150943396
3.5345000000000004 588.6792452830189
3.535 573.5849056603773
3.5355000000000003 535.8490566037735
3.536 713.2075471698113
3.5365 615.0943396226415
3.5370000000000004 637.7358490566038
3.5375 607.5471698113207
3.5380000000000003 645.2830188679245
3.5385000000000004 690.566037735849
3.539 603.7735849056604
3.5395000000000003 550.9433962264151
3.54 569.811320754717
3.5405 626.4150943396227
3.5410000000000004 622.6415094339623
3.5415 611.3207547169811
3.5420000000000003 584.9056603773585
3.5425000000000004 683.0188679245283
3.543 694.3396226415094
3.5435000000000003 547.1698113207547
3.544 569.811320754717
3.5445 615.0943396226415
3.5450000000000004 577.3584905660377
3.5455 671.6981132075472
3.5460000000000003 679.2452830188679
3.5465000000000004 539.622641509434
3.547 720.7547169811321
3.5475000000000003 686.7924528301887
3.548 694.3396226415094
3.5485 637.7358490566038
3.5490000000000004 588.6792452830189
3.5495 588.6792452830189
3.5500000000000003 626.4150943396227
3.5505000000000004 630.188679245283
3.551 705.6603773584906
3.5515000000000003 626.4150943396227
3.552 675.4716981132076
3.5525 739.622641509434
3.5530000000000004 501.8867924528302
3.5535 630.188679245283
3.5540000000000003 611.3207547169811
3.5545000000000004 649.0566037735849
3.555 683.0188679245283
3.5555000000000003 716.9811320754717
3.556 513.2075471698113
3.5565 675.4716981132076
3.5570000000000004 573.5849056603773
3.5575 592.4528301886793
3.5580000000000003 664.1509433962265
3.5585000000000004 633.9622641509434
3.559 562.2641509433962
3.5595000000000003 607.5471698113207
3.56 596.2264150943396
3.5605 720.7547169811321
3.5610000000000004 652.8301886792453
3.5615 592.4528301886793
3.5620000000000003 690.566037735849
3.5625 547.1698113207547
3.563 524.5283018867924
3.5635000000000003 675.4716981132076
3.564 705.6603773584906
3.5645000000000002 664.1509433962265
3.5650000000000004 615.0943396226415
3.5655 611.3207547169811
3.5660000000000003 550.9433962264151
3.5665 573.5849056603773
3.567 588.6792452830189
3.5675000000000003 656.6037735849056
3.568 626.4150943396227
3.5685000000000002 630.188679245283
3.5690000000000004 622.6415094339623
3.5695 596.2264150943396
3.5700000000000003 720.7547169811321
3.5705 607.5471698113207
3.571 588.6792452830189
3.5715000000000003 645.2830188679245
3.572 584.9056603773585
3.5725000000000002 607.5471698113207
3.5730000000000004 581.1320754716982
3.5735 766.0377358490566
3.5740000000000003 611.3207547169811
3.5745 558.4905660377359
3.575 520.7547169811321
3.5755000000000003 573.5849056603773
3.576 596.2264150943396
3.5765000000000002 475.47169811320754
3.5770000000000004 600.0
3.5775 596.2264150943396
3.5780000000000003 501.8867924528302
3.5785 607.5471698113207
3.579 475.47169811320754
3.5795000000000003 569.811320754717
3.58 588.6792452830189
3.5805000000000002 566.0377358490566
3.5810000000000004 615.0943396226415
3.5815 554.7169811320755
3.5820000000000003 532.0754716981132
3.5825 543.3962264150944
3.583 592.4528301886793
3.5835000000000004 535.8490566037735
3.584 622.6415094339623
3.5845000000000002 437.7358490566038
3.5850000000000004 490.5660377358491
3.5855 543.3962264150944
3.5860000000000003 516.9811320754717
3.5865 603.7735849056604
3.587 592.4528301886793
3.5875000000000004 569.811320754717
3.588 588.6792452830189
3.5885000000000002 509.4339622641509
3.5890000000000004 535.8490566037735
3.5895 509.4339622641509
3.5900000000000003 539.622641509434
3.5905 622.6415094339623
3.591 452.8301886792453
3.5915000000000004 494.33962264150944
3.592 645.2830188679245
3.5925000000000002 494.33962264150944
3.5930000000000004 554.7169811320755
3.5935 679.2452830188679
3.5940000000000003 547.1698113207547
3.5945 509.4339622641509
3.595 532.0754716981132
3.5955000000000004 596.2264150943396
3.596 558.4905660377359
3.5965000000000003 584.9056603773585
3.5970000000000004 445.2830188679245
3.5975 460.37735849056605
3.5980000000000003 566.0377358490566
3.5985 501.8867924528302
3.599 456.60377358490564
3.5995000000000004 569.811320754717
3.6 509.4339622641509
3.6005000000000003 569.811320754717
3.6010000000000004 505.66037735849056
3.6015 449.0566037735849
3.6020000000000003 547.1698113207547
3.6025 566.0377358490566
3.603 418.8679245283019
3.6035000000000004 520.7547169811321
3.604 418.8679245283019
3.6045000000000003 498.1132075471698
3.6050000000000004 479.24528301886795
3.6055 513.2075471698113
3.6060000000000003 569.811320754717
3.6065 558.4905660377359
3.607 388.6792452830189
3.6075000000000004 479.24528301886795
3.608 486.79245283018867
3.6085000000000003 509.4339622641509
3.6090000000000004 486.79245283018867
3.6095 622.6415094339623
3.6100000000000003 539.622641509434
3.6105 467.92452830188677
3.611 490.5660377358491
3.6115000000000004 539.622641509434
3.612 524.5283018867924
3.6125000000000003 596.2264150943396
3.6130000000000004 460.37735849056605
3.6135 475.47169811320754
3.6140000000000003 490.5660377358491
3.6145 400.0
3.615 539.622641509434
3.6155000000000004 498.1132075471698
3.616 430.188679245283
3.6165000000000003 505.66037735849056
3.6170000000000004 505.66037735849056
3.6175 501.8867924528302
3.6180000000000003 441.50943396226415
3.6185 505.66037735849056
3.619 456.60377358490564
3.6195000000000004 509.4339622641509
3.62 441.50943396226415
3.6205000000000003 562.2641509433962
3.6210000000000004 418.8679245283019
3.6215 437.7358490566038
3.6220000000000003 509.4339622641509
3.6225 498.1132075471698
3.623 452.8301886792453
3.6235000000000004 532.0754716981132
3.624 403.77358490566036
3.6245000000000003 449.0566037735849
3.6250000000000004 471.6981132075472
3.6255 554.7169811320755
3.6260000000000003 558.4905660377359
3.6265 388.6792452830189
3.6270000000000002 543.3962264150944
3.6275000000000004 483.0188679245283
3.628 509.4339622641509
3.6285000000000003 471.6981132075472
3.6290000000000004 415.0943396226415
3.6295 392.45283018867923
3.6300000000000003 452.8301886792453
3.6305 464.1509433962264
3.6310000000000002 539.622641509434
3.6315000000000004 475.47169811320754
3.632 422.64150943396226
3.6325000000000003 467.92452830188677
3.633 400.0
3.6335 486.79245283018867
3.6340000000000003 498.1132075471698
3.6345 388.6792452830189
3.6350000000000002 418.8679245283019
3.6355000000000004 441.50943396226415
3.636 516.9811320754717
3.6365000000000003 452.8301886792453
3.637 441.50943396226415
3.6375 479.24528301886795
3.6380000000000003 467.92452830188677
3.6385 460.37735849056605
3.6390000000000002 362.2641509433962
3.6395000000000004 411.3207547169811
3.64 449.0566037735849
3.6405000000000003 433.9622641509434
3.641 516.9811320754717
3.6415 415.0943396226415
3.6420000000000003 381.1320754716981
3.6425 400.0
3.6430000000000002 437.7358490566038
3.6435000000000004 445.2830188679245
3.644 396.22641509433964
3.6445000000000003 452.8301886792453
3.645 400.0
3.6455 426.41509433962267
3.6460000000000004 433.9622641509434
3.6465 452.8301886792453
3.6470000000000002 449.0566037735849
3.6475000000000004 422.64150943396226
3.648 445.2830188679245
3.6485000000000003 381.1320754716981
3.649 437.7358490566038
3.6495 449.0566037735849
3.6500000000000004 396.22641509433964
3.6505 388.6792452830189
3.6510000000000002 384.9056603773585
3.6515000000000004 456.60377358490564
3.652 430.188679245283
3.6525000000000003 407.54716981132077
3.653 475.47169811320754
3.6535 392.45283018867923
3.6540000000000004 460.37735849056605
3.6545 430.188679245283
3.6550000000000002 407.54716981132077
3.6555000000000004 464.1509433962264
3.656 464.1509433962264
3.6565000000000003 456.60377358490564
3.657 445.2830188679245
3.6575 452.8301886792453
3.6580000000000004 388.6792452830189
3.6585 418.8679245283019
3.6590000000000003 437.7358490566038
3.6595000000000004 358.49056603773585
3.66 324.52830188679246
3.6605000000000003 369.811320754717
3.661 396.22641509433964
3.6615 396.22641509433964
3.6620000000000004 354.7169811320755
3.6625 433.9622641509434
3.6630000000000003 407.54716981132077
3.6635000000000004 411.3207547169811
3.664 449.0566037735849
3.6645000000000003 471.6981132075472
3.665 483.0188679245283
3.6655 411.3207547169811
3.6660000000000004 433.9622641509434
3.6665 426.41509433962267
3.6670000000000003 441.50943396226415
3.6675000000000004 513.2075471698113
3.668 354.7169811320755
3.6685000000000003 426.41509433962267
3.669 373.58490566037733
3.6695 373.58490566037733
3.6700000000000004 373.58490566037733
3.6705 369.811320754717
3.6710000000000003 415.0943396226415
3.6715000000000004 366.0377358490566
3.672 418.8679245283019
3.6725000000000003 407.54716981132077
3.673 392.45283018867923
3.6735 460.37735849056605
3.6740000000000004 445.2830188679245
3.6745 384.9056603773585
3.6750000000000003 384.9056603773585
3.6755000000000004 433.9622641509434
3.676 396.22641509433964
3.6765000000000003 400.0
3.677 392.45283018867923
3.6775 381.1320754716981
3.6780000000000004 362.2641509433962
3.6785 411.3207547169811
3.6790000000000003 384.9056603773585
3.6795000000000004 403.77358490566036
3.68 388.6792452830189
3.6805000000000003 418.8679245283019
3.681 392.45283018867923
3.6815 441.50943396226415
3.6820000000000004 437.7358490566038
3.6825 381.1320754716981
3.6830000000000003 400.0
3.6835000000000004 418.8679245283019
3.684 433.9622641509434
3.6845000000000003 347.1698113207547
3.685 411.3207547169811
3.6855 467.92452830188677
3.6860000000000004 426.41509433962267
3.6865 366.0377358490566
3.6870000000000003 366.0377358490566
3.6875000000000004 377.35849056603774
3.688 479.24528301886795
3.6885000000000003 483.0188679245283
3.689 328.3018867924528
3.6895000000000002 384.9056603773585
3.6900000000000004 407.54716981132077
3.6905 388.6792452830189
3.6910000000000003 388.6792452830189
3.6915000000000004 486.79245283018867
3.692 464.1509433962264
3.6925000000000003 384.9056603773585
3.693 400.0
3.6935000000000002 369.811320754717
3.6940000000000004 350.9433962264151
3.6945 422.64150943396226
3.6950000000000003 366.0377358490566
3.6955000000000005 418.8679245283019
3.696 354.7169811320755
3.6965000000000003 418.8679245283019
3.697 392.45283018867923
3.6975000000000002 422.64150943396226
3.6980000000000004 373.58490566037733
3.6985 437.7358490566038
3.6990000000000003 388.6792452830189
3.6995 403.77358490566036
3.7 396.22641509433964
3.7005000000000003 407.54716981132077
3.701 369.811320754717
3.7015000000000002 422.64150943396226
3.7020000000000004 377.35849056603774
3.7025 316.9811320754717
3.7030000000000003 418.8679245283019
3.7035 452.8301886792453
3.704 396.22641509433964
3.7045000000000003 362.2641509433962
3.705 350.9433962264151
3.7055000000000002 313.20754716981133
3.7060000000000004 400.0
3.7065 422.64150943396226
3.7070000000000003 388.6792452830189
3.7075 403.77358490566036
3.708 479.24528301886795
3.7085000000000004 362.2641509433962
3.709 309.4339622641509
3.7095000000000002 422.64150943396226
3.7100000000000004 384.9056603773585
3.7105 400.0
3.7110000000000003 366.0377358490566
3.7115 396.22641509433964
3.712 396.22641509433964
3.7125000000000004 418.8679245283019
3.713 415.0943396226415
3.7135000000000002 475.47169811320754
3.7140000000000004 377.35849056603774
3.7145 392.45283018867923
3.7150000000000003 415.0943396226415
3.7155 452.8301886792453
3.716 411.3207547169811
3.7165000000000004 362.2641509433962
3.717 384.9056603773585
3.7175000000000002 366.0377358490566
3.7180000000000004 509.4339622641509
3.7185 343.39622641509436
3.7190000000000003 324.52830188679246
3.7195 388.6792452830189
3.72 358.49056603773585
3.7205000000000004 381.1320754716981
3.721 430.188679245283
3.7215000000000003 373.58490566037733
3.7220000000000004 343.39622641509436
3.7225 305.66037735849056
3.7230000000000003 358.49056603773585
3.7235 384.9056603773585
3.724 388.6792452830189
3.7245000000000004 411.3207547169811
3.725 396.22641509433964
3.7255000000000003 324.52830188679246
3.7260000000000004 377.35849056603774
3.7265 392.45283018867923
3.7270000000000003 377.35849056603774
3.7275 411.3207547169811
3.728 392.45283018867923
3.7285000000000004 339.62264150943395
3.729 332.07547169811323
3.7295000000000003 441.50943396226415
3.7300000000000004 400.0
3.7305 354.7169811320755
3.7310000000000003 456.60377358490564
3.7315 467.92452830188677
3.732 418.8679245283019
3.7325000000000004 403.77358490566036
3.733 426.41509433962267
3.7335000000000003 388.6792452830189
3.7340000000000004 373.58490566037733
3.7345 384.9056603773585
3.7350000000000003 400.0
3.7355 362.2641509433962
3.736 437.7358490566038
3.7365000000000004 388.6792452830189
3.737 433.9622641509434
3.7375000000000003 464.1509433962264
3.7380000000000004 332.07547169811323
3.7385 362.2641509433962
3.7390000000000003 449.0566037735849
3.7395 403.77358490566036
3.74 396.22641509433964
3.7405000000000004 452.8301886792453
3.741 418.8679245283019
3.7415000000000003 362.2641509433962
3.7420000000000004 335.8490566037736
3.7425 332.07547169811323
3.7430000000000003 441.50943396226415
3.7435 354.7169811320755
3.744 332.07547169811323
3.7445000000000004 339.62264150943395
3.745 377.35849056603774
3.7455000000000003 343.39622641509436
3.7460000000000004 350.9433962264151
3.7465 354.7169811320755
3.7470000000000003 384.9056603773585
3.7475 366.0377358490566
3.748 377.35849056603774
3.7485000000000004 426.41509433962267
3.749 426.41509433962267
3.7495000000000003 403.77358490566036
3.7500000000000004 464.1509433962264
3.7505 377.35849056603774
3.7510000000000003 475.47169811320754
3.7515 388.6792452830189
3.7520000000000002 377.35849056603774
3.7525000000000004 437.7358490566038
3.753 467.92452830188677
3.7535000000000003 279.24528301886795
3.7540000000000004 471.6981132075472
3.7545 309.4339622641509
3.7550000000000003 407.54716981132077
3.7555 369.811320754717
3.7560000000000002 411.3207547169811
3.7565000000000004 384.9056603773585
3.757 358.49056603773585
3.7575000000000003 381.1320754716981
3.7580000000000005 415.0943396226415
3.7585 362.2641509433962
3.7590000000000003 437.7358490566038
3.7595 377.35849056603774
3.7600000000000002 369.811320754717
3.7605000000000004 347.1698113207547
3.761 411.3207547169811
3.7615000000000003 369.811320754717
3.7620000000000005 358.49056603773585
3.7625 396.22641509433964
3.7630000000000003 464.1509433962264
3.7635 445.2830188679245
3.7640000000000002 369.811320754717
3.7645000000000004 358.49056603773585
3.765 396.22641509433964
3.7655000000000003 388.6792452830189
3.766 415.0943396226415
3.7665 407.54716981132077
3.7670000000000003 377.35849056603774
3.7675 403.77358490566036
3.7680000000000002 490.5660377358491
3.7685000000000004 400.0
3.769 388.6792452830189
3.7695000000000003 407.54716981132077
3.77 366.0377358490566
3.7705 441.50943396226415
3.7710000000000004 381.1320754716981
3.7715 388.6792452830189
3.7720000000000002 324.52830188679246
3.7725000000000004 396.22641509433964
3.773 403.77358490566036
3.7735000000000003 400.0
3.774 392.45283018867923
3.7745 388.6792452830189
3.7750000000000004 400.0
3.7755 422.64150943396226
3.7760000000000002 358.49056603773585
3.7765000000000004 316.9811320754717
3.777 388.6792452830189
3.7775000000000003 328.3018867924528
3.778 426.41509433962267
3.7785 350.9433962264151
3.7790000000000004 377.35849056603774
3.7795 362.2641509433962
3.7800000000000002 362.2641509433962
3.7805000000000004 400.0
3.781 384.9056603773585
3.7815000000000003 320.75471698113205
3.782 366.0377358490566
3.7825 400.0
3.7830000000000004 373.58490566037733
3.7835 283.0188679245283
3.7840000000000003 422.64150943396226
3.7845000000000004 460.37735849056605
3.785 430.188679245283
3.7855000000000003 384.9056603773585
3.786 384.9056603773585
3.7865 396.22641509433964
3.7870000000000004 403.77358490566036
3.7875 373.58490566037733
3.7880000000000003 347.1698113207547
3.7885000000000004 437.7358490566038
3.789 381.1320754716981
3.7895000000000003 358.49056603773585
3.79 426.41509433962267
3.7905 377.35849056603774
3.7910000000000004 366.0377358490566
3.7915 369.811320754717
3.7920000000000003 332.07547169811323
3.7925000000000004 362.2641509433962
3.793 373.58490566037733
3.7935000000000003 347.1698113207547
3.794 415.0943396226415
3.7945 347.1698113207547
3.7950000000000004 298.1132075471698
3.7955 490.5660377358491
3.7960000000000003 384.9056603773585
3.7965000000000004 445.2830188679245
3.797 301.8867924528302
3.7975000000000003 433.9622641509434
3.798 347.1698113207547
3.7985 396.22641509433964
3.7990000000000004 433.9622641509434
3.7995 392.45283018867923
3.8000000000000003 392.45283018867923