#Saved Data from the class pulsed_measurement_logic on 18.11.2022 at 16h39m30s.
#
#Parameters:
#===========
#
#bin width (s): 5.0000000000000001e-09
#record length (s): 8.6824999999999996e-05
#gated counting: False
#extraction parameters: {'conv_std_dev': 2.0, 'method': 'conv_deriv'}
#
#Data:
#=====
#Signal (counts)
2	19	11	35	13	38	21	15	39	17	34	13	40	14	33	17	30	18	43	9	41	12	13	41	27	36	19	15	13	35	22	11	30	21	17	43	20	47	16	33	21	36	12	36	21	46	12	25	36	15	32	17	45	19	53	13	47	16	38	18	40	11	38	17	50	18	34	8	15	31	13	40	20	45	25	12	44	23	39	11	35	3	17	40	13	36	7	17	34	9	33	8	18	53	9	34	6	20	49	11	48	22	43	11	35	7	16	33	12	43	16	34	13	33	9	15	46	10	29	6	20	40	9	27	8	23	30	8	43	21	36	14	35	10	22	44	13	33	8	17	16	33	5	10	44	13	5	17	16	36	5	23	34	10	38	9
4	16	17	173	11	169	18	9	165	17	145	16	172	19	151	14	159	25	161	12	193	31	11	144	19	164	17	13	18	158	16	11	168	19	12	148	31	163	19	173	19	179	12	174	20	160	8	16	182	17	172	24	168	14	164	19	191	10	179	17	144	12	153	14	186	14	176	15	12	182	18	163	9	166	11	14	167	21	153	10	181	3	14	156	11	156	5	21	181	22	169	7	21	154	15	164	4	18	132	20	167	18	167	14	155	2	28	177	12	167	21	161	12	150	4	19	145	11	154	7	18	182	14	160	5	24	177	17	162	27	149	13	154	4	20	174	14	170	2	23	10	164	4	16	179	13	7	18	15	163	8	17	160	21	162	3
20	37	35	129	38	151	36	39	167	34	142	40	131	33	149	30	132	43	173	41	134	40	41	176	36	149	33	48	35	146	66	30	133	44	43	138	47	147	33	161	36	158	36	126	46	136	43	36	159	32	159	45	147	53	134	47	138	38	138	40	157	38	156	50	145	34	180	33	31	151	40	159	45	166	41	44	156	39	160	35	145	23	40	157	36	136	6	34	138	33	141	11	53	122	34	147	21	49	151	48	141	43	133	35	150	16	33	152	43	135	34	157	33	148	14	46	154	29	166	11	40	147	27	134	23	30	153	43	137	36	155	35	166	10	44	118	33	124	16	51	33	133	19	44	124	35	11	47	36	146	11	34	164	38	158	19
78	179	173	126	169	123	178	165	146	145	144	172	150	151	166	159	141	161	115	193	130	157	144	134	164	142	172	173	158	148	177	168	131	165	148	142	163	162	173	142	179	131	174	146	160	121	193	182	141	172	157	168	132	164	137	191	141	179	148	144	131	153	144	186	144	176	136	197	182	136	163	135	166	135	173	167	149	153	124	181	128	64	156	134	156	158	70	181	127	169	146	77	154	129	164	130	68	132	122	167	146	167	133	155	147	61	177	138	167	137	161	144	150	142	64	145	133	154	145	66	182	135	160	128	69	177	152	162	119	149	149	154	146	61	174	125	170	134	92	164	164	145	70	179	156	170	79	158	163	125	70	160	149	162	133	83
91	137	129	131	151	124	134	167	136	142	150	131	134	149	119	132	127	173	127	134	130	160	176	132	149	156	155	132	146	137	149	133	138	145	138	131	147	105	161	135	158	117	126	148	136	129	151	159	116	159	120	147	119	134	126	138	116	138	135	157	129	156	118	145	122	180	133	138	151	133	159	106	166	121	145	156	138	160	120	145	112	48	157	135	136	123	74	138	143	141	134	55	122	135	147	144	65	151	137	141	122	133	117	150	119	72	152	133	135	126	157	135	148	131	63	154	119	166	130	73	147	131	134	126	55	153	125	137	136	155	127	166	118	74	118	124	124	116	66	137	133	140	65	124	120	166	78	170	146	127	53	164	117	158	112	58
84	156	126	109	123	114	133	146	110	144	115	150	121	166	114	141	123	115	114	130	125	141	134	114	142	104	140	140	148	130	130	131	136	107	142	101	162	108	142	125	131	128	146	119	121	108	125	141	123	157	114	132	135	137	113	141	129	148	115	131	105	144	109	144	124	136	129	134	136	131	135	119	135	123	163	149	121	124	132	128	103	61	134	100	158	117	61	127	108	146	138	55	129	104	130	119	82	122	124	146	119	133	148	147	116	46	138	114	137	120	144	135	142	126	58	133	124	145	111	52	135	116	128	113	59	152	105	119	121	149	124	146	109	68	125	128	134	115	57	134	145	109	79	156	109	144	54	127	125	132	52	149	115	133	130	72
83	120	131	114	124	121	105	136	119	150	101	134	124	119	113	127	108	127	97	130	119	132	132	120	156	116	113	97	137	96	107	138	126	110	131	97	105	118	135	122	117	102	148	126	129	109	141	116	101	120	95	119	113	126	118	116	115	135	98	129	125	118	114	122	109	133	106	121	133	109	106	112	121	125	103	138	123	120	117	112	117	48	135	98	123	98	58	143	104	134	122	46	135	113	144	108	57	137	92	122	112	117	101	119	121	47	133	125	126	114	135	91	131	110	65	119	106	130	121	48	131	120	126	94	62	125	132	136	111	127	125	118	121	66	124	113	116	107	51	135	140	120	54	120	106	137	56	137	127	122	73	117	116	112	127	52
55	96	109	99	114	105	109	110	105	115	114	121	121	114	93	123	112	114	118	125	107	112	114	102	104	125	115	111	130	92	123	136	115	120	101	105	108	108	125	104	128	107	119	111	108	112	111	123	91	114	102	135	96	113	90	129	102	115	89	105	103	109	115	124	96	129	115	108	131	89	119	73	123	107	97	121	112	132	99	103	111	49	100	113	117	100	48	108	85	138	103	39	104	96	119	92	48	124	95	119	115	148	89	116	112	40	114	103	120	100	135	106	126	112	41	124	90	111	103	55	116	106	113	126	51	105	104	121	87	124	104	109	107	62	128	110	115	91	55	106	109	103	57	109	88	131	50	110	132	94	48	115	97	130	112	64
55	112	114	101	121	98	98	119	91	101	91	124	103	113	92	108	108	97	79	119	106	91	120	101	116	83	101	93	96	101	122	126	110	86	97	91	118	101	122	97	102	88	126	97	109	86	98	101	107	95	98	113	103	118	83	115	103	98	96	125	95	114	110	109	100	106	100	100	109	82	112	96	125	106	106	123	88	117	107	117	107	48	98	83	98	106	52	104	111	122	104	41	113	81	108	97	46	92	83	112	101	101	101	121	111	45	125	86	114	102	91	85	110	87	58	106	75	121	117	37	120	102	94	90	49	132	92	111	95	125	93	121	100	39	113	96	107	93	49	89	120	99	41	106	102	98	54	100	122	96	59	116	86	127	98	57
