#Saved Data from the class pulsed_measurement_logic on 18.11.2022 at 16h53m27s.
#
#Parameters:
#===========
#
#bin width (s): 5.0000000000000001e-09
#record length (s): 8.6824999999999996e-05
#gated counting: False
#extraction parameters: {'conv_std_dev': 2.0, 'method': 'conv_deriv'}
#
#Data:
#=====
#Signal (counts)
6	12	12	9	24	21	33	13	24	22	44	5	20	47	7	22	10	43	14	21	26	13	33	20	12	30	20	35	9	14	34	18	14	32	19	30	1	17	15	20	11	26	13	28	18	32	6	19	33	8	28	25	33	14	28	18	36	9	4	21	36	10	20	18	33	9	30	9	13	39	13	31	8	18	30	10	27	3	15	29	14	31	6	10	13	28	4	11	35	18	29	5	14	17	19	7	14	42	14	17	7	15	13	21	3	12	12	4	18	36	10	5	16	29	9	25	4	19	36	9	10	9	13	8	16	10	17	3	23	33	11	24	6	16	12	22	12	20	34	14	21	9	12	40	10	5	22	47	16	29	3	18	33	10	32	11
4	11	17	14	111	23	122	8	100	18	121	13	15	130	21	96	17	150	14	23	125	14	93	17	15	92	13	120	14	14	125	11	9	133	14	104	9	12	10	15	7	115	24	127	11	86	5	13	149	10	104	20	113	12	98	21	126	8	6	20	126	8	94	8	143	16	104	3	14	123	10	108	5	14	124	13	93	8	20	122	12	105	9	30	18	108	5	20	139	13	108	8	23	12	78	11	15	132	13	102	4	19	14	88	11	18	19	6	26	125	21	4	16	135	16	96	6	24	131	21	7	21	16	6	17	9	108	6	11	122	9	90	6	23	10	80	9	17	106	8	97	9	21	125	15	5	16	115	8	117	5	12	133	10	105	5
19	26	50	24	96	33	106	24	81	44	103	37	47	89	22	92	43	108	29	26	114	33	70	49	30	85	35	94	34	34	92	30	32	97	30	63	11	31	21	35	26	79	28	90	32	78	12	33	96	28	81	33	92	28	84	36	95	40	8	36	98	20	84	33	102	30	81	12	39	88	31	72	13	30	92	27	84	34	29	101	31	82	13	36	28	86	14	35	106	29	80	10	36	19	93	8	42	98	17	75	16	30	21	93	11	37	22	7	36	88	38	21	29	102	25	65	13	36	101	31	12	35	22	17	37	17	82	14	33	106	24	85	8	30	22	85	8	34	113	21	85	14	40	83	32	10	47	92	29	79	6	33	102	32	74	12
57	123	128	111	71	122	112	100	68	121	87	91	130	78	96	79	150	89	100	125	91	93	75	130	92	62	120	80	103	125	95	113	133	94	104	85	37	125	115	123	115	60	127	86	86	73	43	149	101	104	76	113	82	98	85	126	89	106	46	126	113	94	83	143	104	104	67	41	123	103	108	89	45	124	88	93	73	39	122	96	105	70	27	129	108	81	43	139	111	108	60	50	147	78	83	47	132	88	102	73	44	143	88	76	45	130	96	45	125	82	99	47	135	75	96	79	53	131	100	102	51	126	98	57	126	108	83	48	122	80	90	79	41	136	80	72	49	106	80	97	70	64	125	99	101	49	115	83	117	72	55	133	104	105	85	52
51	90	124	96	73	106	89	81	71	103	99	105	89	89	92	76	108	80	100	114	84	70	79	102	85	79	94	98	88	92	78	80	97	92	63	82	31	106	104	105	79	68	90	89	78	71	38	96	97	81	62	92	81	84	73	95	85	76	41	98	104	84	53	102	86	81	70	36	88	90	72	66	42	92	88	84	75	37	101	80	82	73	41	91	86	72	40	106	96	80	90	50	100	93	86	51	98	89	75	75	46	99	93	69	34	110	97	45	88	77	75	43	102	91	65	63	36	101	100	96	48	116	69	45	95	82	64	41	106	71	85	78	54	111	85	67	60	113	82	85	85	40	83	86	86	50	92	96	79	73	47	102	87	74	73	45
43	82	99	71	73	112	85	68	83	87	74	82	78	81	79	70	89	85	74	91	84	75	68	103	62	68	80	85	89	95	86	66	94	80	85	81	37	88	77	81	60	67	86	82	73	66	31	101	83	76	71	82	84	85	72	89	83	86	39	113	88	83	66	104	85	67	73	32	103	64	89	61	42	88	73	73	72	39	96	82	70	76	41	83	81	52	28	111	78	60	50	47	110	83	72	36	88	87	73	70	39	98	76	64	37	103	83	42	82	86	53	39	75	89	79	59	36	100	84	81	41	80	74	38	88	83	57	51	80	94	79	82	41	89	72	64	41	80	81	70	66	47	99	94	74	39	83	96	72	64	47	104	72	85	81	38
46	79	84	73	64	89	80	71	72	99	93	66	89	77	76	72	80	76	78	84	85	79	75	81	79	56	98	63	78	78	93	75	92	72	82	68	35	93	88	78	68	69	89	70	71	65	19	97	78	62	63	81	65	73	61	85	71	67	44	104	69	53	69	86	81	70	72	38	90	76	66	59	29	88	73	75	73	35	80	71	73	63	38	80	72	85	40	96	79	90	75	39	84	86	57	36	89	66	75	60	30	78	69	81	36	88	57	39	77	65	77	36	91	78	63	60	30	100	75	65	34	90	58	33	100	64	67	42	71	65	78	64	40	90	67	58	33	82	93	85	62	46	86	78	65	45	96	73	73	68	38	87	85	73	75	41
38	74	94	73	59	85	85	83	79	74	75	73	81	67	70	59	85	85	70	84	73	68	59	75	68	60	85	79	71	86	75	67	80	64	81	74	27	76	57	79	67	71	82	64	66	62	45	83	86	71	67	84	62	72	50	83	66	67	30	88	58	66	69	85	63	73	58	22	64	81	61	87	35	73	81	72	57	37	82	63	76	49	36	69	52	58	35	78	80	50	49	31	90	72	53	40	87	56	70	59	41	75	64	61	36	66	68	41	86	72	66	30	89	67	59	63	29	84	68	67	32	84	67	32	71	57	63	30	94	69	82	66	43	78	64	68	44	81	78	66	74	36	94	73	64	36	96	73	64	57	31	72	69	81	70	29
39	68	67	64	57	80	64	72	67	93	74	59	77	60	72	59	76	60	69	85	67	75	69	72	56	68	63	77	60	93	68	57	72	59	68	54	30	65	74	79	69	75	70	66	65	62	21	78	63	63	54	65	66	61	64	71	59	62	22	69	66	69	61	81	61	72	59	20	76	60	59	69	41	73	68	73	65	30	71	59	63	66	18	70	85	56	34	79	57	75	61	38	62	57	62	34	66	67	60	58	31	72	81	61	37	61	70	24	65	67	66	39	78	59	60	68	35	75	69	54	38	66	48	35	73	67	63	44	65	57	64	47	36	66	58	73	43	93	64	62	56	30	78	59	44	38	73	61	68	58	26	85	61	75	53	36
39	60	47	59	50	85	65	79	51	75	51	62	67	54	59	71	85	57	56	73	58	59	47	83	60	64	79	58	68	75	62	58	64	70	74	53	26	73	70	71	71	57	64	60	62	49	36	86	54	67	55	62	62	50	55	66	54	69	39	58	65	69	64	63	67	58	58	28	81	62	87	67	26	81	65	57	81	30	63	53	49	60	33	68	58	67	26	80	63	49	44	33	71	53	74	41	56	63	59	49	31	79	61	60	28	68	53	33	72	49	59	27	67	60	63	63	32	68	69	63	36	61	49	39	80	63	63	36	69	60	66	72	38	76	68	50	32	78	56	74	62	34	73	67	85	40	73	72	57	50	44	69	60	70	50	30
35	54	49	57	51	64	56	67	54	74	51	60	60	64	59	54	60	64	62	67	56	69	54	69	68	57	77	66	41	68	68	53	59	59	54	64	36	53	55	71	75	60	66	67	62	62	37	63	62	54	49	66	50	64	54	59	72	56	29	66	71	61	67	61	51	59	64	28	60	59	69	62	34	68	63	65	68	31	59	65	66	49	31	63	56	63	33	57	57	61	41	30	58	62	45	35	67	52	58	58	29	53	61	56	20	64	54	27	67	53	45	30	59	65	68	68	31	69	57	69	33	82	74	45	63	63	43	30	57	63	47	51	43	75	73	45	35	64	50	56	61	38	59	60	54	32	61	62	58	54	44	61	55	53	65	28
47	57	64	50	56	65	56	51	63	51	51	65	54	49	71	55	57	58	74	58	44	47	56	59	64	70	58	63	67	62	57	55	70	53	53	45	28	79	61	64	57	65	60	60	49	49	21	54	61	55	59	62	55	55	47	54	57	63	36	65	59	64	65	67	44	58	67	31	62	56	67	43	27	65	48	81	55	30	53	56	60	63	23	51	67	75	25	63	60	44	63	37	71	74	46	33	63	52	49	52	25	63	60	55	48	56	65	30	49	42	53	29	60	52	63	69	35	69	62	61	34	82	57	41	68	63	56	35	60	54	72	57	34	67	50	57	37	56	58	62	57	28	67	53	51	34	72	50	50	54	34	60	66	50	61	32
25	62	58	51	48	56	51	54	54	51	59	47	64	57	54	57	64	51	56	56	45	54	45	53	57	44	66	48	68	68	57	48	59	42	64	53	26	58	51	54	60	41	67	53	62	41	28	62	51	49	38	50	74	54	42	72	75	54	32	71	55	67	48	51	47	64	47	32	59	51	62	50	27	63	59	68	55	28	65	55	49	56	21	52	63	58	31	57	49	41	39	27	49	45	48	27	52	48	58	55	33	57	56	60	30	55	62	27	53	46	71	31	65	52	68	55	21	57	49	58	21	63	56	29	54	43	51	28	63	72	51	68	28	54	45	54	31	50	48	61	53	42	60	50	56	27	62	48	54	58	44	55	57	65	46	34
39	79	56	56	49	56	58	63	60	51	47	44	49	48	55	44	58	40	47	44	54	56	49	50	70	52	63	50	65	57	43	52	53	44	45	57	23	64	60	55	65	43	60	48	49	59	36	61	45	59	50	55	43	47	49	57	55	46	17	59	60	65	50	44	61	67	66	31	56	50	43	53	34	48	52	55	47	37	56	49	63	40	29	58	75	40	27	60	40	63	53	36	55	46	53	29	52	61	52	48	39	52	55	59	27	57	60	32	42	56	52	31	52	49	69	48	30	62	43	62	34	33	57	28	49	56	54	31	54	45	57	65	32	59	57	46	36	58	44	57	56	29	53	55	61	27	50	46	54	50	39	66	51	61	52	33
28	50	46	48	37	51	44	54	50	59	40	54	57	40	57	57	51	38	52	45	41	45	46	46	44	51	48	57	45	57	56	59	42	54	53	48	20	58	48	52	41	48	53	47	41	37	22	51	53	38	45	74	54	42	47	75	46	51	23	55	59	48	42	47	44	47	52	33	51	31	50	58	37	59	35	55	52	21	55	49	56	51	30	53	58	38	26	49	40	39	52	22	62	48	45	23	48	46	55	52	30	59	60	47	22	64	46	37	46	40	53	36	52	34	55	48	25	49	44	66	29	53	41	27	50	51	39	33	72	52	68	53	34	61	54	40	24	48	57	53	51	31	50	44	56	24	48	47	58	47	32	57	50	46	36	29
37	59	55	49	39	58	43	60	49	47	44	47	48	54	44	41	40	58	43	54	47	49	45	55	52	46	50	45	48	43	44	38	44	38	57	48	19	53	51	50	43	46	48	42	59	41	21	45	39	50	48	43	42	49	44	55	47	52	24	60	50	50	41	61	49	66	57	31	50	52	53	55	26	52	40	47	46	28	49	43	40	63	23	59	40	49	42	40	46	53	46	25	62	53	47	23	61	53	48	41	30	55	59	39	22	51	43	31	56	51	59	37	49	42	48	43	30	43	41	53	30	44	56	30	49	54	44	21	45	54	65	49	31	43	46	45	26	44	45	56	39	29	55	48	53	45	46	33	50	45	32	51	44	52	54	42
31	49	33	37	37	44	45	50	42	40	36	46	40	63	57	43	38	31	54	41	39	46	37	46	51	59	57	46	47	56	45	39	54	39	48	44	21	54	48	48	48	35	47	47	37	41	26	53	57	45	35	54	41	47	41	46	46	52	25	59	37	42	49	44	46	52	38	34	31	48	58	42	19	35	36	52	36	26	49	46	51	48	32	54	38	51	25	40	35	52	36	27	42	45	41	27	46	52	52	35	40	40	47	50	36	51	45	22	40	48	39	20	34	32	48	51	37	44	45	55	23	49	43	22	35	39	46	21	52	39	53	56	27	48	40	38	30	57	41	51	53	22	44	36	37	31	47	46	47	39	33	50	37	36	43	38
35	45	49	39	33	43	45	49	44	44	42	53	54	42	41	42	58	36	56	47	38	45	37	47	46	44	45	38	53	44	40	43	38	40	48	42	25	45	52	42	46	42	42	52	41	54	32	39	40	48	38	42	47	44	31	47	28	44	18	50	37	41	32	49	38	57	54	19	52	45	55	41	34	40	42	46	41	31	43	31	63	51	26	31	49	50	27	46	40	46	46	32	45	47	46	24	53	25	41	49	31	50	39	40	22	44	49	34	51	37	47	23	42	46	43	39	21	41	27	45	30	51	39	32	46	44	43	36	54	31	49	51	22	30	45	38	29	45	38	39	48	34	48	36	49	24	33	39	45	46	33	44	43	54	44	31
24	49	35	37	49	45	28	42	35	36	36	42	63	42	43	47	31	44	50	39	28	37	33	33	59	42	46	39	46	45	42	37	39	41	44	47	16	35	52	37	35	31	47	31	41	38	19	57	39	35	70	41	42	41	46	46	33	38	16	37	44	49	48	46	50	38	39	20	48	44	42	49	34	36	41	36	44	29	46	34	48	41	27	51	51	44	21	35	42	36	41	25	46	41	43	23	52	36	35	42	19	49	50	41	23	36	45	31	48	47	53	24	32	46	51	46	26	45	38	52	25	42	41	21	45	46	47	30	39	35	56	45	23	55	38	37	31	41	44	53	46	33	36	45	42	22	46	46	39	44	39	37	40	43	43	31
22	54	47	33	52	45	39	44	41	42	37	39	42	39	42	34	36	40	32	38	34	37	32	52	44	32	38	35	52	40	44	37	40	36	42	52	17	32	45	42	42	47	52	53	54	47	27	40	43	38	41	47	37	31	31	28	39	41	21	37	45	32	40	38	33	54	49	16	45	33	41	37	23	42	30	41	37	24	31	33	51	43	22	40	50	37	25	40	43	46	50	19	48	46	43	28	25	35	49	35	26	47	40	43	34	44	56	28	37	32	31	18	46	38	39	54	24	27	29	43	33	52	34	30	37	43	47	33	31	32	51	43	24	53	38	45	28	38	33	48	44	30	36	42	37	28	39	41	46	47	40	43	31	44	44	32
29	33	35	49	33	28	26	35	37	36	38	37	42	34	47	45	44	39	39	28	39	33	41	30	42	39	39	40	45	42	34	53	41	28	47	42	27	43	41	54	31	47	31	31	38	40	34	39	33	70	40	42	30	46	33	33	28	39	27	44	37	48	54	50	20	39	33	22	44	35	49	27	28	41	47	44	31	31	34	36	41	44	23	50	44	36	28	42	30	41	32	32	35	43	43	23	36	24	42	47	17	47	41	60	26	47	40	34	47	38	44	19	46	43	46	37	33	38	42	40	21	34	49	23	39	47	45	21	35	36	45	32	28	38	37	39	32	44	48	46	53	31	45	34	38	30	46	46	44	39	28	40	35	43	40	22
18	36	42	52	37	39	34	41	43	37	24	37	39	35	34	36	40	29	36	34	35	32	43	39	32	33	35	23	50	44	29	34	36	26	52	42	28	39	50	46	47	44	53	42	47	48	21	43	28	41	43	37	38	31	37	39	32	40	21	45	26	40	38	33	37	49	36	28	33	39	37	35	20	30	34	37	43	30	33	30	43	36	27	44	37	30	22	43	26	50	41	23	40	43	46	25	35	32	35	34	22	34	43	39	18	52	50	23	32	35	42	18	38	40	54	42	32	29	36	50	19	42	38	30	34	47	37	27	32	42	43	38	23	40	45	36	29	33	23	44	37	28	42	37	45	19	41	30	47	49	34	31	33	44	39	25
23	37	39	33	39	26	32	37	40	38	34	34	34	41	45	46	39	37	35	39	24	41	34	27	39	35	40	33	48	34	37	34	28	39	42	39	22	26	48	26	47	38	31	27	40	39	21	33	30	40	40	30	31	33	44	28	38	41	21	37	32	54	35	20	23	33	32	25	35	27	27	39	31	47	34	31	36	32	36	24	44	32	28	40	36	32	22	30	37	32	47	28	39	43	34	25	24	27	47	33	14	37	60	30	25	35	33	27	38	28	44	25	43	28	37	36	34	42	32	35	25	32	40	17	30	45	33	28	36	34	32	34	26	34	39	33	15	48	32	53	45	31	34	36	38	23	46	37	39	41	33	35	37	40	40	27
26	34	31	37	33	34	38	43	29	24	27	33	35	31	36	39	29	26	39	35	31	43	40	32	33	41	23	36	40	29	34	37	26	30	42	35	16	33	44	37	44	27	42	33	48	42	30	28	26	43	36	38	37	37	34	32	19	37	18	26	30	38	44	37	40	36	23	19	39	27	35	39	34	34	33	43	24	23	30	26	36	26	18	39	30	28	23	26	34	41	37	19	45	46	36	21	32	38	34	23	20	39	39	43	24	27	44	22	35	34	34	20	40	41	42	32	14	36	24	41	27	33	54	27	36	37	31	21	42	25	38	28	21	25	36	38	28	23	40	37	25	25	37	36	45	29	30	34	49	33	26	33	34	39	23	27
18	40	29	39	36	32	35	40	47	34	28	32	41	40	46	32	37	22	30	24	18	34	39	31	35	31	33	30	40	37	25	43	39	30	39	31	33	31	44	36	38	47	27	24	39	25	22	30	31	40	39	31	32	44	37	38	28	36	23	32	23	35	42	23	32	32	33	21	27	36	39	32	18	34	41	36	30	21	24	26	32	38	29	30	32	40	19	37	27	47	36	27	28	34	30	19	27	26	33	38	15	34	30	32	28	31	43	23	28	22	28	29	28	18	36	48	30	32	30	27	23	39	39	18	23	33	27	16	34	26	34	38	35	23	33	37	33	32	37	45	31	29	36	28	26	19	37	40	41	47	24	37	28	40	34	38
22	37	22	33	34	38	16	29	35	27	22	37	31	27	39	30	26	19	52	31	37	40	26	31	41	40	36	27	37	34	30	30	30	39	35	40	15	29	34	34	27	34	33	27	42	39	22	26	24	36	34	37	31	34	35	19	43	47	21	30	25	44	32	40	39	23	31	24	27	25	39	37	23	33	36	24	38	23	26	26	26	27	26	41	28	38	18	34	25	37	35	24	30	36	42	23	38	30	23	44	21	24	43	38	33	31	38	19	34	28	40	21	41	17	32	29	27	24	29	34	26	30	41	25	32	31	34	26	25	22	28	25	24	41	38	44	30	40	27	25	29	30	36	32	27	28	34	24	33	31	12	34	30	23	37	21
21	37	31	36	32	35	26	47	32	28	29	48	40	27	32	40	22	28	37	18	27	39	41	33	31	23	30	21	28	25	25	26	30	33	31	37	23	38	40	29	47	30	24	34	25	41	17	31	26	39	33	32	21	37	30	28	16	35	25	23	24	42	35	32	28	33	32	21	36	30	32	25	16	41	24	30	40	26	26	29	38	42	10	35	40	43	23	27	22	36	30	20	31	30	34	19	26	30	38	44	21	18	32	27	26	28	25	27	22	24	36	29	18	22	48	33	20	30	22	38	32	31	44	22	29	27	31	28	26	25	38	27	15	20	37	32	18	37	30	31	46	23	28	33	44	23	40	20	47	36	26	28	21	34	36	23
17	29	28	34	38	16	25	35	31	22	29	37	27	22	30	38	19	23	35	37	22	26	28	26	40	33	27	24	40	30	31	34	39	20	40	33	27	19	31	23	34	21	27	19	39	26	21	24	27	34	29	31	35	35	34	43	31	35	16	25	27	32	25	39	31	31	42	22	25	30	37	39	22	36	26	38	24	20	26	29	27	41	22	22	38	34	22	25	33	35	34	21	26	42	21	32	30	22	44	24	23	22	38	37	24	22	36	16	28	29	36	19	17	22	29	20	23	29	22	35	17	22	39	26	20	34	24	22	22	30	25	27	25	29	44	26	27	27	27	29	31	23	32	20	39	33	24	28	31	32	26	30	31	37	32	22
18	34	34	32	32	26	24	32	24	29	24	40	27	23	40	32	28	28	43	27	26	41	45	28	23	23	21	27	24	25	35	30	33	29	37	24	19	36	53	32	30	15	34	25	41	40	15	26	26	33	34	21	18	30	37	16	28	29	23	24	27	35	40	28	24	32	38	20	30	21	25	32	30	24	31	40	33	29	29	22	42	29	19	32	43	36	23	22	30	30	34	29	19	34	21	14	30	22	44	27	22	33	27	39	21	27	24	16	24	32	37	27	22	28	33	28	19	22	26	39	20	28	27	24	22	31	29	20	25	31	27	31	21	21	32	33	21	30	21	46	31	21	33	31	34	17	20	25	36	29	29	21	24	36	39	27
13	42	24	38	19	25	38	31	34	29	21	43	22	22	38	32	23	18	30	22	25	28	35	25	33	46	24	18	27	31	27	32	20	15	33	27	26	26	30	22	21	25	19	32	26	31	17	27	19	29	23	35	27	34	27	31	19	42	13	27	25	25	33	31	39	42	34	23	30	23	39	39	19	26	24	24	35	24	29	19	41	38	20	20	34	33	27	33	26	34	27	16	15	21	29	19	22	23	24	28	25	21	37	38	18	19	40	21	29	28	30	31	22	28	20	31	22	22	29	34	23	24	35	18	24	24	44	27	30	26	27	32	22	20	26	37	25	27	28	31	24	29	20	10	42	24	28	26	32	22	16	31	19	32	24	22
19	40	32	32	30	24	28	24	29	24	21	36	23	20	32	28	28	27	32	26	27	45	32	24	23	28	27	26	35	35	22	30	29	20	24	28	24	33	29	19	15	29	25	26	40	31	20	26	25	34	24	18	20	37	32	28	23	33	17	27	18	40	26	24	21	38	29	17	21	18	32	23	22	31	25	33	23	27	22	18	29	36	18	29	36	31	20	30	21	34	22	24	23	21	38	20	22	22	27	23	24	31	39	27	19	18	33	20	32	21	32	23	28	21	28	26	17	26	21	33	14	18	34	21	20	29	23	14	31	22	31	32	19	26	33	42	25	21	30	31	23	22	31	23	42	21	25	14	29	29	20	24	21	39	25	23
20	35	17	19	25	38	20	34	18	21	23	25	22	23	32	24	18	29	33	25	26	35	36	21	46	33	18	18	21	27	21	24	15	13	27	23	24	21	30	19	25	38	32	19	31	32	16	19	9	23	30	27	28	27	24	19	24	26	12	25	25	33	28	39	21	34	33	14	23	32	39	29	20	24	17	35	23	19	19	25	38	33	18	21	33	24	23	26	24	27	32	33	28	29	22	27	23	20	28	30	20	36	38	30	23	15	28	21	28	22	24	26	28	27	31	31	19	29	14	32	23	21	29	25	24	44	43	21	26	15	32	32	19	28	37	30	21	28	22	24	34	20	10	23	39	35	26	22	22	30	16	19	23	24	33	32
20	29	18	30	32	28	25	29	30	21	22	22	20	24	28	24	27	19	31	27	23	32	22	21	28	24	26	21	36	22	22	33	20	22	28	32	16	16	39	31	29	33	26	15	31	32	18	25	22	24	27	20	20	32	37	23	22	33	20	18	17	26	29	21	18	29	22	21	18	19	23	29	19	25	23	23	23	18	18	30	36	23	13	26	31	39	23	21	15	22	32	25	28	38	27	21	22	33	23	28	29	27	27	25	14	24	34	14	21	24	25	20	21	33	26	21	19	21	17	22	23	22	36	25	25	23	39	20	22	18	32	22	21	19	42	26	26	30	24	23	38	24	23	18	35	18	14	19	29	31	26	21	22	25	25	27
18	28	26	25	30	20	25	18	26	23	24	28	23	18	24	30	29	27	35	26	18	36	37	26	33	24	18	19	36	21	20	40	13	17	23	28	24	23	20	36	38	19	19	16	32	31	26	9	17	30	20	28	19	24	31	24	15	35	13	25	19	28	37	21	22	33	27	23	32	16	29	32	15	17	11	23	33	21	25	18	33	20	18	27	24	27	28	24	24	32	27	22	26	22	33	14	20	20	30	27	21	21	30	29	22	17	31	24	22	17	29	19	27	22	31	26	25	14	23	44	20	19	26	19	20	43	22	25	15	35	32	33	22	20	30	24	26	22	25	34	22	11	23	18	35	18	22	24	30	27	22	23	18	33	35	30
13	22	19	32	26	25	13	30	27	22	9	24	24	18	24	29	19	17	28	23	16	22	23	22	24	35	21	21	22	22	17	24	22	27	32	23	24	32	31	16	33	34	15	20	32	29	12	22	29	27	42	20	18	37	24	22	21	32	16	17	20	29	27	18	18	22	23	19	19	13	29	33	20	23	26	23	28	22	30	19	23	35	21	14	39	21	27	15	13	32	20	21	24	27	29	14	33	13	28	29	20	15	25	25	21	27	39	17	24	23	29	17	33	20	21	32	17	17	26	28	19	17	27	20	34	39	33	15	18	22	22	29	22	24	26	19	24	24	15	38	38	18	18	22	42	17	19	23	31	17	25	22	22	25	25	20
12	22	11	30	37	25	21	26	22	24	17	28	18	19	30	35	27	20	25	18	24	37	28	19	24	26	19	17	30	20	28	26	17	25	28	29	20	19	31	21	19	20	16	26	31	31	17	17	20	20	28	19	21	31	20	15	18	20	22	19	21	37	22	22	22	27	33	21	16	26	32	31	23	11	26	33	35	23	18	16	20	25	14	27	27	22	23	24	35	27	24	24	16	33	24	18	20	24	27	23	17	23	29	32	25	15	33	20	17	22	28	21	22	30	26	33	17	23	24	25	17	14	32	26	24	22	23	16	35	21	33	19	24	29	24	25	22	25	27	22	35	20	18	15	35	26	24	24	27	23	22	18	18	35	25	30
12	31	15	26	24	13	20	27	29	9	24	24	18	17	29	26	17	23	30	16	19	23	27	26	35	20	21	24	35	17	9	30	27	14	23	31	23	24	38	14	34	33	20	13	29	27	18	29	25	42	28	18	25	24	29	21	19	19	24	20	29	27	22	18	23	23	23	23	13	18	33	31	18	26	15	28	22	19	19	16	35	25	21	18	21	22	14	13	17	20	34	29	25	29	31	15	13	17	29	28	24	19	25	28	18	16	27	16	23	14	27	18	20	24	32	30	14	26	22	20	27	17	29	21	21	33	30	14	22	23	29	19	27	19	19	32	21	15	13	38	30	30	22	16	28	21	23	20	17	31	24	22	20	25	25	11
12	27	15	37	24	21	8	22	26	17	22	20	19	24	35	29	20	12	30	24	18	28	31	19	26	28	17	22	27	28	11	36	25	29	29	21	11	19	24	14	20	22	26	14	31	26	16	20	19	28	23	21	17	20	27	18	30	30	17	21	18	22	21	22	18	33	28	20	26	15	31	18	18	26	23	35	30	17	16	23	25	30	26	20	22	35	21	35	18	24	25	26	27	24	28	26	24	19	23	26	24	19	32	26	24	24	21	23	22	19	30	21	30	13	33	23	17	24	18	22	21	18	27	19	20	23	24	22	21	20	19	26	22	23	25	25	29	27	19	35	26	18	15	23	21	27	24	20	23	36	26	18	17	25	28	20
10	17	32	24	29	20	21	29	22	24	22	37	17	18	26	28	23	17	35	19	26	27	31	23	20	15	24	19	26	9	17	31	14	20	31	20	20	17	28	18	33	31	13	23	27	34	15	25	18	28	28	25	22	29	27	19	13	21	23	29	17	22	23	23	19	23	21	23	18	21	31	22	21	15	20	22	17	23	16	15	25	25	19	14	22	26	21	17	26	34	23	23	15	31	28	27	17	21	28	35	18	16	28	24	16	18	27	23	14	16	34	25	24	13	30	30	14	22	16	15	21	24	27	21	25	30	23	22	23	25	19	20	21	18	32	17	13	13	14	30	21	22	16	20	29	19	20	29	31	28	18	20	13	25	20	18
9	33	13	24	25	8	18	26	21	22	27	23	24	19	29	31	12	16	33	18	19	31	20	18	28	27	22	13	28	11	21	19	29	18	21	34	16	22	29	23	22	29	14	13	26	23	20	19	17	23	32	17	19	27	24	30	17	33	19	18	28	21	24	18	18	28	30	17	15	13	18	36	16	23	20	30	31	19	23	15	30	26	21	23	35	23	20	18	15	25	23	15	23	28	21	21	19	21	26	27	13	16	26	28	25	20	25	14	19	15	31	17	13	24	23	22	23	18	19	18	18	15	30	22	27	24	31	18	20	18	26	27	17	18	25	29	19	19	10	26	19	20	23	15	15	38	20	18	36	29	19	17	11	28	13	26
16	45	19	29	31	21	17	22	34	22	16	28	18	13	28	29	17	14	22	26	22	31	26	19	15	25	19	15	19	17	18	22	20	18	20	20	15	18	18	16	31	27	23	17	34	32	17	18	15	28	24	22	21	27	23	13	16	28	12	17	18	23	21	19	17	21	21	20	21	13	22	28	35	20	21	17	36	17	15	22	25	32	23	23	26	24	21	26	25	23	24	18	21	28	19	21	21	21	35	23	24	19	24	32	20	27	29	18	16	11	25	22	13	20	30	21	14	16	15	26	21	12	30	17	17	23	24	18	25	20	20	32	25	14	17	31	21	14	21	21	34	14	20	7	29	14	29	9	28	22	23	13	20	20	22	17
18	33	25	25	24	18	22	21	17	27	15	26	19	17	31	16	16	20	25	19	19	20	19	18	27	23	13	14	25	21	17	18	18	19	34	31	17	19	20	25	29	24	13	15	23	27	16	17	23	32	29	19	31	24	35	17	26	25	20	28	14	24	32	18	13	30	37	19	13	11	36	28	12	20	27	31	28	17	15	20	26	29	14	16	23	25	18	15	9	23	29	21	22	21	27	28	21	18	27	23	24	19	28	29	27	18	27	16	15	17	19	22	24	19	22	30	21	19	11	26	21	11	23	26	22	31	29	30	18	18	27	29	19	17	29	30	18	10	19	19	23	18	15	16	28	20	18	18	29	33	21	11	19	13	24	17
14	22	24	31	20	17	20	34	25	16	10	34	13	10	29	13	14	20	25	22	15	26	19	13	25	35	15	15	33	18	21	25	18	16	20	33	19	16	21	18	27	25	17	21	32	23	18	15	10	24	23	21	28	23	29	16	13	27	29	18	14	21	24	17	12	21	25	22	13	21	28	20	17	21	13	36	25	17	22	13	32	33	23	21	24	26	17	25	20	24	33	23	18	19	25	20	21	15	23	28	18	21	32	20	21	8	26	17	11	16	17	25	20	16	21	27	25	15	13	22	16	23	21	19	14	24	29	21	20	14	32	19	18	17	31	15	22	21	19	34	26	22	7	12	25	19	9	12	22	32	15	20	13	22	16	22
11	32	19	24	35	22	14	17	20	15	24	32	17	20	16	30	20	9	18	19	18	19	25	21	23	30	14	20	27	17	18	28	19	20	31	26	15	17	31	26	24	22	15	18	27	24	12	23	8	29	26	31	18	35	26	26	24	21	16	14	16	32	23	13	12	37	27	12	11	18	28	23	20	27	13	28	16	17	20	12	29	26	20	20	25	23	21	9	21	29	21	20	21	27	21	19	18	13	23	29	14	21	29	20	20	21	27	23	17	15	29	16	19	18	30	18	20	11	15	22	23	27	23	17	16	29	16	13	18	21	29	21	17	12	30	30	28	19	16	23	28	21	16	18	21	14	18	22	33	31	22	19	14	24	20	17
15	21	18	20	26	20	18	25	22	10	17	21	10	28	13	25	20	23	24	15	24	19	20	18	35	27	15	21	16	21	14	33	16	23	33	28	31	27	28	13	25	31	21	19	23	19	13	10	24	23	26	28	10	29	22	13	19	25	25	14	15	24	30	12	12	25	32	15	21	9	20	20	21	13	16	25	13	21	13	22	33	19	19	11	26	15	14	20	13	33	27	19	14	25	24	10	15	19	28	17	15	12	20	15	22	21	19	14	16	22	28	11	16	10	27	22	20	13	12	28	16	17	19	29	16	29	20	13	14	20	19	29	17	13	15	22	17	19	8	26	27	27	12	23	30	15	12	15	32	27	15	13	21	16	26	14
13	26	18	35	23	14	13	20	21	24	17	29	20	17	30	16	9	13	21	18	17	25	32	19	30	18	20	16	24	18	17	21	20	19	26	27	17	24	25	16	22	23	18	14	24	23	16	8	13	26	23	18	18	26	25	24	7	13	15	16	12	23	28	12	20	27	27	16	18	15	23	26	21	13	19	16	19	21	12	17	26	28	26	14	23	21	14	21	10	21	15	12	17	21	22	23	13	16	29	17	21	10	20	27	24	24	23	21	15	14	24	17	18	14	18	24	26	15	17	23	16	21	23	26	18	16	28	20	21	17	21	19	19	14	30	22	17	16	14	28	22	15	18	10	18	23	22	15	31	17	27	14	12	20	23	25
12	26	18	26	25	18	14	22	23	17	26	30	28	14	25	20	23	11	11	24	16	20	20	7	27	23	21	18	36	14	17	26	23	10	28	25	18	12	22	10	31	31	19	18	19	34	13	24	9	26	26	10	12	22	23	19	15	19	17	15	16	30	25	12	13	32	21	19	9	17	20	22	21	16	9	13	29	15	22	11	19	27	18	12	15	21	10	13	18	27	22	18	13	24	19	18	19	16	17	19	13	22	15	28	18	12	29	14	22	13	14	20	10	8	22	23	27	12	15	26	20	17	25	15	15	20	25	19	20	16	29	25	14	15	22	29	21	8	15	27	17	22	23	22	36	14	15	17	27	18	18	21	13	26	28	20
20	25	22	23	25	13	13	21	15	17	15	32	17	19	16	19	13	17	34	17	13	32	27	21	18	19	16	18	23	17	14	21	19	26	27	21	26	14	17	5	23	26	14	19	23	28	15	13	10	23	18	18	17	25	21	7	17	19	18	12	12	28	18	20	12	27	20	23	15	20	26	21	16	19	14	19	23	23	17	15	28	17	21	13	21	32	15	10	13	15	24	19	16	22	28	19	16	20	17	20	19	15	27	27	29	14	24	20	14	11	26	26	14	18	24	18	16	17	16	22	20	18	24	16	8	28	23	21	17	14	19	22	22	15	22	12	21	14	17	22	26	23	10	18	29	18	15	13	17	25	21	12	17	23	32	22
11	27	13	25	21	14	10	23	23	26	11	19	14	20	20	26	11	7	16	16	15	20	26	18	23	21	18	8	21	17	23	21	10	18	25	28	22	13	24	12	31	11	18	17	34	25	20	9	13	26	22	12	15	23	27	15	13	25	24	16	17	25	16	13	15	21	19	30	17	14	22	18	13	9	16	29	24	31	11	14	27	13	21	16	21	21	17	18	14	22	28	17	19	19	18	19	16	18	19	25	26	9	28	23	17	14	22	22	13	22	17	19	8	13	23	14	12	15	16	24	17	10	17	24	15	25	24	27	16	16	25	28	21	13	29	22	25	15	16	17	25	18	22	14	22	21	17	23	18	29	18	13	14	28	14	21
12	26	16	25	29	13	7	15	21	15	20	23	19	17	19	15	17	23	19	13	12	27	26	14	19	24	18	11	23	14	9	16	26	17	21	19	20	18	28	14	26	35	19	12	28	20	11	10	18	18	23	17	18	21	21	17	14	17	29	12	12	18	23	12	17	20	14	24	20	18	21	19	10	14	12	23	16	17	15	16	17	18	13	13	32	15	20	13	19	24	21	15	18	28	17	27	20	13	20	21	11	9	27	24	22	16	14	19	11	18	34	17	18	13	18	20	10	16	15	26	12	16	22	21	18	23	25	17	14	17	22	25	17	12	12	19	13	17	16	26	16	17	18	16	25	26	13	19	25	18	19	17	20	32	27	28
14	18	19	21	17	10	13	23	20	11	22	15	20	15	26	30	7	26	32	15	14	26	21	9	21	20	8	16	16	23	10	19	18	14	28	13	18	15	15	16	11	19	17	20	25	21	19	13	14	22	26	15	20	27	19	13	13	21	23	17	12	16	16	15	15	19	15	17	14	15	18	22	18	16	18	24	20	15	14	13	13	20	15	12	21	21	22	14	19	28	21	10	14	18	22	15	18	11	25	26	28	12	23	19	23	10	31	20	22	9	31	19	13	14	14	19	11	16	14	21	15	13	24	28	11	24	21	13	16	13	28	22	15	14	22	20	11	16	15	25	15	18	14	11	24	20	23	15	29	20	22	14	16	14	25	22
12	19	17	29	20	7	12	21	21	20	12	34	17	11	15	22	23	18	24	12	21	26	20	13	24	24	11	11	19	9	12	25	17	15	19	30	17	14	35	16	35	13	12	20	20	18	17	18	11	23	20	18	13	21	23	14	19	19	11	12	14	23	24	17	27	14	20	29	18	18	19	28	14	12	18	16	19	17	16	10	18	26	16	12	15	20	20	19	15	21	25	12	12	17	17	15	13	27	21	20	15	12	24	18	17	9	30	22	18	9	23	19	13	19	20	27	20	15	14	23	23	11	20	30	26	25	19	15	17	18	25	21	25	16	19	19	14	16	12	16	29	13	16	15	24	18	19	13	18	14	17	20	6	27	19	26
18	15	11	17	27	13	14	20	22	22	9	26	15	23	30	24	26	9	18	14	10	21	22	16	20	23	16	15	26	10	20	33	14	13	13	19	20	16	16	10	19	18	20	20	21	16	24	14	23	26	19	20	9	19	16	13	17	21	15	12	9	16	29	15	23	15	16	20	15	10	22	23	16	18	23	20	17	17	13	22	20	19	19	21	21	18	17	19	10	21	14	26	12	22	24	10	11	14	26	23	26	15	19	15	17	12	18	19	9	13	14	18	14	13	19	29	12	14	17	19	22	12	21	22	15	21	22	18	13	15	22	23	22	19	20	23	11	15	17	15	26	17	11	15	23	20	15	13	20	8	13	16	11	25	22	22
11	20	15	20	36	12	13	21	17	12	7	22	11	14	22	24	18	15	27	21	11	20	17	10	24	17	11	15	32	12	14	30	15	7	30	24	10	15	23	15	13	18	20	10	18	19	17	11	12	20	28	13	4	23	26	19	8	20	25	14	14	24	21	27	13	20	18	19	18	11	28	20	18	18	8	19	21	20	10	11	26	21	24	10	20	13	18	15	18	25	18	19	18	17	28	12	27	15	20	19	14	13	18	21	21	12	23	23	9	9	30	27	19	14	27	23	22	14	16	23	12	9	16	13	13	19	27	10	18	13	21	15	24	15	19	33	14	12	13	29	15	21	15	9	24	13	13	18	14	21	22	6	11	19	15	19
16	26	10	27	20	14	12	22	28	9	19	20	23	16	24	19	9	11	25	10	19	22	26	17	23	23	15	15	23	20	15	23	13	17	19	15	19	15	16	13	18	22	20	20	16	23	18	23	15	19	18	9	15	16	26	17	19	23	19	9	10	29	22	23	15	16	24	28	10	22	23	27	19	23	15	17	20	20	22	10	19	24	21	15	18	20	16	10	12	14	21	22	11	24	22	16	14	12	23	18	24	9	15	19	17	19	19	19	13	17	21	19	13	16	29	17	15	17	13	26	14	15	9	20	17	22	16	13	15	23	23	29	20	18	23	29	17	17	15	26	15	14	15	15	16	18	13	16	8	18	13	11	13	22	22	22
13	16	16	36	16	13	7	17	20	7	15	18	14	15	24	22	15	13	21	11	15	17	19	12	17	18	15	15	19	14	11	23	7	10	24	30	14	16	14	18	18	21	10	10	19	27	13	12	13	28	28	4	10	26	27	8	15	22	19	14	14	21	26	13	14	18	17	21	11	21	20	20	21	8	10	21	26	17	11	14	21	19	20	13	13	18	12	18	16	18	23	21	16	28	18	18	15	9	19	19	18	13	21	25	13	14	22	19	9	22	31	33	14	9	23	21	17	16	27	16	22	14	12	21	12	27	17	13	13	14	15	22	19	11	33	22	16	13	17	15	14	27	9	9	23	16	18	16	21	25	21	11	20	15	16	19
25	19	15	20	19	12	11	28	18	19	13	20	16	16	19	23	11	9	19	19	9	26	22	15	23	25	15	6	22	15	9	18	17	20	15	19	8	15	18	9	22	17	20	16	23	21	16	15	20	18	26	15	19	26	12	19	10	14	22	10	15	22	17	15	13	24	22	17	22	23	27	20	25	15	17	20	16	23	10	18	24	23	14	16	20	19	11	12	14	21	18	14	13	22	15	18	12	10	18	19	13	14	19	17	24	19	26	15	17	9	30	19	16	11	17	25	24	13	16	23	16	10	20	29	11	16	20	14	23	15	29	20	16	14	29	16	19	15	19	15	20	23	15	15	24	13	16	12	18	15	20	13	13	22	16	17
20	13	20	16	20	7	12	20	14	15	10	15	15	15	22	26	13	11	21	15	12	19	18	18	18	12	15	19	22	11	13	20	10	16	30	29	15	13	23	14	21	21	10	10	27	20	22	13	18	28	21	10	11	27	26	15	16	25	18	14	9	26	21	14	14	17	23	18	21	10	20	24	15	10	13	26	29	13	14	19	19	23	18	14	18	18	24	16	16	23	18	17	12	18	22	8	9	8	19	19	25	14	25	16	24	17	21	20	22	12	19	17	9	15	21	27	15	27	21	27	19	10	21	19	11	17	36	14	14	14	22	21	24	13	22	13	14	17	16	14	21	17	9	13	20	17	16	13	25	19	15	20	13	16	27	16
8	17	9	19	11	11	13	18	14	13	19	20	16	13	23	14	9	19	18	9	11	22	20	11	25	14	6	8	19	9	11	24	20	18	19	19	20	13	22	16	17	21	16	8	21	18	15	20	15	26	30	19	15	12	18	10	15	19	20	15	21	17	9	13	9	22	23	21	23	10	20	25	12	17	10	16	17	20	18	15	23	17	17	7	19	19	16	14	9	18	15	20	13	15	18	13	10	10	19	14	18	17	17	20	21	9	19	16	9	12	28	23	11	16	25	21	16	16	9	16	18	13	21	14	11	20	26	13	15	17	20	16	13	15	16	12	21	19	9	20	16	22	15	13	18	9	12	13	15	20	14	13	15	16	19	21
15	19	12	20	18	12	10	14	26	10	11	15	15	15	26	17	11	10	20	12	16	18	20	10	12	24	19	9	20	13	20	22	16	22	29	23	22	12	21	16	21	18	10	3	20	17	15	18	11	21	24	11	10	26	21	16	16	22	14	9	8	21	22	14	10	23	20	12	10	10	24	17	21	13	9	29	26	27	19	10	23	16	17	9	18	20	14	16	12	18	17	15	13	22	24	22	8	14	19	25	19	9	16	12	13	16	20	11	12	6	22	23	15	11	27	12	15	21	15	26	19	13	23	15	17	36	24	13	14	16	21	18	16	13	13	22	22	16	16	21	14	19	13	13	25	25	13	17	19	26	20	13	13	27	19	10
13	28	18	11	21	13	21	14	18	19	18	24	13	15	14	20	19	18	21	11	12	20	20	13	14	14	8	14	19	11	20	16	18	16	19	15	15	15	26	16	21	32	8	15	18	16	24	15	13	30	23	15	12	18	19	15	13	15	15	21	17	9	14	9	16	23	18	17	10	19	25	18	20	10	17	17	19	27	15	11	17	16	13	9	19	19	20	9	16	15	21	22	21	18	18	22	10	15	14	18	9	12	20	14	13	14	22	16	12	13	19	21	16	12	21	21	11	9	17	16	16	14	20	14	13	26	12	17	17	5	16	23	22	12	12	23	18	9	19	16	18	15	13	9	25	18	13	10	20	20	18	15	11	19	25	13
17	20	22	18	21	10	14	26	20	11	17	20	15	17	17	24	10	17	25	16	12	20	17	7	24	20	9	14	21	20	11	13	22	19	23	19	23	23	22	14	18	16	3	12	17	22	17	11	17	24	22	10	13	21	25	16	15	23	29	8	14	22	21	10	8	20	19	14	10	10	17	22	12	9	11	26	17	10	10	16	16	20	15	20	20	21	15	12	15	17	21	30	18	24	18	24	14	16	25	20	12	10	12	19	23	7	29	13	6	15	17	18	11	12	12	27	23	15	5	16	19	11	28	20	9	24	30	26	16	16	18	22	17	21	22	13	21	16	13	14	18	27	13	9	16	10	17	16	26	16	13	13	13	19	19	16
14	14	18	21	18	21	15	18	21	18	14	18	15	10	20	22	18	16	22	12	8	20	13	15	14	14	14	13	15	20	11	13	16	10	15	22	19	12	17	17	32	25	15	11	16	20	12	13	18	23	18	12	20	19	9	13	20	20	19	17	11	14	21	16	11	18	18	17	19	12	18	22	21	17	13	19	13	16	11	8	16	18	17	15	19	26	15	16	12	21	19	21	13	18	18	13	15	16	18	22	19	20	14	21	22	20	19	17	13	13	12	23	12	17	21	16	12	17	17	17	15	14	24	9	7	12	21	15	5	15	23	23	20	14	23	22	14	19	13	18	22	15	9	11	20	21	10	15	20	14	21	11	12	25	13	13
9	24	16	21	22	14	12	20	24	17	8	24	17	16	24	25	17	15	20	12	9	17	24	15	20	24	14	13	21	11	24	27	19	13	19	22	19	11	24	10	16	19	12	6	22	22	21	17	7	22	18	13	12	25	22	15	17	16	21	14	14	21	18	8	8	19	24	16	10	17	22	18	19	11	11	17	14	17	16	13	20	12	17	11	21	27	11	15	18	21	19	18	16	18	20	20	16	12	20	24	26	13	19	17	19	11	18	23	15	18	23	16	12	10	27	19	22	5	13	25	12	18	18	14	4	30	22	15	16	13	22	16	17	22	13	18	18	13	13	18	21	18	9	16	20	21	16	14	16	22	20	13	16	19	26	22
15	22	7	18	12	15	15	21	18	14	14	21	10	12	22	21	16	12	22	8	19	13	12	8	14	19	13	13	13	11	19	22	10	11	22	24	16	10	22	18	25	17	11	16	20	18	9	18	13	18	10	20	20	9	24	20	16	14	24	11	14	21	18	11	10	18	24	18	12	9	22	20	22	13	7	13	27	17	8	14	18	21	12	18	26	20	16	12	18	19	13	15	12	18	14	17	16	8	22	20	21	11	21	21	23	15	22	16	13	10	21	16	17	14	16	17	16	17	14	16	24	17	25	12	10	21	21	18	15	11	23	12	19	10	22	15	19	13	9	22	18	15	11	13	17	20	15	14	14	25	23	12	8	13	20	11
14	22	15	22	16	12	12	24	21	8	14	25	16	16	25	15	15	24	17	9	14	24	16	14	24	22	13	11	20	24	16	19	13	12	22	23	14	15	23	7	19	17	6	6	22	16	14	7	7	18	24	12	14	22	17	17	15	18	10	14	12	18	32	8	13	24	22	20	17	21	18	13	21	11	11	14	15	14	13	6	12	17	25	13	27	22	21	18	11	19	17	12	11	20	24	14	12	18	24	32	14	17	17	22	18	15	22	23	18	14	13	16	10	16	19	17	11	13	15	19	17	15	22	15	8	22	13	14	13	14	16	24	19	11	18	13	16	13	14	21	22	19	16	14	22	19	14	14	22	22	26	16	20	26	16	17
7	22	16	12	19	15	10	18	16	14	17	15	12	15	21	19	12	20	19	19	8	12	22	15	19	25	13	24	22	19	10	15	11	15	24	16	22	9	18	7	17	24	16	20	18	17	21	13	15	10	12	20	12	24	14	16	11	26	26	14	18	18	16	10	16	24	16	21	9	10	20	14	23	7	14	27	23	27	14	12	21	17	14	13	20	12	21	18	11	13	17	24	6	14	17	17	8	16	20	15	20	14	21	25	20	14	19	13	10	19	12	19	14	16	17	22	17	14	17	26	17	8	15	18	15	21	16	17	11	8	12	18	25	12	15	19	13	9	7	18	18	17	13	14	23	19	14	16	25	20	16	8	16	20	19	15
18	12	12	16	20	12	16	21	17	14	10	29	16	13	15	9	24	15	23	14	13	16	25	16	22	22	11	21	18	16	17	15	12	18	23	19	19	9	24	13	17	19	6	11	16	14	19	7	8	24	16	14	10	17	20	15	26	18	17	12	18	32	18	13	15	22	19	19	21	11	13	23	20	11	14	15	19	26	6	17	17	14	22	12	22	20	14	11	12	17	20	16	23	24	12	21	18	9	32	21	17	15	22	24	15	7	20	21	14	15	16	22	16	15	17	20	17	15	15	27	15	13	9	12	14	13	20	13	14	16	24	15	18	11	13	27	25	14	12	22	15	24	14	13	18	20	14	8	22	17	18	20	16	16	22	9
19	23	12	19	19	10	13	16	22	17	13	15	15	21	19	20	20	13	20	8	13	22	18	18	25	25	24	11	22	10	16	17	15	9	16	27	17	10	15	13	24	24	20	8	17	23	21	15	20	12	19	12	9	14	19	11	12	22	21	18	18	16	19	16	16	16	19	15	10	12	14	16	16	14	10	23	20	18	12	15	17	10	23	16	12	14	14	11	12	17	23	15	12	17	20	14	16	12	15	18	13	9	25	23	14	13	22	21	19	6	19	17	16	7	22	19	16	17	14	20	17	13	23	18	13	16	14	17	8	7	18	19	19	16	19	19	12	7	13	18	20	10	14	12	16	18	16	20	20	20	18	16	9	19	15	21
16	21	17	20	24	16	18	17	20	10	10	10	13	15	9	21	15	12	20	13	15	25	14	12	22	19	21	7	25	17	16	16	18	19	19	16	14	16	18	12	19	17	11	14	14	22	23	8	14	16	24	10	17	20	16	26	10	19	22	18	11	18	10	15	11	19	17	22	11	16	23	17	14	14	13	19	17	15	17	14	14	13	14	11	20	16	17	12	15	20	12	11	15	12	18	19	9	13	21	13	9	16	24	20	14	11	14	17	15	9	17	20	15	7	20	27	25	15	13	13	18	14	16	25	8	20	21	16	16	17	15	22	19	13	27	18	25	12	8	15	21	16	13	9	16	17	8	13	17	22	17	16	16	22	17	16
9	12	16	19	13	13	11	22	15	13	12	14	21	12	20	17	13	14	20	13	11	18	24	15	25	12	11	12	16	16	13	18	9	7	27	19	20	11	15	15	24	17	8	6	23	10	13	20	15	19	19	9	17	19	21	12	25	12	12	18	16	19	18	16	12	19	15	16	12	10	16	18	21	10	19	20	20	15	15	12	10	19	16	14	14	18	16	12	9	23	22	16	11	20	22	17	12	12	18	23	19	10	23	11	13	18	15	15	6	15	13	25	7	16	19	18	14	14	20	24	19	14	18	17	14	14	17	20	7	15	19	24	25	15	19	21	21	13	20	20	17	14	12	17	16	15	20	11	20	14	20	9	15	15	25	15
12	20	21	24	28	18	17	20	17	10	9	17	15	9	21	15	12	19	14	15	13	14	28	12	19	14	7	17	20	16	13	18	19	17	16	18	12	17	18	12	17	19	14	12	22	19	16	14	19	24	16	17	11	16	6	10	19	17	16	11	17	10	15	11	13	17	17	16	16	12	17	18	15	13	17	17	19	20	14	8	13	17	17	19	16	17	18	15	13	12	18	18	7	18	18	10	13	13	13	16	17	12	20	16	10	12	20	18	9	5	19	12	7	13	27	19	14	13	19	23	13	9	21	20	15	21	25	13	17	13	22	15	15	8	18	16	24	8	16	21	25	17	9	14	22	20	13	23	22	23	20	16	16	17	18	18
10	22	14	13	16	11	14	15	23	12	13	25	12	11	17	20	14	9	15	11	24	24	24	15	12	19	12	13	20	13	16	16	7	8	19	23	14	13	18	13	17	19	6	14	10	21	21	15	17	19	22	17	9	21	22	25	15	18	15	16	12	18	19	12	12	15	17	19	10	15	18	13	19	19	12	20	20	21	12	15	19	25	19	13	18	24	24	9	12	22	18	15	17	22	16	14	12	24	23	23	22	26	11	35	15	10	22	18	15	13	16	20	16	12	18	16	17	20	16	25	11	7	22	15	14	17	32	21	15	14	24	31	14	9	21	21	11	20	19	17	22	13	17	14	24	16	11	10	14	18	15	15	11	25	15	15
20	19	15	28	22	17	16	17	13	9	12	22	9	11	15	17	19	19	18	13	26	28	15	13	14	17	17	11	21	13	10	17	17	19	18	20	17	12	9	15	19	32	12	8	19	26	16	19	12	16	19	11	14	6	6	19	12	16	18	17	12	15	20	13	9	17	19	16	12	11	18	25	21	17	13	19	20	18	8	12	17	18	23	18	17	19	18	13	19	18	19	24	19	18	21	19	13	11	16	12	12	16	16	11	11	19	17	19	5	13	17	15	13	12	19	24	30	19	15	17	17	18	14	18	17	25	20	16	13	12	15	22	25	9	16	13	17	16	15	25	26	21	14	11	20	13	23	7	23	16	16	16	13	18	16	19
9	15	13	16	11	14	7	23	22	13	13	16	11	12	20	16	9	13	10	24	10	24	15	15	19	12	13	15	33	16	8	21	8	13	23	23	15	26	24	12	19	20	14	10	21	15	14	17	10	22	22	9	11	22	22	15	18	19	17	12	10	19	17	12	19	17	22	14	15	12	13	14	18	12	15	20	23	18	15	7	25	21	17	6	24	18	18	12	12	18	15	20	13	16	25	12	24	14	23	21	13	18	35	14	20	9	21	21	13	11	29	20	12	10	16	15	21	16	17	17	15	10	16	28	12	32	17	13	14	8	31	18	20	12	21	17	14	19	16	22	18	21	14	10	18	15	10	13	18	16	27	11	15	15	17	31
15	17	11	22	20	16	16	13	16	12	12	24	11	10	17	14	19	10	28	26	15	15	13	12	17	20	11	14	18	10	9	18	19	12	20	14	22	11	25	17	32	18	8	13	26	20	15	12	16	19	23	14	13	6	15	12	10	18	17	12	13	20	23	9	17	19	18	13	11	15	25	21	14	13	19	20	19	30	12	14	18	21	13	13	19	14	16	19	22	19	24	16	13	21	16	26	11	11	12	15	12	10	11	19	18	12	16	16	13	20	16	13	12	13	24	13	11	15	14	29	10	12	24	20	19	20	26	19	12	14	22	16	15	12	13	19	13	15	9	26	20	19	11	7	23	17	7	13	16	17	13	13	16	16	13	18
11	16	19	11	17	7	13	22	18	13	15	15	12	7	16	27	13	12	23	10	8	15	14	8	12	18	15	10	23	8	20	16	13	11	23	12	24	13	20	12	20	18	10	14	15	16	13	10	11	22	20	11	16	22	20	18	14	23	18	10	11	17	23	19	14	22	12	14	12	13	14	20	19	15	14	23	16	18	7	15	21	13	11	18	18	20	22	12	11	15	23	11	5	25	13	21	14	18	21	20	15	15	14	20	19	16	21	25	11	9	16	12	10	10	15	23	18	17	14	17	16	15	15	14	10	17	16	17	8	11	18	15	30	22	17	24	19	16	12	18	16	31	10	7	19	14	13	16	16	19	16	15	11	17	19	14
16	20	17	20	18	16	15	16	18	12	12	20	10	14	14	14	10	7	20	15	12	13	18	10	20	28	14	14	14	9	5	20	12	15	14	18	16	13	11	12	18	20	13	7	20	19	22	16	12	23	20	13	15	15	18	10	10	16	21	13	11	23	25	17	8	18	14	17	15	15	21	11	17	19	14	19	16	15	14	13	21	14	13	14	14	16	20	22	13	24	22	13	16	16	14	14	11	11	15	22	13	15	19	25	25	14	25	13	20	12	16	20	13	19	13	22	17	14	10	20	10	19	24	21	12	26	25	20	14	10	16	17	19	9	19	23	22	9	13	20	18	13	7	9	21	17	13	10	17	24	13	16	17	13	19	21
12	19	17	17	16	13	13	18	13	15	14	18	7	15	27	16	12	14	10	8	12	14	23	16	18	13	10	16	14	20	17	17	11	12	12	13	15	10	17	12	18	14	14	11	16	20	16	11	17	20	21	16	6	20	34	14	13	15	20	11	14	23	12	14	15	12	16	18	13	14	20	21	29	14	18	16	24	15	15	22	13	17	22	11	20	20	16	11	8	23	14	15	11	13	21	12	18	14	20	20	13	17	20	23	19	14	24	21	9	13	13	11	10	16	23	17	22	14	13	18	23	11	14	16	10	16	22	21	11	15	15	22	15	15	24	27	15	12	7	16	23	17	7	13	16	20	16	15	19	17	16	11	16	19	22	18
11	19	14	18	27	15	21	18	17	12	13	16	14	15	14	22	7	15	26	12	19	18	20	8	28	17	14	22	15	5	16	15	15	8	18	21	18	12	24	17	20	14	7	8	19	12	17	12	16	20	21	15	19	18	20	10	14	21	13	11	8	25	17	8	13	14	13	23	15	10	11	24	13	14	10	16	18	11	13	18	14	25	20	13	16	20	22	13	19	22	20	18	16	14	19	12	11	19	22	14	13	9	25	33	15	14	19	11	12	11	20	19	19	16	22	17	24	10	23	22	9	15	24	17	12	25	22	13	10	11	17	26	18	18	23	26	15	13	9	18	16	18	9	9	16	22	10	15	24	18	22	17	8	19	24	28
12	18	10	16	15	13	8	13	18	14	14	15	15	14	16	14	14	9	17	12	10	23	18	10	13	19	16	15	17	17	10	17	12	11	13	27	17	14	25	16	14	19	11	14	20	19	21	17	9	21	15	6	13	34	17	13	9	14	20	14	12	12	28	15	9	16	16	18	14	8	21	16	12	18	14	24	14	11	22	13	17	19	11	16	20	17	17	8	16	14	25	19	12	21	12	15	14	13	20	10	24	12	23	11	17	10	20	17	13	9	30	14	16	14	17	15	10	13	13	24	25	15	16	19	11	22	11	25	15	12	22	19	18	12	27	21	15	7	7	23	33	16	13	12	16	10	15	8	17	19	18	16	13	22	23	18
19	14	13	27	18	21	16	17	22	13	8	17	15	16	22	21	15	16	19	19	8	20	25	14	17	16	22	16	16	16	13	18	8	10	21	26	17	12	25	18	14	23	8	10	12	13	17	16	14	21	33	19	16	20	18	14	15	13	19	8	14	17	14	13	14	13	15	22	10	12	24	20	19	10	22	18	15	19	18	11	25	28	18	17	20	12	26	19	17	20	19	22	17	19	23	15	19	12	14	19	13	19	33	7	10	7	14	16	11	7	26	23	16	4	17	26	19	23	22	18	22	16	20	20	14	22	11	13	11	13	26	17	16	14	26	18	23	9	10	16	23	19	9	16	21	20	15	6	18	11	13	8	16	24	23	20
11	14	8	15	23	8	17	18	21	14	13	24	14	13	14	27	9	12	24	10	14	18	18	14	19	20	15	18	19	10	16	16	11	22	27	20	12	5	15	13	19	22	14	15	19	15	15	9	14	15	20	13	15	17	15	9	11	14	13	12	18	28	19	9	11	16	13	19	8	14	16	16	22	14	10	14	10	17	13	15	19	22	27	10	17	17	21	16	14	25	14	15	8	12	24	15	13	12	10	23	9	10	11	22	16	13	25	19	9	13	17	12	14	14	15	22	20	13	13	16	19	14	22	11	16	11	20	15	12	15	19	13	18	17	21	25	22	7	15	33	16	24	12	12	17	14	8	15	19	16	27	13	2	23	22	14
17	14	13	18	15	16	9	22	21	8	15	13	16	10	21	17	16	17	18	8	13	25	21	12	16	14	16	15	26	13	18	16	10	15	26	15	14	15	21	11	23	21	10	7	13	8	15	14	9	33	19	16	10	18	11	15	17	21	13	14	13	14	22	14	22	15	19	20	12	9	20	16	25	22	16	15	21	21	11	12	28	14	20	14	12	15	11	17	8	19	20	18	18	23	17	13	12	14	19	23	18	8	7	19	24	11	26	13	7	8	14	16	4	14	26	12	15	22	18	23	12	15	22	9	14	11	15	16	13	16	17	22	13	15	18	19	24	10	14	23	20	15	16	11	19	21	6	14	11	13	22	16	9	23	25	14
14	18	11	23	15	17	7	21	10	13	10	15	13	17	27	16	12	14	20	14	12	18	15	11	20	21	18	16	20	16	8	12	22	11	20	17	17	12	20	15	22	22	15	6	15	11	12	14	20	20	20	15	10	15	22	11	14	17	19	18	9	19	23	11	9	13	19	11	14	12	16	16	17	10	14	10	20	20	15	14	22	16	19	14	17	13	27	14	11	14	30	18	10	24	19	15	12	10	23	13	24	20	22	19	9	16	21	25	13	10	14	13	14	12	22	20	9	13	14	23	24	21	17	14	14	20	21	15	15	12	13	17	16	8	25	18	11	15	7	16	11	24	12	11	19	17	15	19	16	22	18	2	10	22	21	21
11	27	14	15	19	9	13	21	16	15	10	17	10	12	17	18	17	18	12	13	14	21	20	15	14	18	15	7	16	18	8	16	15	9	15	18	10	13	23	12	21	10	7	13	8	14	17	9	11	19	20	10	13	11	23	17	9	24	15	13	11	22	25	22	20	19	19	14	9	11	16	19	16	16	13	21	19	19	12	12	14	21	18	14	15	20	19	8	13	20	20	15	18	17	18	16	14	15	23	14	18	18	19	16	10	11	14	24	8	8	21	17	14	5	12	17	17	18	10	19	20	14	15	23	11	15	22	23	16	12	22	12	19	16	19	17	12	14	7	20	22	19	11	11	17	18	14	12	13	14	18	9	13	25	25	28
13	22	11	15	15	7	8	10	20	10	11	16	17	12	16	14	14	21	20	12	14	15	13	15	21	20	16	16	18	8	9	15	11	13	17	24	16	12	16	13	22	20	6	14	11	9	19	20	11	20	16	10	16	22	15	14	10	25	18	9	12	23	15	9	10	19	17	26	12	11	16	20	12	14	10	20	16	12	14	14	16	22	13	15	13	16	12	11	12	30	18	12	11	19	14	22	10	12	13	21	22	10	19	26	14	13	13	20	10	18	17	14	12	13	20	16	18	14	11	24	16	16	20	21	11	21	14	15	12	9	17	10	17	13	18	21	25	7	9	11	16	16	11	9	19	15	19	11	22	10	12	10	12	21	12	10
10	21	8	19	14	13	16	16	20	10	13	15	12	14	18	14	18	12	20	14	11	20	22	14	18	26	7	17	18	8	10	17	9	14	18	16	15	18	23	8	10	14	13	14	14	17	17	11	14	20	24	13	6	23	7	9	9	17	23	11	11	25	18	20	15	19	19	12	11	12	19	17	18	13	9	19	9	19	12	11	21	26	14	12	20	17	20	13	11	20	14	18	14	18	22	17	15	15	14	15	22	16	16	22	20	14	16	24	8	12	26	20	5	16	17	9	10	10	15	23	25	14	18	19	15	22	18	15	12	10	12	15	20	9	17	17	21	7	11	22	18	17	11	6	22	22	12	16	14	18	19	13	15	25	24	29
12	17	11	15	21	8	16	20	19	11	16	20	12	9	14	18	21	8	21	14	12	13	17	7	20	16	16	10	14	9	14	17	13	15	24	16	23	17	15	7	20	21	14	15	9	22	19	11	11	16	12	16	13	15	16	10	11	19	12	12	14	15	18	10	18	17	21	13	11	12	20	16	14	10	15	16	13	18	14	8	22	20	20	17	16	13	16	12	13	18	15	16	6	14	11	14	12	16	21	16	15	16	26	14	15	15	15	13	18	13	18	29	13	15	16	14	21	11	13	14	14	13	23	21	10	14	19	19	9	11	10	19	18	14	21	20	18	9	10	16	16	15	9	14	12	19	11	13	10	15	20	12	11	12	15	21
9	12	12	14	16	16	13	20	24	13	12	13	14	10	14	23	12	9	16	11	21	22	16	13	26	17	17	12	24	10	15	19	14	10	16	14	11	15	16	10	14	20	14	13	17	14	16	14	14	24	20	6	10	7	17	9	16	16	19	11	12	18	20	15	11	19	20	25	12	13	17	16	18	9	16	9	16	22	11	11	26	20	16	14	17	20	24	11	13	14	16	22	11	22	16	24	15	6	15	17	13	12	22	17	22	11	14	13	12	14	13	19	16	20	9	21	19	15	20	20	17	18	13	15	13	18	16	16	10	5	15	21	23	20	17	17	21	11	16	18	24	13	6	9	15	22	16	15	18	19	12	15	14	24	13	10
12	21	15	21	19	16	22	19	17	16	16	11	9	12	18	20	8	21	25	12	10	17	19	14	16	29	10	14	22	14	9	16	15	14	16	16	11	14	19	16	21	18	15	14	22	20	12	11	15	12	19	13	3	16	15	11	9	24	14	14	15	18	12	18	13	21	21	14	12	15	16	16	26	15	16	13	19	21	8	11	20	22	13	10	13	19	18	13	13	15	25	22	8	11	22	10	16	13	16	21	18	13	14	18	8	8	17	16	13	13	26	19	15	12	14	19	21	13	12	18	17	12	17	17	5	19	17	13	11	14	19	15	16	12	20	23	20	10	15	16	20	25	14	8	19	18	13	13	15	14	19	11	15	15	27	18
7	16	9	16	11	13	14	24	19	12	10	22	10	16	23	19	9	11	14	21	7	16	21	13	17	10	12	6	19	15	8	10	10	18	14	22	19	19	17	12	20	18	13	9	14	21	15	14	11	20	15	10	16	17	17	16	13	12	15	12	16	20	12	11	15	20	12	20	13	14	16	16	21	16	12	16	23	23	11	9	20	13	19	11	20	22	14	13	13	16	16	15	16	16	22	18	6	14	17	19	21	18	17	19	21	7	29	21	14	10	10	17	20	16	21	15	16	20	8	25	14	17	19	11	14	16	16	12	5	9	21	16	22	13	17	25	16	16	13	24	20	16	9	12	14	17	15	15	19	20	11	14	16	13	20	6
10	13	7	19	21	22	13	17	12	16	8	14	12	9	20	18	21	28	20	10	15	19	21	12	29	13	14	14	22	9	13	22	14	9	16	19	20	6	16	16	18	18	14	7	20	12	26	15	6	19	19	3	21	15	21	9	11	23	14	15	12	12	25	13	15	21	18	19	15	16	16	14	21	16	10	19	22	13	11	16	22	21	11	11	19	20	26	13	14	25	15	16	13	22	14	20	13	11	21	18	21	17	18	19	14	9	18	18	13	13	11	23	12	11	19	24	23	12	11	18	18	16	11	17	13	17	21	14	14	15	15	21	10	10	23	12	22	15	19	20	23	13	8	13	22	17	13	8	14	25	25	15	15	27	18	21
14	19	13	11	17	14	18	19	24	10	10	14	16	14	19	17	11	9	20	7	12	21	15	6	10	10	6	8	16	8	9	17	18	10	22	11	12	9	26	16	18	23	9	10	21	20	19	11	12	15	22	16	15	17	17	13	13	18	14	16	17	12	20	15	13	12	18	24	14	18	16	13	15	12	15	23	17	11	9	10	13	18	21	20	22	12	20	13	14	16	16	23	14	22	13	22	14	19	19	12	25	14	19	21	26	14	16	13	10	12	15	22	16	11	15	19	26	8	17	17	22	13	24	11	17	16	16	21	9	11	16	14	13	15	25	16	15	13	13	20	23	23	12	16	23	10	15	8	20	22	23	16	9	20	22	14
11	12	18	21	16	13	16	12	31	8	8	13	9	10	18	18	28	13	22	15	13	21	17	7	13	18	14	11	22	13	12	14	9	13	19	15	19	14	14	11	18	19	7	11	12	15	18	6	12	19	22	21	14	21	14	11	8	10	13	12	9	25	17	15	14	18	15	20	16	18	14	14	20	10	11	22	15	14	16	8	21	24	17	12	20	14	21	14	9	15	15	14	14	14	15	20	11	18	18	20	20	8	19	13	12	7	23	20	13	13	23	26	11	15	24	22	18	11	22	12	16	15	19	16	10	21	25	12	15	10	21	19	9	20	12	13	16	19	15	23	19	17	13	15	15	22	8	9	25	20	15	15	10	18	17	20
13	17	11	17	20	18	7	24	13	10	15	17	14	9	17	9	9	17	19	12	11	15	19	10	10	17	8	10	12	9	14	16	10	21	11	20	20	13	14	17	23	22	10	14	20	14	20	12	13	22	17	15	12	17	23	13	4	22	11	17	16	20	21	13	20	18	22	21	18	9	13	12	16	15	11	17	18	23	10	10	18	22	15	7	12	15	17	14	10	16	13	16	12	13	15	24	19	17	12	16	15	16	21	25	20	13	16	17	12	12	15	21	11	9	19	19	23	17	11	19	18	15	14	20	15	16	24	7	11	14	14	10	17	13	16	14	12	13	14	23	21	19	16	15	25	20	8	16	22	15	21	9	17	22	16	16
13	19	17	16	18	16	11	31	20	8	23	18	10	11	18	25	13	12	14	13	5	17	22	12	18	18	11	12	22	12	6	20	13	13	15	21	19	9	16	14	19	20	11	13	15	15	17	12	6	22	20	14	12	14	16	8	10	21	18	9	11	17	13	14	15	15	21	16	18	17	14	13	23	11	11	15	20	21	8	17	24	25	21	13	14	20	26	9	14	15	12	16	9	15	16	15	18	15	20	24	13	11	13	18	18	12	19	20	13	15	16	13	15	12	22	15	21	22	16	20	17	19	15	14	14	25	15	15	10	8	19	22	16	16	13	13	15	15	22	19	18	17	15	11	24	14	9	13	20	21	17	10	15	17	15	18
11	22	19	20	18	7	12	13	18	15	13	16	9	8	9	9	17	15	18	11	13	19	20	12	17	16	10	15	18	14	15	21	21	17	20	22	19	14	20	15	22	20	14	15	14	24	20	13	13	17	15	12	18	23	14	4	14	29	18	16	8	21	13	20	18	22	16	18	9	19	12	11	14	11	9	18	16	15	10	12	22	24	18	26	15	14	24	10	15	13	13	10	10	15	20	19	17	10	16	22	8	14	25	18	21	10	18	22	12	14	18	24	9	12	19	13	15	11	16	26	25	13	27	22	12	24	17	30	14	19	10	18	19	15	14	15	16	14	14	21	12	14	15	13	19	18	16	10	15	31	10	17	13	16	11	15
12	18	9	18	11	11	14	20	13	23	13	14	11	14	25	17	12	6	12	5	8	22	15	8	18	11	12	9	26	6	10	20	13	11	21	23	15	12	19	9	20	22	13	15	15	23	28	6	22	20	13	12	8	16	20	10	19	15	18	11	10	13	22	15	10	21	15	18	17	13	13	16	16	11	15	20	12	14	17	10	25	22	20	17	20	13	18	14	13	12	17	15	12	16	20	12	15	15	24	21	16	13	18	19	19	6	13	9	15	12	23	17	12	14	15	21	14	16	18	17	23	12	19	21	11	15	21	13	8	15	22	19	18	16	13	11	16	22	9	18	15	15	11	18	9	20	13	13	21	17	17	15	11	15	22	12
12	15	12	18	15	12	15	18	22	13	16	13	8	9	9	17	15	17	22	13	12	20	16	11	16	14	15	14	19	15	5	19	17	15	22	17	22	10	12	13	20	21	15	16	24	20	11	13	16	15	18	18	13	14	20	14	8	24	14	8	10	13	14	18	14	16	16	16	19	13	11	14	8	9	21	16	15	17	12	11	24	18	15	12	14	20	16	15	14	13	23	23	17	20	16	23	10	11	22	14	21	16	18	19	19	9	11	21	14	8	20	12	12	10	13	15	25	16	13	10	18	8	17	19	15	17	16	15	19	10	18	17	22	21	15	20	14	14	19	12	18	18	13	11	18	22	10	17	31	21	17	13	13	11	15	20
9	25	13	11	20	14	13	13	20	13	10	22	14	6	17	17	6	12	16	8	7	15	9	15	11	15	9	15	12	10	7	17	11	17	23	22	21	19	20	9	22	20	15	19	23	15	12	22	15	13	19	8	10	20	11	19	13	22	11	10	13	22	16	10	19	15	17	15	13	7	16	16	13	15	14	12	18	18	10	12	22	21	19	10	13	18	19	13	11	17	13	16	15	20	15	15	15	13	21	20	14	11	19	9	19	11	17	14	12	10	19	14	14	11	21	15	17	18	11	18	19	27	15	22	13	21	18	17	15	12	19	18	20	10	11	23	20	9	16	15	17	14	18	11	15	21	13	16	17	21	14	11	16	22	20	18
12	25	12	15	24	15	12	22	22	16	15	18	9	10	17	16	17	10	12	12	11	16	28	12	14	14	14	10	17	5	10	16	15	12	17	21	16	11	15	13	21	25	16	7	20	17	19	16	18	18	17	13	13	20	20	8	12	14	19	10	12	14	14	14	12	16	17	11	13	15	14	14	16	21	19	15	14	22	11	16	18	22	16	16	20	18	12	14	5	23	14	24	10	16	15	15	11	11	14	18	24	10	19	15	11	12	17	10	8	16	24	24	10	13	15	14	17	13	12	15	17	9	24	19	18	16	17	13	10	17	17	23	21	8	20	22	15	19	17	18	18	21	11	12	13	18	17	19	21	25	21	13	10	15	16	22
13	15	10	20	25	13	17	20	13	10	13	10	6	9	17	15	12	14	12	7	7	9	18	14	15	22	15	15	19	7	13	17	17	14	22	14	12	9	22	14	20	14	19	11	15	17	16	15	16	19	18	10	10	11	19	13	10	8	15	13	9	16	15	19	11	17	21	19	7	10	16	24	22	14	16	18	14	18	12	16	21	11	20	12	18	8	13	11	16	13	14	21	12	15	14	18	13	12	20	27	14	10	9	19	15	12	21	15	10	7	19	19	11	16	15	16	16	11	16	8	19	14	20	11	18	18	24	22	12	15	18	18	20	12	23	15	19	16	14	17	13	14	11	19	25	19	16	16	21	16	21	16	8	20	18	16
15	24	17	24	20	12	15	22	20	15	16	11	10	14	16	20	10	13	22	11	18	28	16	10	14	19	10	8	24	10	14	22	12	15	21	13	13	7	23	9	25	8	7	12	17	19	15	18	14	17	20	13	8	20	15	12	6	20	19	12	9	14	16	12	15	17	24	16	15	12	14	18	16	19	9	14	15	11	16	8	22	15	15	14	18	22	12	5	6	14	19	21	11	15	21	15	11	11	18	11	21	9	15	16	13	9	16	12	16	11	25	22	13	19	14	12	17	12	15	21	25	14	14	14	14	17	15	22	17	10	23	22	20	12	22	17	16	17	9	18	17	14	12	13	21	16	19	9	25	21	19	10	16	16	9	21
13	8	7	25	23	17	9	13	12	13	13	15	9	14	15	19	14	15	20	7	19	18	15	18	22	25	15	11	23	13	19	10	14	16	14	15	20	16	17	18	14	19	11	15	17	14	10	16	14	18	14	10	10	19	22	10	11	17	21	9	11	15	14	11	9	21	10	17	10	15	24	16	14	16	10	14	20	15	16	8	11	20	11	13	8	14	13	16	12	14	14	20	17	14	22	16	12	7	27	23	12	12	19	18	16	16	15	12	7	15	21	16	16	14	16	21	16	16	15	26	20	15	19	23	11	24	19	20	15	10	18	21	14	15	15	17	23	14	7	13	24	24	19	16	14	17	16	19	16	14	11	8	14	18	21	15
11	18	5	20	25	15	15	20	13	16	11	21	14	7	20	15	13	14	16	18	6	16	14	11	19	15	8	10	17	14	14	26	15	12	13	16	18	11	13	14	8	27	12	12	19	15	21	14	15	20	15	8	10	15	21	6	12	12	17	9	12	16	18	15	10	24	15	16	12	9	18	16	12	9	13	15	17	19	8	15	15	14	17	14	22	12	23	6	11	19	16	15	10	21	19	17	11	13	11	17	16	14	16	17	11	12	26	14	11	15	22	19	19	13	12	22	14	15	16	12	13	17	20	19	9	15	19	13	10	11	22	19	12	12	17	26	15	9	7	17	14	17	13	15	24	21	9	12	21	30	15	16	8	9	14	18
13	19	11	23	15	9	12	12	17	13	9	20	14	15	19	19	15	6	23	19	17	15	30	10	25	18	11	7	19	19	13	17	16	12	15	10	18	15	19	12	19	19	15	14	14	27	20	14	6	14	17	10	17	22	16	11	11	21	19	11	10	14	17	9	6	10	18	11	15	17	16	14	18	10	12	20	19	24	8	10	20	11	24	13	14	24	18	12	14	14	13	14	8	22	24	17	7	7	23	15	9	8	18	16	13	12	16	21	15	7	18	20	14	17	21	6	25	15	14	16	23	7	14	11	10	19	16	16	10	13	21	16	21	11	17	19	15	7	14	24	19	14	16	15	12	17	19	12	14	17	18	14	13	21	17	23
17	16	16	25	16	15	11	13	23	11	17	20	7	13	15	12	14	13	14	6	7	14	19	12	15	15	10	11	11	14	14	21	12	13	16	22	13	10	15	16	27	24	12	12	15	16	15	15	15	15	12	10	8	21	12	12	10	17	19	12	10	18	17	10	14	15	20	13	9	9	16	16	17	13	10	17	13	17	15	7	14	18	20	15	12	23	17	11	9	16	19	18	20	19	13	15	13	10	17	15	8	15	17	16	28	15	12	19	15	6	17	20	13	8	22	13	18	16	8	12	20	10	15	12	14	19	19	10	11	12	19	21	20	12	26	15	9	7	17	14	16	17	15	11	10	18	12	28	30	17	12	8	12	14	17	17
15	21	13	15	18	12	11	17	17	9	6	19	15	6	19	13	6	7	20	17	17	30	21	12	18	16	7	9	21	13	13	17	12	11	10	16	13	11	21	8	19	18	14	14	27	24	11	6	10	17	12	17	7	16	20	11	14	12	17	10	12	17	16	6	12	18	28	22	17	20	14	19	19	12	13	19	16	18	10	11	11	14	21	8	24	16	19	14	10	13	15	25	7	24	15	21	7	10	15	24	17	10	16	12	12	9	19	16	7	14	23	18	17	14	6	16	19	14	11	15	12	10	17	12	19	16	19	16	13	11	16	11	24	3	19	18	17	14	7	19	27	20	15	7	14	19	12	13	17	24	16	13	9	17	17	15
14	14	14	16	21	11	5	23	26	17	8	25	13	15	12	20	13	14	14	7	13	19	13	14	15	19	11	11	16	14	17	21	13	11	22	17	17	14	9	15	24	11	12	11	16	12	22	15	12	12	20	8	17	12	16	10	9	19	12	10	20	17	16	14	17	20	24	22	9	12	16	14	17	10	11	13	14	12	7	15	18	12	21	15	23	12	17	9	18	19	22	12	8	13	17	13	10	11	15	19	14	9	16	21	21	9	14	18	6	16	12	11	8	10	13	14	14	8	19	9	20	17	17	11	9	19	18	16	12	21	21	17	18	16	15	21	14	17	11	16	19	18	11	11	24	18	28	12	17	16	21	12	10	17	20	17
14	11	13	18	23	11	12	17	15	6	13	32	6	11	13	20	7	7	18	17	9	21	12	10	16	13	9	18	18	13	12	22	11	5	16	14	24	14	17	12	18	16	14	13	24	15	17	10	9	12	17	7	10	20	15	14	13	22	12	12	14	16	18	12	13	28	19	12	20	11	19	18	17	13	12	16	14	19	11	14	14	19	20	14	16	25	20	10	10	15	22	15	11	15	16	23	10	12	24	20	20	12	12	18	16	5	26	28	14	19	10	16	14	12	16	17	19	11	18	12	13	12	12	18	17	19	25	15	11	15	11	17	27	10	18	15	20	7	12	27	21	12	7	14	14	18	13	15	24	24	20	9	10	17	24	20
14	23	11	21	15	5	14	26	19	8	16	16	15	20	20	15	14	6	16	13	15	13	14	9	19	20	11	16	13	17	11	18	11	18	17	17	19	8	17	14	11	15	11	13	12	18	14	12	7	20	18	17	12	16	16	9	15	17	12	20	14	16	14	17	11	24	11	9	12	13	14	13	26	11	15	14	13	16	15	13	12	14	19	9	12	28	12	18	20	22	10	15	5	17	9	24	11	14	19	19	18	7	21	17	21	8	17	20	16	10	20	18	10	12	14	15	10	19	11	18	17	13	18	24	10	18	15	22	21	12	17	15	10	11	21	20	11	11	10	19	15	18	11	14	13	12	12	7	16	18	14	10	15	20	23	10
14	24	7	23	18	12	11	15	28	13	12	24	11	12	20	17	7	19	12	9	12	12	14	14	13	12	18	10	17	12	15	15	5	11	14	12	21	11	16	11	16	17	13	15	15	12	19	9	23	17	20	10	12	15	11	13	12	20	15	14	18	18	19	13	17	19	23	17	11	14	18	24	20	12	17	14	24	15	14	9	19	21	14	13	25	20	18	10	11	22	23	18	11	16	17	15	12	10	20	19	14	12	18	16	14	13	16	16	19	12	13	21	12	9	17	10	12	18	17	19	17	16	22	16	15	25	15	20	15	12	17	12	14	11	15	14	25	12	9	21	11	14	14	16	15	15	15	12	24	22	16	10	11	24	18	24
11	27	15	15	20	14	10	19	17	16	17	21	20	12	15	13	6	9	17	15	12	14	18	18	20	11	16	10	23	11	17	16	18	16	17	14	12	17	17	11	15	19	13	8	18	16	11	7	5	18	16	12	15	16	17	15	5	17	13	14	16	14	24	11	10	11	12	13	13	10	13	19	15	15	15	13	19	17	13	9	14	16	15	17	28	22	17	20	11	10	13	12	15	9	28	20	14	13	19	16	11	8	17	14	22	9	18	25	10	14	15	20	12	16	15	17	13	11	8	20	21	14	25	13	14	15	22	18	12	11	15	14	13	17	20	20	10	10	6	15	24	12	14	12	22	15	7	11	18	19	23	15	16	23	16	17
7	18	13	18	17	11	11	28	14	12	19	21	12	8	17	18	19	16	15	12	11	14	20	20	12	13	10	19	13	15	23	24	11	13	12	16	16	17	12	15	17	19	15	15	12	16	25	23	11	20	13	12	10	11	24	12	11	13	21	18	7	19	14	17	10	23	17	13	14	14	24	14	17	17	15	24	15	18	9	10	21	17	15	11	20	17	23	11	15	23	22	12	14	17	16	20	10	12	19	14	20	20	16	15	21	9	20	9	12	14	20	21	9	11	10	18	16	17	18	14	18	9	12	25	9	15	21	21	12	15	12	16	18	14	14	20	21	9	15	11	20	16	16	11	16	17	12	9	22	17	15	11	11	18	18	18
11	18	10	20	23	10	9	17	20	17	13	18	12	12	13	20	9	10	19	12	15	18	19	9	11	16	10	15	19	17	5	22	16	13	14	17	16	14	22	11	19	16	8	14	16	24	15	5	21	16	15	15	11	17	22	5	4	21	20	16	13	24	16	10	8	12	12	16	10	16	19	18	16	15	15	19	21	20	9	14	16	21	19	9	22	13	17	11	14	13	11	23	10	28	11	18	13	8	16	11	13	7	14	19	19	19	21	18	14	15	9	21	16	8	17	14	24	8	15	11	24	6	18	16	15	22	8	19	11	12	14	19	22	12	20	22	21	6	11	24	15	16	12	16	25	21	11	15	19	19	22	16	9	16	21	16
6	19	14	17	20	11	8	14	19	19	16	17	8	5	18	12	16	14	17	11	15	20	24	7	13	15	19	13	12	23	13	16	13	18	16	15	17	12	15	10	19	20	15	20	16	11	19	11	7	13	29	10	12	24	22	11	12	16	16	7	14	14	15	10	21	17	20	18	14	13	14	20	19	15	11	15	25	20	10	15	17	19	26	11	17	22	23	15	14	22	16	14	10	16	19	15	12	14	14	16	14	13	15	22	13	7	12	21	14	13	10	25	11	12	18	17	12	18	9	12	17	17	25	18	9	21	14	11	15	18	16	16	12	9	20	18	12	15	7	20	22	11	11	17	19	22	9	11	17	17	16	11	6	18	22	20
6	15	16	23	16	9	11	20	14	13	12	22	12	4	20	27	10	8	21	15	12	19	14	13	16	22	15	12	14	5	8	25	13	11	17	20	17	18	18	14	16	20	14	14	24	17	18	21	12	15	16	11	12	22	18	4	13	17	19	13	12	16	13	8	6	12	24	21	16	13	18	17	15	15	18	21	20	24	14	11	21	21	15	14	13	13	17	14	14	11	17	22	9	11	23	16	8	12	11	12	22	13	19	23	14	17	20	17	15	14	18	17	8	9	14	14	14	15	14	22	17	12	22	14	9	8	12	20	12	13	19	14	24	14	22	18	15	11	13	15	19	26	16	13	12	15	15	13	19	11	20	9	11	21	18	15
17	23	6	20	23	8	13	19	12	16	5	16	5	7	12	20	14	14	17	15	13	24	15	14	15	16	13	9	21	13	18	23	18	19	15	13	16	11	16	16	20	17	20	18	11	21	15	7	8	29	22	12	14	22	12	12	9	21	12	14	10	15	11	21	9	20	22	16	13	13	20	19	22	11	10	25	15	22	15	14	19	9	18	12	22	11	16	14	18	16	21	16	10	19	20	12	14	14	16	19	18	10	22	19	14	9	15	19	13	10	17	21	12	9	17	23	9	9	9	19	17	13	20	14	18	14	20	19	18	11	16	20	22	8	18	14	15	7	14	22	20	16	17	10	13	13	11	16	17	19	16	6	10	22	17	13
13	12	12	16	18	11	8	14	13	12	13	23	4	21	27	20	8	14	19	12	14	14	19	12	22	17	12	14	15	8	11	17	11	14	20	12	20	14	16	8	20	17	14	11	17	24	19	12	10	16	14	12	12	18	12	13	8	23	15	12	8	13	22	6	16	24	21	14	13	10	17	13	16	18	13	20	20	15	11	12	21	19	16	12	13	23	19	14	13	17	12	15	11	23	28	12	12	13	12	28	18	13	23	18	16	11	21	20	14	21	15	15	9	16	14	15	20	14	21	13	17	10	10	17	15	12	19	20	13	9	14	22	14	16	18	18	17	13	8	19	15	14	13	15	20	12	13	8	11	12	25	11	10	18	20	20
12	19	9	23	21	13	24	12	15	5	37	23	7	22	20	14	14	29	18	13	33	15	11	12	16	13	9	34	14	18	30	16	19	30	13	17	17	15	16	11	17	21	18	32	21	19	19	8	28	22	14	14	28	12	17	9	40	20	21	10	20	11	15	9	30	22	17	13	13	31	19	22	18	10	27	15	14	20	14	31	9	16	10	13	11	13	11	18	29	21	9	14	17	20	21	14	14	17	19	16	15	13	19	13	12	12	20	18	10	38	19	16	9	25	23	21	19	9	31	16	9	13	15	16	10	20	17	23	11	24	20	16	16	12	14	25	20	14	21	20	13	12	10	32	16	22	16	29	19	14	18	10	32	17	15	14
11	10	14	18	3	8	100	13	7	13	91	16	21	96	20	6	14	100	11	14	93	19	10	15	17	9	14	103	11	11	113	22	14	104	12	9	12	10	20	7	17	4	11	86	24	9	13	10	104	14	10	12	98	12	10	8	106	18	20	8	94	22	6	16	104	21	10	14	10	108	13	12	14	13	93	20	9	29	12	105	19	12	30	18	23	4	20	13	108	12	9	23	12	28	10	15	13	102	28	2	19	14	18	14	18	19	14	26	21	99	12	16	16	96	15	9	24	21	102	16	21	16	20	17	9	19	9	11	9	90	22	11	23	10	18	10	17	8	97	15	7	21	15	101	14	16	8	117	12	5	12	10	105	20	8	29
26	15	24	21	10	24	81	15	12	37	105	9	22	92	14	6	29	100	18	33	70	11	6	30	13	7	34	88	17	30	80	17	30	63	17	4	31	21	22	26	21	8	32	78	19	8	33	28	81	14	2	28	84	17	4	40	76	14	36	20	84	15	5	30	81	17	6	39	31	72	22	8	30	27	84	14	11	122	31	82	16	11	36	28	13	10	35	29	80	9	9	36	19	21	10	42	17	75	16	12	30	21	13	2	37	22	15	36	38	75	26	29	25	65	21	6	36	31	96	17	35	22	15	37	17	17	6	33	24	85	16	9	30	22	25	10	34	21	85	13	4	40	32	86	15	47	29	79	14	8	33	32	74	15	13	21
123	11	111	3	2	100	68	7	3	91	82	7	96	79	6	6	100	74	11	93	75	10	6	92	9	7	103	89	12	113	66	9	104	85	9	6	125	115	8	115	4	14	86	73	9	11	149	104	76	10	8	98	85	10	3	106	86	8	126	94	83	6	6	104	67	10	10	123	108	89	12	11	124	93	73	9	10	101	105	70	12	4	129	108	4	9	139	108	60	9	4	147	78	10	9	132	102	73	2	4	143	88	14	4	130	96	5	125	99	53	9	135	96	79	9	6	131	102	81	6	126	98	12	126	108	9	12	122	90	79	11	11	136	80	10	7	106	97	70	7	9	125	101	74	13	115	117	72	5	8	133	105	85	8	8	12
90	6	96	10	7	81	71	12	8	105	66	6	92	76	6	12	100	78	2	70	79	6	6	85	7	8	88	78	5	80	75	5	63	82	4	5	106	104	4	79	8	6	78	71	8	11	96	81	62	2	6	84	73	4	3	76	67	7	98	84	53	5	8	81	70	6	5	88	72	66	8	8	92	84	75	11	6	96	82	73	11	8	91	86	10	7	106	80	90	9	10	100	93	10	7	98	75	75	12	9	99	93	2	4	110	97	12	88	75	77	8	102	65	63	6	6	101	96	65	6	116	69	10	95	82	6	9	106	85	78	9	10	111	85	10	9	113	85	85	4	8	83	86	65	7	92	79	73	8	7	102	74	73	13	5	0
82	7	71	2	12	68	83	3	3	82	73	7	79	70	6	10	74	70	4	75	68	6	10	62	7	9	89	71	7	66	67	5	85	81	6	8	88	77	3	60	14	7	73	66	11	6	101	76	71	8	9	85	72	3	9	86	67	6	113	83	66	6	6	67	73	10	7	103	89	61	11	4	88	73	72	10	7	80	70	76	4	7	83	81	9	10	111	60	50	4	6	110	83	9	2	88	73	70	4	8	98	76	4	5	103	83	7	82	53	66	7	75	79	59	6	3	100	81	67	12	80	74	7	88	83	12	8	80	79	82	11	6	89	72	7	11	80	70	66	9	5	99	74	64	8	83	72	64	8	7	104	85	81	8	6	7
79	8	73	7	9	71	72	8	10	66	59	12	76	72	12	8	78	69	7	79	75	6	10	79	8	8	78	60	9	75	57	11	82	68	5	10	93	88	8	68	6	5	71	65	11	8	97	62	63	6	5	73	61	3	7	67	62	8	104	53	69	8	4	70	72	5	2	90	66	59	8	13	88	75	73	6	8	82	73	63	8	4	80	72	7	11	96	90	75	10	6	84	86	7	5	89	75	60	9	7	78	69	4	8	88	57	11	77	77	66	5	91	63	60	6	2	100	65	54	4	90	58	6	100	64	9	6	71	78	64	10	9	90	67	9	11	82	85	62	8	8	86	65	44	5	96	73	68	7	9	87	73	75	5	9	8
74	20	73	12	6	83	79	3	5	73	62	4	70	59	10	4	70	56	5	68	59	10	8	68	9	12	71	68	10	67	58	8	81	74	8	7	76	57	6	67	7	4	66	62	6	7	83	71	67	9	5	72	50	9	4	67	69	6	88	66	69	6	5	73	58	7	6	64	61	87	4	3	73	72	57	7	10	71	76	49	7	7	69	52	10	7	78	50	49	6	7	90	72	2	7	87	70	59	8	7	75	64	5	7	66	68	8	86	66	59	13	89	59	63	3	4	84	67	63	2	84	67	8	71	57	8	6	94	82	66	6	8	78	64	11	9	81	66	74	5	5	94	64	85	7	96	64	57	7	5	72	81	70	6	10	5
