#Saved Data from the class wavemeter_logger_logic on 02.12.2022 at 16h51m37s.
#
#Parameters:
#===========
#
#Start Time (s): 02.12.2022 16h:51min:03s
#Stop Time (s): 02.12.2022 16h:51min:37s
#
#Data:
#=====
#Measurement Time (s)	Signal (counts/s)	Interpolated Wavelength (nm)
1.199555397034e-02	7.000000000000e+02	7.370370781052e+02
2.892255783081e-02	3.000000000000e+02	7.370370781052e+02
4.855704307556e-02	1.050000000000e+03	7.370370781052e+02
6.858611106873e-02	4.500000000000e+02	7.370370781052e+02
8.856487274170e-02	7.500000000000e+02	7.370370781052e+02
1.085846424103e-01	2.000000000000e+02	7.370370781052e+02
1.285080909729e-01	4.000000000000e+02	7.370370781052e+02
1.544389724731e-01	7.000000000000e+02	7.370370781052e+02
1.723909378052e-01	1.000000000000e+03	7.370370781052e+02
1.933357715607e-01	9.000000000000e+02	7.370370781052e+02
2.103128433228e-01	4.000000000000e+02	7.370370781052e+02
2.521777153015e-01	6.000000000000e+02	7.370370781052e+02
2.531752586365e-01	6.000000000000e+02	7.370370781052e+02
2.681350708008e-01	1.050000000000e+03	7.370370781052e+02
2.890794277191e-01	6.000000000000e+02	7.370370781052e+02
3.090484142303e-01	8.000000000000e+02	7.370370781052e+02
3.289721012115e-01	7.500000000000e+02	7.370370781052e+02
3.489413261414e-01	6.000000000000e+02	7.370370781052e+02
3.688974380493e-01	9.000000000000e+02	7.370370781052e+02
3.888494968414e-01	3.500000000000e+02	7.370370781052e+02
4.087812900543e-01	5.500000000000e+02	7.370370781052e+02
4.287281036377e-01	4.500000000000e+02	7.370370781052e+02
4.486744403839e-01	6.000000000000e+02	7.370370781052e+02
4.685990810394e-01	4.000000000000e+02	7.370370781052e+02
4.885680675507e-01	4.000000000000e+02	7.370370781052e+02
5.085194110870e-01	9.500000000000e+02	7.370370781052e+02
5.284659862518e-01	1.000000000000e+03	7.370370781052e+02
5.484080314636e-01	3.500000000000e+02	7.370370781052e+02
5.683584213257e-01	5.000000000000e+02	7.370370781052e+02
5.883393287659e-01	3.000000000000e+02	7.370370781052e+02
6.088402271271e-01	7.500000000000e+02	7.370370781052e+02
6.288814544678e-01	3.500000000000e+02	7.370370781052e+02
6.489026546478e-01	2.000000000000e+02	7.370370781052e+02
6.688265800476e-01	5.000000000000e+02	7.370370781052e+02
6.889677047729e-01	4.500000000000e+02	7.370370471015e+02
7.083516120911e-01	8.000000000000e+02	7.370370471015e+02
7.282888889313e-01	3.000000000000e+02	7.370370471015e+02
7.488276958466e-01	5.500000000000e+02	7.370370471015e+02
7.688486576080e-01	8.500000000000e+02	7.370370471015e+02
7.887752056122e-01	4.500000000000e+02	7.370370471015e+02
8.087456226349e-01	7.000000000000e+02	7.370370471015e+02
8.286964893341e-01	4.500000000000e+02	7.370370471015e+02
8.486883640289e-01	5.500000000000e+02	7.370370471015e+02
8.686106204987e-01	2.500000000000e+02	7.370370471015e+02
8.885388374329e-01	4.000000000000e+02	7.370370471015e+02
9.086041450500e-01	4.500000000000e+02	7.370370471015e+02
9.285507202148e-01	6.500000000000e+02	7.370370471015e+02
9.485018253326e-01	4.000000000000e+02	7.370370471015e+02
9.684441089630e-01	3.000000000000e+02	7.370370444268e+02
9.883673191071e-01	5.500000000000e+02	7.370369898328e+02
1.008341789246e+00	4.500000000000e+02	7.370369624397e+02
1.028288602829e+00	3.500000000000e+02	7.370369624397e+02
1.048230171204e+00	5.500000000000e+02	7.370369599130e+02
1.069151639938e+00	4.500000000000e+02	7.370369567777e+02
1.089107036591e+00	3.000000000000e+02	7.370369534930e+02
1.109069824219e+00	6.000000000000e+02	7.370369504364e+02
1.129017114639e+00	5.000000000000e+02	7.370369474228e+02
1.148963928223e+00	6.000000000000e+02	7.370369443708e+02
1.168937683105e+00	6.000000000000e+02	7.370369420953e+02
1.188856124878e+00	5.500000000000e+02	7.370369400870e+02
1.208802461624e+00	4.000000000000e+02	7.370369392826e+02
1.228749275208e+00	3.500000000000e+02	7.370369374894e+02
1.248724460602e+00	2.000000000000e+02	7.370369343033e+02
1.268670797348e+00	2.500000000000e+02	7.370369318317e+02
1.288589477539e+00	2.000000000000e+02	7.370369294734e+02
1.308757543564e+00	4.000000000000e+02	7.370369273459e+02
1.328711748123e+00	3.000000000000e+02	7.370369249854e+02
1.348810434341e+00	5.000000000000e+02	7.370369207887e+02
1.368937730789e+00	2.500000000000e+02	7.370369207887e+02
1.388327360153e+00	4.000000000000e+02	7.370369189327e+02
1.408610582352e+00	5.000000000000e+02	7.370369163190e+02
1.428704738617e+00	3.500000000000e+02	7.370369134817e+02
1.448905706406e+00	5.500000000000e+02	7.370369103272e+02
1.468581676483e+00	3.500000000000e+02	7.370369064517e+02
1.488752365112e+00	4.500000000000e+02	7.370369039588e+02
1.508675098419e+00	2.000000000000e+02	7.370369016108e+02
1.528127431870e+00	3.500000000000e+02	7.370368995783e+02
1.548098325729e+00	1.500000000000e+02	7.370368974917e+02
1.568074703217e+00	2.500000000000e+02	7.370368964719e+02
1.588126897812e+00	3.000000000000e+02	7.370368932165e+02
1.609016895294e+00	2.000000000000e+02	7.370368902693e+02
1.628961801529e+00	1.500000000000e+02	7.370368874800e+02
1.648914098740e+00	1.500000000000e+02	7.370368842753e+02
1.668859004974e+00	2.000000000000e+02	7.370368825138e+02
1.688793420792e+00	3.500000000000e+02	7.370368825138e+02
1.708747863770e+00	4.000000000000e+02	7.370368796319e+02
1.728677272797e+00	3.500000000000e+02	7.370368767824e+02
1.748617649078e+00	2.500000000000e+02	7.370368741977e+02
1.768587827682e+00	2.500000000000e+02	7.370368709245e+02
1.788526773453e+00	3.500000000000e+02	7.370368684795e+02
1.808457612991e+00	6.500000000000e+02	7.370368684795e+02
1.828404426575e+00	3.000000000000e+02	7.370368661194e+02
1.848373651505e+00	5.000000000000e+02	7.370368630160e+02
1.868320941925e+00	1.000000000000e+02	7.370368600565e+02
1.888253927231e+00	4.500000000000e+02	7.370368576662e+02
1.908213853836e+00	5.500000000000e+02	7.370368555148e+02
1.928165674210e+00	6.000000000000e+02	7.370368514446e+02
1.949085474014e+00	3.000000000000e+02	7.370368474480e+02
1.969059705734e+00	4.500000000000e+02	7.370368445825e+02
1.988981246948e+00	1.000000000000e+02	7.370368426218e+02
2.008947849274e+00	3.500000000000e+02	7.370368406567e+02
2.029055118561e+00	2.500000000000e+02	7.370368403631e+02
2.049001455307e+00	4.000000000000e+02	7.370368386616e+02
2.068390369415e+00	3.500000000000e+02	7.370368351347e+02
2.088522911072e+00	6.500000000000e+02	7.370368332563e+02
2.108767271042e+00	1.500000000000e+02	7.370368305512e+02
2.128732442856e+00	1.500000000000e+02	7.370368261807e+02
2.149676799774e+00	5.000000000000e+02	7.370368239066e+02
2.168660640717e+00	3.500000000000e+02	7.370368220611e+02
2.188096284866e+00	2.000000000000e+02	7.370368216377e+02
2.208401441574e+00	2.000000000000e+02	7.370368187691e+02
2.228340387344e+00	3.500000000000e+02	7.370368163127e+02
2.248287200928e+00	2.000000000000e+02	7.370368141477e+02
2.268233776093e+00	4.500000000000e+02	7.370368108654e+02
2.288191795349e+00	3.000000000000e+02	7.370368068704e+02
2.308127641678e+00	3.500000000000e+02	7.370368048391e+02
2.328096628189e+00	3.500000000000e+02	7.370368036196e+02
2.349043846130e+00	3.500000000000e+02	7.370368032428e+02
2.368992805481e+00	1.000000000000e+02	7.370367995232e+02
2.388934373856e+00	4.000000000000e+02	7.370367958050e+02
2.408857584000e+00	2.000000000000e+02	7.370367956232e+02
2.428830385208e+00	3.500000000000e+02	7.370367926530e+02
2.449773788452e+00	5.000000000000e+02	7.370367890614e+02
2.468722820282e+00	4.000000000000e+02	7.370367857457e+02
2.488677501678e+00	3.000000000000e+02	7.370367830730e+02
2.508618831635e+00	3.000000000000e+02	7.370367812072e+02
2.528537750244e+00	3.500000000000e+02	7.370367812072e+02
2.549481630325e+00	4.500000000000e+02	7.370367785627e+02
2.568459510803e+00	4.500000000000e+02	7.370367756743e+02
2.588377714157e+00	2.500000000000e+02	7.370367728526e+02
2.609320878983e+00	3.500000000000e+02	7.370367694815e+02
2.628270387650e+00	2.000000000000e+02	7.370367664649e+02
2.649238586426e+00	9.500000000000e+02	7.370367636854e+02
2.668204307556e+00	2.000000000000e+02	7.370367627587e+02
2.689107656479e+00	4.000000000000e+02	7.370367624836e+02
2.709078311920e+00	2.500000000000e+02	7.370367597285e+02
2.728294372559e+00	4.000000000000e+02	7.370367570617e+02
2.750175476074e+00	3.000000000000e+02	7.370367540123e+02
2.769095897675e+00	3.000000000000e+02	7.370367507056e+02
2.788176774979e+00	3.000000000000e+02	7.370367481318e+02
2.808841228485e+00	4.500000000000e+02	7.370367459337e+02
2.829112529755e+00	3.500000000000e+02	7.370367444286e+02
2.850035667419e+00	2.000000000000e+02	7.370367444286e+02
2.869115591049e+00	1.500000000000e+02	7.370367417025e+02
2.888468742371e+00	4.500000000000e+02	7.370367392905e+02
2.908856630325e+00	2.500000000000e+02	7.370367372624e+02
2.929126262665e+00	2.000000000000e+02	7.370367346693e+02
2.950074911118e+00	2.000000000000e+02	7.370367321913e+02
2.969048261642e+00	2.000000000000e+02	7.370367321913e+02
2.989033699036e+00	4.500000000000e+02	7.370367278071e+02
3.009062528610e+00	2.500000000000e+02	7.370367234106e+02
3.029041051865e+00	3.500000000000e+02	7.370367234106e+02
3.048977851868e+00	4.000000000000e+02	7.370367212915e+02
3.068916797638e+00	2.000000000000e+02	7.370367185543e+02
3.088871955872e+00	3.000000000000e+02	7.370367149840e+02
3.108817577362e+00	3.000000000000e+02	7.370367123764e+02
3.128774642944e+00	6.000000000000e+02	7.370367098727e+02
3.148688077927e+00	3.000000000000e+02	7.370367096265e+02
3.168634891510e+00	2.500000000000e+02	7.370367083536e+02
3.188581705093e+00	2.500000000000e+02	7.370367062277e+02
3.208528518677e+00	3.500000000000e+02	7.370367034030e+02
3.228475570679e+00	2.500000000000e+02	7.370367005157e+02
3.248421430588e+00	1.500000000000e+02	7.370366978899e+02
3.268391132355e+00	3.000000000000e+02	7.370366944489e+02
3.288314819336e+00	2.500000000000e+02	7.370366926627e+02
3.308261156082e+00	3.500000000000e+02	7.370366926627e+02
3.328208446503e+00	1.000000000000e+02	7.370366907084e+02
3.348567485809e+00	1.000000000000e+02	7.370366882148e+02
3.368581771851e+00	2.000000000000e+02	7.370366846539e+02
3.388549566269e+00	1.500000000000e+02	7.370366823757e+02
3.408496618271e+00	1.500000000000e+02	7.370366814302e+02
3.428594589233e+00	2.000000000000e+02	7.370366818398e+02
3.449529170990e+00	3.500000000000e+02	7.370366820023e+02
3.468509912491e+00	3.000000000000e+02	7.370366821023e+02
3.488957405090e+00	5.000000000000e+02	7.370366841521e+02
3.508411645889e+00	3.000000000000e+02	7.370366859320e+02
3.528245449066e+00	2.500000000000e+02	7.370366874503e+02
3.549471616745e+00	2.000000000000e+02	7.370366899740e+02
3.568675994873e+00	3.000000000000e+02	7.370366925368e+02
3.588559865952e+00	3.500000000000e+02	7.370366953524e+02
3.608793258667e+00	1.500000000000e+02	7.370366963409e+02
3.629207611084e+00	2.000000000000e+02	7.370366968926e+02
3.649253129959e+00	2.000000000000e+02	7.370366991097e+02
3.668410062790e+00	2.000000000000e+02	7.370367013757e+02
3.688298702240e+00	5.000000000000e+02	7.370367038474e+02
3.708267211914e+00	3.000000000000e+02	7.370367065098e+02
3.728214740753e+00	4.500000000000e+02	7.370367091672e+02
3.748162031174e+00	2.500000000000e+02	7.370367118218e+02
3.768110513687e+00	3.500000000000e+02	7.370367119528e+02
3.789054870605e+00	4.000000000000e+02	7.370367131645e+02
3.809029579163e+00	4.000000000000e+02	7.370367158606e+02
3.828967571259e+00	1.500000000000e+02	7.370367185281e+02
3.848918437958e+00	1.000000000000e+02	7.370367210779e+02
3.868866205215e+00	2.500000000000e+02	7.370367232885e+02
3.888806343079e+00	3.000000000000e+02	7.370367256688e+02
3.908734083176e+00	2.500000000000e+02	7.370367278918e+02
3.928680896759e+00	3.000000000000e+02	7.370367278918e+02
3.948649883270e+00	4.500000000000e+02	7.370367295817e+02
3.968573808670e+00	2.000000000000e+02	7.370367323957e+02
3.988520383835e+00	2.500000000000e+02	7.370367352644e+02
4.008489608765e+00	2.000000000000e+02	7.370367379038e+02
4.028413534164e+00	3.500000000000e+02	7.370367403058e+02
4.048360824585e+00	2.000000000000e+02	7.370367431540e+02
4.068329095840e+00	3.000000000000e+02	7.370367450377e+02
4.088279724121e+00	2.000000000000e+02	7.370367450377e+02
4.108222484589e+00	3.000000000000e+02	7.370367467558e+02
4.128146409988e+00	5.000000000000e+02	7.370367489625e+02
4.148117065430e+00	2.500000000000e+02	7.370367513688e+02
4.169038057327e+00	3.000000000000e+02	7.370367544074e+02
4.189007997513e+00	3.500000000000e+02	7.370367575141e+02
4.208935976028e+00	5.000000000000e+02	7.370367606421e+02
4.228294372559e+00	1.000000000000e+02	7.370367627945e+02
4.249690771103e+00	4.000000000000e+02	7.370367647343e+02
4.268659591675e+00	2.000000000000e+02	7.370367660904e+02
4.288744211197e+00	2.000000000000e+02	7.370367660904e+02
4.308251142502e+00	4.500000000000e+02	7.370367700356e+02
4.328476190567e+00	3.000000000000e+02	7.370367744176e+02
4.348964214325e+00	2.000000000000e+02	7.370367744176e+02
4.368910551071e+00	3.500000000000e+02	7.370367759098e+02
4.388856887817e+00	5.000000000000e+01	7.370367780416e+02
4.408803224564e+00	4.000000000000e+02	7.370367812150e+02
4.428773403168e+00	3.500000000000e+02	7.370367844304e+02
4.448727607727e+00	1.000000000000e+02	7.370367861217e+02
4.468644142151e+00	4.000000000000e+02	7.370367881571e+02
4.488590002060e+00	6.500000000000e+02	7.370367910072e+02
4.508562326431e+00	2.000000000000e+02	7.370367940511e+02
4.528483390808e+00	3.000000000000e+02	7.370367966852e+02
4.548429489136e+00	5.500000000000e+02	7.370367966852e+02
4.568399429321e+00	2.500000000000e+02	7.370367985971e+02
4.588323354721e+00	5.000000000000e+02	7.370368016366e+02
4.608301639557e+00	3.500000000000e+02	7.370368042692e+02
4.628216981888e+00	5.500000000000e+02	7.370368071072e+02
4.648473978043e+00	9.500000000000e+02	7.370368101715e+02
4.668415546417e+00	5.000000000000e+02	7.370368132659e+02
4.688367366791e+00	4.000000000000e+02	7.370368145004e+02
4.708295106888e+00	4.500000000000e+02	7.370368146393e+02
4.728255748749e+00	5.500000000000e+02	7.370368173938e+02
4.748205900192e+00	2.000000000000e+02	7.370368203485e+02
4.768149137497e+00	5.500000000000e+02	7.370368235153e+02
4.789068698883e+00	6.000000000000e+02	7.370368268886e+02
4.809044599533e+00	2.500000000000e+02	7.370368276961e+02
4.828962564468e+00	1.500000000000e+02	7.370368276961e+02
4.848909378052e+00	4.500000000000e+02	7.370368302968e+02
4.868855953217e+00	3.500000000000e+02	7.370368331577e+02
4.888802528381e+00	4.500000000000e+02	7.370368359626e+02
4.908797979355e+00	3.500000000000e+02	7.370368387827e+02
4.929009437561e+00	6.000000000000e+02	7.370368415754e+02
4.949037790298e+00	4.500000000000e+02	7.370368440029e+02
4.968977928162e+00	3.000000000000e+02	7.370368472744e+02
4.988965511322e+00	3.500000000000e+02	7.370368502965e+02
5.008871793747e+00	3.000000000000e+02	7.370368502965e+02
5.028837442398e+00	4.500000000000e+02	7.370368523493e+02
5.048227310181e+00	4.500000000000e+02	7.370368553201e+02
5.068618059158e+00	3.000000000000e+02	7.370368581565e+02
5.088708162308e+00	4.000000000000e+02	7.370368607190e+02
5.108680486679e+00	3.000000000000e+02	7.370368631153e+02
5.128643512726e+00	6.000000000000e+02	7.370368631153e+02
5.148593902588e+00	4.000000000000e+02	7.370368644405e+02
5.168514013290e+00	7.500000000000e+02	7.370368673731e+02
5.188486814499e+00	2.500000000000e+02	7.370368703522e+02
5.208406925201e+00	5.500000000000e+02	7.370368734727e+02
5.228353977203e+00	6.000000000000e+02	7.370368771667e+02
5.248321056366e+00	2.000000000000e+02	7.370368779056e+02
5.268270492554e+00	4.500000000000e+02	7.370368786959e+02
5.288221120834e+00	1.000000000000e+02	7.370368818443e+02
5.309140443802e+00	2.500000000000e+02	7.370368848116e+02
5.328113555908e+00	4.000000000000e+02	7.370368873955e+02
5.349057912827e+00	3.000000000000e+02	7.370368901269e+02
5.369003534317e+00	4.000000000000e+02	7.370368927739e+02
5.388999938965e+00	3.000000000000e+02	7.370368954581e+02
5.409024953842e+00	3.500000000000e+02	7.370368989044e+02
5.428969621658e+00	5.000000000000e+02	7.370369006171e+02
5.448897600174e+00	7.500000000000e+02	7.370369006171e+02
5.468843936920e+00	7.500000000000e+02	7.370369037492e+02
5.488892078400e+00	3.500000000000e+02	7.370369068644e+02
5.508867502213e+00	8.500000000000e+02	7.370369096724e+02
5.528817176819e+00	8.000000000000e+02	7.370369128679e+02
5.548734188080e+00	6.500000000000e+02	7.370369158203e+02
5.569701910019e+00	3.500000000000e+02	7.370369181076e+02
5.588627576828e+00	7.000000000000e+02	7.370369200932e+02
5.608574151993e+00	6.500000000000e+02	7.370369221255e+02
5.628543615341e+00	5.500000000000e+02	7.370369234466e+02
5.648468494415e+00	3.500000000000e+02	7.370369237269e+02
5.668414115906e+00	5.000000000000e+01	7.370369265287e+02
5.688376665115e+00	3.500000000000e+02	7.370369293790e+02
5.708477258682e+00	3.500000000000e+02	7.370369323353e+02
5.728668928146e+00	2.000000000000e+02	7.370369353154e+02
5.748580694199e+00	5.000000000000e+02	7.370369376569e+02
5.768686294556e+00	4.000000000000e+02	7.370369380234e+02
5.788790225983e+00	2.000000000000e+02	7.370369417187e+02
5.808859586716e+00	5.000000000000e+02	7.370369440965e+02
5.828806161880e+00	8.000000000000e+02	7.370369460297e+02
5.848780155182e+00	8.500000000000e+02	7.370369485916e+02
5.868719100952e+00	3.000000000000e+02	7.370369517272e+02
5.888646364212e+00	4.000000000000e+02	7.370369544578e+02
5.908593654633e+00	7.500000000000e+02	7.370369572880e+02
5.928539991379e+00	6.500000000000e+02	7.370369602365e+02
5.948509693146e+00	4.500000000000e+02	7.370369603839e+02
5.968455314636e+00	6.500000000000e+02	7.370369615022e+02
5.988379478455e+00	2.500000000000e+02	7.370369642874e+02
6.008326530457e+00	3.000000000000e+02	7.370369685218e+02
6.028273344040e+00	5.500000000000e+02	7.370369711370e+02
6.048219203949e+00	5.000000000000e+02	7.370369730919e+02
6.068193197250e+00	2.000000000000e+02	7.370369758484e+02
6.089109659195e+00	3.000000000000e+02	7.370369790453e+02
6.108169794083e+00	4.000000000000e+02	7.370369818204e+02
6.129090309143e+00	1.050000000000e+03	7.370369828334e+02
6.149060487747e+00	6.500000000000e+02	7.370369834090e+02
6.168990850449e+00	6.500000000000e+02	7.370369872128e+02
6.188930034637e+00	5.500000000000e+02	7.370369897801e+02
6.208875894547e+00	5.500000000000e+02	7.370369922475e+02
6.228822946548e+00	5.500000000000e+02	7.370369946307e+02
6.248797893524e+00	7.500000000000e+02	7.370369958223e+02
6.268743991852e+00	6.500000000000e+02	7.370369965837e+02
6.288662672043e+00	5.500000000000e+02	7.370369996084e+02
6.308628797531e+00	4.000000000000e+02	7.370370020576e+02
6.328712940216e+00	6.000000000000e+02	7.370370043736e+02
6.348773002625e+00	3.000000000000e+02	7.370370070728e+02
6.368887424469e+00	1.150000000000e+03	7.370370098780e+02
6.389006614685e+00	5.000000000000e+02	7.370370126910e+02
6.409039497375e+00	4.500000000000e+02	7.370370155987e+02
6.428985834122e+00	3.500000000000e+02	7.370370180897e+02
6.448932647705e+00	6.000000000000e+02	7.370370180897e+02
6.468902587891e+00	6.000000000000e+02	7.370370200327e+02
6.488960742950e+00	2.500000000000e+02	7.370370226965e+02
6.508952140808e+00	6.500000000000e+02	7.370370257092e+02
6.528920888901e+00	2.000000000000e+02	7.370370285607e+02
6.548303365707e+00	1.100000000000e+03	7.370370310214e+02
6.568258523941e+00	9.000000000000e+02	7.370370310214e+02
6.588205099106e+00	7.000000000000e+02	7.370370324012e+02
6.609121561050e+00	5.500000000000e+02	7.370370352827e+02
6.629067182541e+00	2.500000000000e+02	7.370370378527e+02
6.649014472961e+00	1.500000000000e+02	7.370370405884e+02
6.668960809708e+00	6.000000000000e+02	7.370370436311e+02
6.688907861710e+00	1.350000000000e+03	7.370370467527e+02
6.709075212479e+00	1.100000000000e+03	7.370370499329e+02
6.729022026062e+00	8.000000000000e+02	7.370370530538e+02
6.748968362808e+00	8.000000000000e+02	7.370370536835e+02
6.768914937973e+00	8.500000000000e+02	7.370370544167e+02
6.788861513138e+00	9.500000000000e+02	7.370370573631e+02
6.808855295181e+00	1.250000000000e+03	7.370370601939e+02
6.828775405884e+00	6.500000000000e+02	7.370370629726e+02
6.848725795746e+00	6.000000000000e+02	7.370370657511e+02
6.868671417236e+00	1.000000000000e+02	7.370370667201e+02
6.888618230820e+00	4.000000000000e+02	7.370370669720e+02
6.908564567566e+00	1.100000000000e+03	7.370370694611e+02
6.928487300873e+00	1.850000000000e+03	7.370370719674e+02
6.948457241058e+00	9.000000000000e+02	7.370370745396e+02
6.968404769897e+00	9.000000000000e+02	7.370370772434e+02
6.988327503204e+00	1.400000000000e+03	7.370370800536e+02
7.008274316788e+00	1.250000000000e+03	7.370370836715e+02
7.028244256973e+00	1.050000000000e+03	7.370370863624e+02
7.048195838928e+00	1.200000000000e+03	7.370370885047e+02
7.068137645721e+00	9.500000000000e+02	7.370370890393e+02
7.089058876038e+00	1.250000000000e+03	7.370370905812e+02
7.108252763748e+00	7.000000000000e+02	7.370370930620e+02
7.128477096558e+00	1.250000000000e+03	7.370370956315e+02
7.148730754852e+00	1.050000000000e+03	7.370370982680e+02
7.168684720993e+00	7.500000000000e+02	7.370371013245e+02
7.188633203506e+00	2.300000000000e+03	7.370371043912e+02
7.208569288254e+00	1.050000000000e+03	7.370371065425e+02
7.228777408600e+00	1.500000000000e+03	7.370371065425e+02
7.248862743378e+00	1.250000000000e+03	7.370371075587e+02
7.268941640854e+00	1.500000000000e+02	7.370371093989e+02
7.288887739182e+00	1.250000000000e+03	7.370371136328e+02
7.308852910995e+00	2.000000000000e+03	7.370371175681e+02
7.328780412674e+00	2.000000000000e+02	7.370371202375e+02
7.348750114441e+00	8.000000000000e+02	7.370371225567e+02
7.368701696396e+00	1.150000000000e+03	7.370371237150e+02
7.388622999191e+00	1.550000000000e+03	7.370371237150e+02
7.408590078354e+00	9.500000000000e+02	7.370371263326e+02
7.428544282913e+00	9.000000000000e+02	7.370371291740e+02
7.448482751846e+00	1.800000000000e+03	7.370371321210e+02
7.468494892120e+00	1.900000000000e+03	7.370371340763e+02
7.488944053650e+00	1.850000000000e+03	7.370371359607e+02
7.509899377823e+00	1.800000000000e+03	7.370371365108e+02
7.528851032257e+00	1.550000000000e+03	7.370371397454e+02
7.548794746399e+00	1.100000000000e+03	7.370371437810e+02
7.568739414215e+00	9.500000000000e+02	7.370371453966e+02
7.588685750961e+00	6.000000000000e+02	7.370371468484e+02
7.609629869461e+00	1.450000000000e+03	7.370371493899e+02
7.628579854965e+00	1.900000000000e+03	7.370371518058e+02
7.648503780365e+00	1.500000000000e+02	7.370371544842e+02
7.668472766876e+00	1.350000000000e+03	7.370371577759e+02
7.688397169113e+00	7.500000000000e+02	7.370371601796e+02
7.708342790604e+00	1.150000000000e+03	7.370371622076e+02
7.728289604187e+00	1.400000000000e+03	7.370371624104e+02
7.748258829117e+00	1.350000000000e+03	7.370371639027e+02
7.768182516098e+00	3.500000000000e+02	7.370371671808e+02
7.788823127747e+00	9.500000000000e+02	7.370371698693e+02
7.808331251144e+00	2.000000000000e+03	7.370371725965e+02
7.828344106674e+00	1.850000000000e+03	7.370371757492e+02
7.848829507828e+00	1.400000000000e+03	7.370371784036e+02
7.868822574615e+00	2.250000000000e+03	7.370371809616e+02
7.889038801193e+00	2.350000000000e+03	7.370371834715e+02
7.908985137939e+00	3.250000000000e+03	7.370371842144e+02
7.928931236267e+00	1.700000000000e+03	7.370371849664e+02
7.948877811432e+00	2.500000000000e+02	7.370371874733e+02
7.968831777573e+00	1.050000000000e+03	7.370371901989e+02
7.988364458084e+00	1.950000000000e+03	7.370371929539e+02
8.008333444595e+00	1.450000000000e+03	7.370371957385e+02
8.029254674911e+00	1.350000000000e+03	7.370371965703e+02
8.048227310181e+00	9.000000000000e+02	7.370371970649e+02
8.068172931671e+00	1.350000000000e+03	7.370372003630e+02
8.088121414185e+00	1.450000000000e+03	7.370372033336e+02
8.109041690826e+00	1.000000000000e+03	7.370372061886e+02
8.129011869431e+00	2.400000000000e+03	7.370372091104e+02
8.148957729340e+00	2.200000000000e+03	7.370372120355e+02
8.168904781342e+00	3.200000000000e+03	7.370372149666e+02
8.188862323761e+00	2.900000000000e+03	7.370372149666e+02
8.208801984787e+00	2.750000000000e+03	7.370372165892e+02
8.228745698929e+00	2.100000000000e+03	7.370372201838e+02
8.248690366745e+00	2.350000000000e+03	7.370372232396e+02
8.268614530563e+00	2.550000000000e+03	7.370372232396e+02
8.288561105728e+00	1.700000000000e+03	7.370372239390e+02
8.308507204056e+00	2.550000000000e+03	7.370372267404e+02
8.328476667404e+00	2.500000000000e+03	7.370372301804e+02
8.348404645920e+00	3.050000000000e+03	7.370372332629e+02
8.368369817734e+00	2.350000000000e+03	7.370372356641e+02
8.388295173645e+00	2.250000000000e+03	7.370372382358e+02
8.408240079880e+00	2.400000000000e+03	7.370372409657e+02
8.428186655045e+00	1.500000000000e+03	7.370372444262e+02
8.448132991791e+00	1.500000000000e+03	7.370372452929e+02
8.469077110291e+00	3.450000000000e+03	7.370372454945e+02
8.489023685455e+00	1.900000000000e+03	7.370372475106e+02
8.508543968201e+00	3.000000000000e+02	7.370372494835e+02
8.528400182724e+00	1.050000000000e+03	7.370372529584e+02
8.549345493317e+00	2.700000000000e+03	7.370372558540e+02
8.568294286728e+00	3.150000000000e+03	7.370372580156e+02
8.588712215424e+00	2.550000000000e+03	7.370372580156e+02
8.608956575394e+00	3.400000000000e+03	7.370372614196e+02
8.628935813904e+00	2.550000000000e+03	7.370372650794e+02
8.648461818695e+00	2.600000000000e+03	7.370372674689e+02
8.668560504913e+00	2.400000000000e+03	7.370372703598e+02
8.688724517822e+00	1.400000000000e+03	7.370372734636e+02
8.708779811859e+00	2.250000000000e+03	7.370372757902e+02
8.728601217270e+00	2.500000000000e+03	7.370372781280e+02
8.748547554016e+00	1.900000000000e+03	7.370372812118e+02
8.768514633179e+00	2.200000000000e+03	7.370372822912e+02
8.788439989090e+00	2.650000000000e+03	7.370372831266e+02
8.808407068253e+00	2.350000000000e+03	7.370372859144e+02
8.828334093094e+00	3.000000000000e+03	7.370372886519e+02
8.848280906677e+00	8.500000000000e+02	7.370372913623e+02
8.868249416351e+00	2.850000000000e+03	7.370372942980e+02
8.888188362122e+00	2.900000000000e+03	7.370372970644e+02
8.908139228821e+00	2.500000000000e+03	7.370372994573e+02
8.928100347519e+00	1.100000000000e+03	7.370372994573e+02
8.949010372162e+00	1.050000000000e+03	7.370373014599e+02
8.968957662582e+00	3.200000000000e+03	7.370373044914e+02
8.988905906677e+00	2.800000000000e+03	7.370373069971e+02
9.008851289749e+00	1.100000000000e+03	7.370373095653e+02
9.028807401657e+00	1.300000000000e+03	7.370373122816e+02
9.048766136169e+00	2.650000000000e+03	7.370373152735e+02
9.068691015244e+00	2.800000000000e+03	7.370373183128e+02
9.088657140732e+00	2.050000000000e+03	7.370373212034e+02
9.108606338501e+00	2.250000000000e+03	7.370373223557e+02
9.128560304642e+00	2.000000000000e+03	7.370373223557e+02
9.148477315903e+00	1.050000000000e+03	7.370373255327e+02
9.168451070786e+00	2.100000000000e+03	7.370373283518e+02
9.188370227814e+00	2.300000000000e+03	7.370373309198e+02
9.208343982697e+00	3.100000000000e+03	7.370373342434e+02
9.228312492371e+00	2.300000000000e+03	7.370373357742e+02
9.248564481735e+00	1.650000000000e+03	7.370373357742e+02
9.268511295319e+00	2.150000000000e+03	7.370373385865e+02
9.288457393646e+00	1.600000000000e+03	7.370373419233e+02
9.308427333832e+00	1.600000000000e+03	7.370373449322e+02
9.329348325729e+00	2.550000000000e+03	7.370373479734e+02
9.348320722580e+00	6.000000000000e+02	7.370373507459e+02
9.368243932724e+00	1.950000000000e+03	7.370373537928e+02
9.388190269470e+00	2.350000000000e+03	7.370373567075e+02
9.408160686493e+00	1.600000000000e+03	7.370373594865e+02
9.428106307983e+00	8.500000000000e+02	7.370373615294e+02
9.449027299881e+00	1.150000000000e+03	7.370373636722e+02
9.468974828720e+00	2.050000000000e+03	7.370373641672e+02
9.488921403885e+00	1.500000000000e+03	7.370373670744e+02
9.508867979050e+00	1.600000000000e+03	7.370373698367e+02
9.528813600540e+00	5.000000000000e+02	7.370373724805e+02
9.548774719238e+00	1.050000000000e+03	7.370373727450e+02
9.568726539612e+00	1.950000000000e+03	7.370373739020e+02
9.588676691055e+00	2.200000000000e+03	7.370373772086e+02
9.608145475388e+00	2.050000000000e+03	7.370373801078e+02
9.628092050552e+00	1.100000000000e+03	7.370373829416e+02
9.649035215378e+00	1.000000000000e+03	7.370373857575e+02
9.668982505798e+00	1.050000000000e+03	7.370373889082e+02
9.688944101334e+00	1.000000000000e+02	7.370373921834e+02
9.708875417709e+00	1.900000000000e+03	7.370373946965e+02
9.728822231293e+00	1.850000000000e+03	7.370373970156e+02
9.748290300369e+00	2.050000000000e+03	7.370373991224e+02
9.768214225769e+00	2.050000000000e+03	7.370374005230e+02
9.788160562515e+00	1.850000000000e+03	7.370374005230e+02
9.808130502701e+00	9.500000000000e+02	7.370374029629e+02
9.829051256180e+00	1.400000000000e+03	7.370374064889e+02
9.849021673203e+00	9.500000000000e+02	7.370374104295e+02
9.868944406509e+00	1.400000000000e+03	7.370374128240e+02
9.888891220093e+00	1.850000000000e+03	7.370374147420e+02
9.908837795258e+00	1.200000000000e+03	7.370374151038e+02
9.928807735443e+00	2.150000000000e+03	7.370374175184e+02
9.948795080185e+00	1.000000000000e+03	7.370374202389e+02
9.968942880630e+00	6.500000000000e+02	7.370374244440e+02
9.988888978958e+00	8.000000000000e+02	7.370374265359e+02
1.000881338120e+01	6.500000000000e+02	7.370374286256e+02
1.002820205688e+01	1.150000000000e+03	7.370374317047e+02
1.004816746712e+01	1.350000000000e+03	7.370374350242e+02
1.006867098808e+01	9.500000000000e+02	7.370374379541e+02
1.008877062798e+01	8.000000000000e+02	7.370374379541e+02
1.010885906219e+01	5.000000000000e+02	7.370374397271e+02
1.012818050385e+01	1.100000000000e+03	7.370374421722e+02
1.014830517769e+01	1.250000000000e+03	7.370374446858e+02
1.016825127602e+01	1.350000000000e+03	7.370374473360e+02
1.018819880486e+01	1.300000000000e+03	7.370374502297e+02
1.020869088173e+01	8.000000000000e+02	7.370374542414e+02
1.022863149643e+01	8.000000000000e+02	7.370374571440e+02
1.024858093262e+01	1.350000000000e+03	7.370374594191e+02
1.026852703094e+01	6.000000000000e+02	7.370374599850e+02
1.028849172592e+01	1.150000000000e+03	7.370374605177e+02
1.030842018127e+01	7.500000000000e+02	7.370374631508e+02
1.032836484909e+01	1.150000000000e+03	7.370374658165e+02
1.034828972816e+01	9.500000000000e+02	7.370374685000e+02
1.036823534966e+01	9.500000000000e+02	7.370374718317e+02
1.038818311691e+01	1.050000000000e+03	7.370374733312e+02
1.040916371346e+01	4.500000000000e+02	7.370374733312e+02
1.042910099030e+01	9.500000000000e+02	7.370374762538e+02
1.044907426834e+01	3.500000000000e+02	7.370374793137e+02
1.046899676323e+01	8.500000000000e+02	7.370374822851e+02
1.048896408081e+01	3.000000000000e+02	7.370374848151e+02
1.050891566277e+01	8.500000000000e+02	7.370374876185e+02
1.052886176109e+01	1.150000000000e+03	7.370374909319e+02
1.054878044128e+01	5.500000000000e+02	7.370374914295e+02
1.056872701645e+01	8.000000000000e+02	7.370374923441e+02
1.058870172501e+01	5.500000000000e+02	7.370374949609e+02
1.060861992836e+01	8.500000000000e+02	7.370374978794e+02
1.062859463692e+01	8.000000000000e+02	7.370375008136e+02
1.064854884148e+01	3.500000000000e+02	7.370375035235e+02
1.066861081123e+01	7.500000000000e+02	7.370375062985e+02
1.068886017799e+01	6.500000000000e+02	7.370375085423e+02
1.070850515366e+01	7.500000000000e+02	7.370375085423e+02
1.072861790657e+01	9.500000000000e+02	7.370375102281e+02
1.074851179123e+01	1.050000000000e+03	7.370375129671e+02
1.076835918427e+01	7.500000000000e+02	7.370375153195e+02
1.078851962090e+01	4.500000000000e+02	7.370375176890e+02
1.080945158005e+01	7.000000000000e+02	7.370375208486e+02
1.082846283913e+01	1.050000000000e+03	7.370375243972e+02
1.084882783890e+01	4.000000000000e+02	7.370375284496e+02
1.086891865730e+01	7.000000000000e+02	7.370375307138e+02
1.088903117180e+01	1.050000000000e+03	7.370375319660e+02
1.090897727013e+01	8.500000000000e+02	7.370375319660e+02
1.092892289162e+01	8.000000000000e+02	7.370375343018e+02
1.094887185097e+01	7.500000000000e+02	7.370375373889e+02
1.096879243851e+01	1.050000000000e+03	7.370375405492e+02
1.098878860474e+01	1.100000000000e+03	7.370375425848e+02
1.100870919228e+01	1.150000000000e+03	7.370375446128e+02
1.102863407135e+01	3.500000000000e+02	7.370375472857e+02
1.104860711098e+01	6.000000000000e+02	7.370375507889e+02
1.106855440140e+01	5.000000000000e+02	7.370375540959e+02
1.108847332001e+01	4.500000000000e+02	7.370375540959e+02
1.110844182968e+01	9.000000000000e+02	7.370375565127e+02
1.112838912010e+01	6.500000000000e+02	7.370375596535e+02
1.114837145805e+01	5.000000000000e+02	7.370375625384e+02
1.116834115982e+01	8.500000000000e+02	7.370375655328e+02
1.118826103210e+01	1.500000000000e+02	7.370375683241e+02
1.120920419693e+01	2.000000000000e+02	7.370375683241e+02
1.122817635536e+01	7.500000000000e+02	7.370375700932e+02
1.124812340736e+01	8.500000000000e+02	7.370375730486e+02
1.126906681061e+01	8.500000000000e+02	7.370375762684e+02
1.128901529312e+01	8.000000000000e+02	7.370375791059e+02
1.130896520615e+01	7.000000000000e+02	7.370375817914e+02
1.132891154289e+01	5.000000000000e+02	7.370375849033e+02
1.134886503220e+01	5.000000000000e+02	7.370375879035e+02
1.136880064011e+01	6.000000000000e+02	7.370375905902e+02
1.138874793053e+01	9.000000000000e+02	7.370375930478e+02
1.140898323059e+01	7.000000000000e+02	7.370375954149e+02
1.142893695831e+01	5.500000000000e+02	7.370375963464e+02
1.144885277748e+01	1.350000000000e+03	7.370375974234e+02
1.146893000603e+01	9.500000000000e+02	7.370376015922e+02
1.148888206482e+01	8.000000000000e+02	7.370376042984e+02
1.150817656517e+01	4.000000000000e+02	7.370376067343e+02
1.152811002731e+01	4.500000000000e+02	7.370376091447e+02
1.154934406281e+01	7.000000000000e+02	7.370376120328e+02
1.156828212738e+01	8.500000000000e+02	7.370376146670e+02
1.158837413788e+01	7.000000000000e+02	7.370376146670e+02
1.160860729218e+01	6.000000000000e+02	7.370376169515e+02
1.162855362892e+01	4.000000000000e+02	7.370376201690e+02
1.164850068092e+01	3.000000000000e+02	7.370376234446e+02
1.166881680489e+01	1.000000000000e+03	7.370376260173e+02
1.168876314163e+01	6.000000000000e+02	7.370376282992e+02
1.170873856544e+01	7.500000000000e+02	7.370376288723e+02
1.172867918015e+01	4.000000000000e+02	7.370376301740e+02
1.174862527847e+01	9.000000000000e+02	7.370376323433e+02
1.176859951019e+01	7.500000000000e+02	7.370376350425e+02
1.178857350349e+01	6.500000000000e+02	7.370376380532e+02
1.180854272842e+01	5.500000000000e+02	7.370376407240e+02
1.182846713066e+01	8.000000000000e+02	7.370376437948e+02
1.184841370583e+01	8.000000000000e+02	7.370376472880e+02
1.186838340759e+01	9.500000000000e+02	7.370376500613e+02
1.188830637932e+01	1.200000000000e+03	7.370376511686e+02
1.190827703476e+01	1.050000000000e+03	7.370376513018e+02
1.192820000648e+01	8.000000000000e+02	7.370376539596e+02
1.194817185402e+01	7.000000000000e+02	7.370376569345e+02
1.197011089325e+01	8.000000000000e+02	7.370376608332e+02
1.198906469345e+01	5.000000000000e+02	7.370376633236e+02
1.200901174545e+01	6.500000000000e+02	7.370376659952e+02
1.202895784378e+01	9.000000000000e+02	7.370376687849e+02
1.204887700081e+01	9.000000000000e+02	7.370376716776e+02
1.206882333755e+01	6.000000000000e+02	7.370376737336e+02
1.208876991272e+01	8.000000000000e+02	7.370376737336e+02
1.210886597633e+01	7.000000000000e+02	7.370376762649e+02
1.212867140770e+01	9.000000000000e+02	7.370376791518e+02
1.214891719818e+01	8.500000000000e+02	7.370376819718e+02
1.216898941994e+01	6.500000000000e+02	7.370376847343e+02
1.218893647194e+01	5.000000000000e+02	7.370376874655e+02
1.220894455910e+01	8.000000000000e+02	7.370376905805e+02
1.222854304314e+01	8.500000000000e+02	7.370376916911e+02
1.224881720543e+01	8.500000000000e+02	7.370376919814e+02
1.226818394661e+01	7.000000000000e+02	7.370376948001e+02
1.228910350800e+01	8.500000000000e+02	7.370376975654e+02
1.230832743645e+01	7.500000000000e+02	7.370376999144e+02
1.232830691338e+01	9.500000000000e+02	7.370377028841e+02
1.234824633598e+01	1.500000000000e+02	7.370377059186e+02
1.236816811562e+01	8.000000000000e+02	7.370377085323e+02
1.238913965225e+01	8.500000000000e+02	7.370377111515e+02
1.240908193588e+01	6.500000000000e+02	7.370377135646e+02
1.242902755737e+01	5.000000000000e+01	7.370377141652e+02
1.244897437096e+01	3.000000000000e+02	7.370377148159e+02
1.246892666817e+01	5.500000000000e+02	7.370377180713e+02
1.248885965347e+01	5.000000000000e+02	7.370377208584e+02
1.250879120827e+01	4.500000000000e+02	7.370377234566e+02
1.252876591682e+01	1.000000000000e+03	7.370377262621e+02
1.254870748520e+01	4.500000000000e+02	7.370377275221e+02
1.256865406036e+01	6.000000000000e+02	7.370377285270e+02
1.258859181404e+01	8.500000000000e+02	7.370377318777e+02
1.260854744911e+01	8.000000000000e+02	7.370377344726e+02
1.262849950790e+01	8.500000000000e+02	7.370377368767e+02
1.264844083786e+01	7.500000000000e+02	7.370377397498e+02
1.266839194298e+01	7.000000000000e+02	7.370377426306e+02
1.268831157684e+01	7.000000000000e+02	7.370377452508e+02
1.270828294754e+01	1.000000000000e+03	7.370377461692e+02
1.272823190689e+01	1.000000000000e+03	7.370377479859e+02
1.274817848206e+01	1.000000000000e+03	7.370377509340e+02
1.276812052727e+01	8.500000000000e+02	7.370377531913e+02
1.278806805611e+01	5.500000000000e+02	7.370377555689e+02
1.280904102325e+01	7.000000000000e+02	7.370377591866e+02
1.282861518860e+01	5.500000000000e+02	7.370377622748e+02
1.284884524345e+01	8.500000000000e+02	7.370377652689e+02
1.286893820763e+01	2.500000000000e+02	7.370377679632e+02
1.288888382912e+01	7.500000000000e+02	7.370377709521e+02
1.290883564949e+01	1.050000000000e+03	7.370377737368e+02
1.292887854576e+01	6.500000000000e+02	7.370377737368e+02
1.294901204109e+01	1.050000000000e+03	7.370377757263e+02
1.296911263466e+01	7.500000000000e+02	7.370377787760e+02
1.298850917816e+01	9.500000000000e+02	7.370377815986e+02
1.300878119469e+01	8.500000000000e+02	7.370377843634e+02
1.302899765968e+01	1.000000000000e+03	7.370377870016e+02
1.304894399643e+01	9.000000000000e+02	7.370377901008e+02
1.306889057159e+01	8.500000000000e+02	7.370377925184e+02
1.308884620667e+01	8.500000000000e+02	7.370377925184e+02
1.310901594162e+01	8.500000000000e+02	7.370377944593e+02
1.312896323204e+01	2.500000000000e+02	7.370377973940e+02
1.314890980721e+01	8.000000000000e+02	7.370378003055e+02
1.316885685921e+01	2.500000000000e+02	7.370378034091e+02
1.318880248070e+01	4.500000000000e+02	7.370378066243e+02
1.320877742767e+01	6.500000000000e+02	7.370378097522e+02
1.322872066498e+01	1.150000000000e+03	7.370378109974e+02
1.324864315987e+01	1.000000000000e+03	7.370378111414e+02
1.326858997345e+01	1.200000000000e+03	7.370378140217e+02
1.328853631020e+01	8.500000000000e+02	7.370378168895e+02
1.330848336220e+01	8.000000000000e+02	7.370378197472e+02
1.332842898369e+01	7.000000000000e+02	7.370378223370e+02
1.334840035439e+01	4.500000000000e+02	7.370378249642e+02
1.336834502220e+01	8.500000000000e+02	7.370378278909e+02
1.338826918602e+01	9.000000000000e+02	7.370378290624e+02
1.340821576118e+01	1.150000000000e+03	7.370378298304e+02
1.342818474770e+01	9.000000000000e+02	7.370378323932e+02
1.344813132286e+01	9.500000000000e+02	7.370378354524e+02
1.346907448769e+01	9.500000000000e+02	7.370378389474e+02
1.348899936676e+01	1.300000000000e+03	7.370378409590e+02
1.350894594193e+01	8.500000000000e+02	7.370378429728e+02
1.352889204025e+01	1.250000000000e+03	7.370378462239e+02
1.354892301559e+01	1.000000000000e+03	7.370378497105e+02
1.356860256195e+01	1.700000000000e+03	7.370378523745e+02
1.358881235123e+01	1.200000000000e+03	7.370378523745e+02
1.360890436172e+01	1.400000000000e+03	7.370378539114e+02
1.362843370438e+01	1.200000000000e+03	7.370378572474e+02
1.364851856232e+01	1.050000000000e+03	7.370378607990e+02
1.366853260994e+01	1.450000000000e+03	7.370378637354e+02
1.368846487999e+01	1.450000000000e+03	7.370378664480e+02
1.370880985260e+01	1.400000000000e+03	7.370378690908e+02
1.372875595093e+01	1.250000000000e+03	7.370378701273e+02
1.374890470505e+01	9.000000000000e+02	7.370378704543e+02
1.376885056496e+01	3.000000000000e+02	7.370378737215e+02
1.378979802132e+01	1.200000000000e+03	7.370378767869e+02
1.380819010735e+01	1.500000000000e+03	7.370378791859e+02
1.382882356644e+01	9.500000000000e+02	7.370378815923e+02
1.384874582291e+01	1.400000000000e+03	7.370378838120e+02
1.386869192123e+01	1.650000000000e+03	7.370378882682e+02
1.388965845108e+01	1.650000000000e+03	7.370378891829e+02
1.390860795975e+01	1.550000000000e+03	7.370378891829e+02
1.392855310440e+01	1.050000000000e+03	7.370378920050e+02
1.394872641563e+01	1.750000000000e+03	7.370378954246e+02
1.396867275238e+01	2.000000000000e+02	7.370378986485e+02
1.398862385750e+01	1.800000000000e+03	7.370379012964e+02
1.400856471062e+01	1.700000000000e+03	7.370379038988e+02
1.402853250504e+01	5.000000000000e+02	7.370379063728e+02
1.404843592644e+01	1.250000000000e+03	7.370379091955e+02
1.406838250160e+01	6.000000000000e+02	7.370379123978e+02
1.408836269379e+01	1.700000000000e+03	7.370379123978e+02
1.410830044746e+01	1.450000000000e+03	7.370379146187e+02
1.412827062607e+01	1.150000000000e+03	7.370379177770e+02
1.414822173119e+01	2.000000000000e+02	7.370379208596e+02
1.416816329956e+01	1.250000000000e+03	7.370379238830e+02
1.418908429146e+01	1.900000000000e+03	7.370379265735e+02
1.420903086662e+01	1.450000000000e+03	7.370379265735e+02
1.422897744179e+01	2.750000000000e+03	7.370379284111e+02
1.424895262718e+01	2.550000000000e+03	7.370379313534e+02
1.426887059212e+01	1.500000000000e+03	7.370379349149e+02
1.428904795647e+01	1.600000000000e+03	7.370379376393e+02
1.431096172333e+01	2.100000000000e+03	7.370379399667e+02
1.432892918587e+01	1.850000000000e+03	7.370379426418e+02
1.434887647629e+01	2.950000000000e+03	7.370379459410e+02
1.436882257462e+01	2.200000000000e+03	7.370379484012e+02
1.438890361786e+01	2.400000000000e+03	7.370379501369e+02
1.440888047218e+01	1.800000000000e+03	7.370379504545e+02
1.442821836472e+01	2.400000000000e+03	7.370379535317e+02
1.444869327545e+01	2.050000000000e+03	7.370379566886e+02
1.446858763695e+01	3.050000000000e+03	7.370379596415e+02
1.448853445053e+01	2.700000000000e+03	7.370379621702e+02
1.450850415230e+01	2.100000000000e+03	7.370379647315e+02
1.452845215797e+01	2.150000000000e+03	7.370379673782e+02
1.454837536812e+01	1.750000000000e+03	7.370379686983e+02
1.456834483147e+01	1.400000000000e+03	7.370379693439e+02
1.458827686310e+01	2.000000000000e+03	7.370379719151e+02
1.460823726654e+01	1.700000000000e+03	7.370379745866e+02
1.462816166878e+01	1.900000000000e+03	7.370379774325e+02
1.464815998077e+01	1.950000000000e+03	7.370379815065e+02
1.466906809807e+01	1.400000000000e+03	7.370379853675e+02
1.468900561333e+01	1.800000000000e+03	7.370379885015e+02
1.470894479752e+01	2.100000000000e+03	7.370379906918e+02
1.472891521454e+01	2.250000000000e+03	7.370379922256e+02
1.474886274338e+01	2.450000000000e+03	7.370379922256e+02
1.476878476143e+01	1.600000000000e+03	7.370379940708e+02
1.478875446320e+01	2.450000000000e+03	7.370379967989e+02
1.480870079994e+01	2.550000000000e+03	7.370380003144e+02
1.482896947861e+01	2.150000000000e+03	7.370380037473e+02
1.484891557693e+01	2.650000000000e+03	7.370380066899e+02
1.486888504028e+01	2.550000000000e+03	7.370380066899e+02
1.488883471489e+01	2.100000000000e+03	7.370380087635e+02
1.490879511833e+01	2.300000000000e+03	7.370380121940e+02
1.492870235443e+01	1.650000000000e+03	7.370380152455e+02
1.494867086411e+01	1.900000000000e+03	7.370380187447e+02
1.496877455711e+01	1.800000000000e+03	7.370380225742e+02
1.498868584633e+01	1.500000000000e+03	7.370380251881e+02
1.500874257088e+01	2.650000000000e+03	7.370380267591e+02
1.502890443802e+01	1.500000000000e+03	7.370380267591e+02
1.504813766479e+01	1.700000000000e+03	7.370380294520e+02
1.506856250763e+01	1.750000000000e+03	7.370380325270e+02
1.508853650093e+01	9.000000000000e+02	7.370380353270e+02
1.510848307610e+01	1.250000000000e+03	7.370380385547e+02
1.512888669968e+01	1.750000000000e+03	7.370380419541e+02
1.514903020859e+01	1.100000000000e+03	7.370380452807e+02
1.516840887070e+01	1.600000000000e+03	7.370380461044e+02
1.518835592270e+01	1.850000000000e+03	7.370380465394e+02
1.520830154419e+01	1.550000000000e+03	7.370380494394e+02
1.522827053070e+01	2.350000000000e+03	7.370380526625e+02
1.524819493294e+01	1.450000000000e+03	7.370380560100e+02
1.526816439629e+01	1.750000000000e+03	7.370380590051e+02
1.528811454773e+01	1.600000000000e+03	7.370380614363e+02
1.530905652046e+01	2.350000000000e+03	7.370380635090e+02
1.532899928093e+01	2.450000000000e+03	7.370380649871e+02
1.534895110130e+01	9.500000000000e+02	7.370380663471e+02
1.536889433861e+01	1.400000000000e+03	7.370380693602e+02
1.538881945610e+01	1.050000000000e+03	7.370380724929e+02
1.540876603127e+01	1.350000000000e+03	7.370380754005e+02
1.542873501778e+01	8.000000000000e+02	7.370380775606e+02
1.544868397713e+01	9.000000000000e+02	7.370380801447e+02
1.546860551834e+01	1.550000000000e+03	7.370380846517e+02
1.548858666420e+01	1.000000000000e+02	7.370380873160e+02
1.550849795341e+01	5.500000000000e+02	7.370380891769e+02
1.552844548225e+01	1.750000000000e+03	7.370380893026e+02
1.554841709137e+01	1.550000000000e+03	7.370380918210e+02
1.556836104393e+01	7.500000000000e+02	7.370380944094e+02
1.558828473091e+01	1.100000000000e+03	7.370380983580e+02
1.560922908783e+01	1.250000000000e+03	7.370381014122e+02
1.562820553780e+01	4.000000000000e+02	7.370381040990e+02
1.564815187454e+01	4.500000000000e+02	7.370381071722e+02
1.566835093498e+01	9.500000000000e+02	7.370381095648e+02
1.568832182884e+01	1.500000000000e+03	7.370381116259e+02
1.570828866959e+01	8.500000000000e+02	7.370381122426e+02
1.572924470901e+01	4.500000000000e+02	7.370381129434e+02
1.574918842316e+01	1.050000000000e+03	7.370381174292e+02
1.576846051216e+01	9.500000000000e+02	7.370381196906e+02
1.578841924667e+01	1.300000000000e+03	7.370381220798e+02
1.580836749077e+01	1.450000000000e+03	7.370381253664e+02
1.582870554924e+01	9.500000000000e+02	7.370381287690e+02
1.584861564636e+01	6.500000000000e+02	7.370381316274e+02
1.586877965927e+01	1.050000000000e+03	7.370381316274e+02
1.588965511322e+01	1.150000000000e+03	7.370381340576e+02
1.590856385231e+01	1.050000000000e+03	7.370381366283e+02
1.592853331566e+01	7.500000000000e+02	7.370381389510e+02
1.594847917557e+01	1.100000000000e+03	7.370381417154e+02
1.596842694283e+01	1.150000000000e+03	7.370381449681e+02
1.598834991455e+01	1.300000000000e+03	7.370381449681e+02
1.600832128525e+01	8.000000000000e+02	7.370381462555e+02
1.602827048302e+01	1.300000000000e+03	7.370381483969e+02
1.604821276665e+01	1.100000000000e+03	7.370381514110e+02
1.606816387177e+01	1.350000000000e+03	7.370381547603e+02
1.608811306953e+01	9.500000000000e+02	7.370381572265e+02
1.610902690887e+01	5.500000000000e+02	7.370381600713e+02
1.612899780273e+01	1.000000000000e+03	7.370381629277e+02
1.614894318581e+01	3.000000000000e+02	7.370381659694e+02
1.616888976097e+01	8.000000000000e+02	7.370381667295e+02
1.618881464005e+01	9.000000000000e+02	7.370381669725e+02
1.620875978470e+01	1.050000000000e+03	7.370381694006e+02
1.622870635986e+01	8.000000000000e+02	7.370381723122e+02
1.624867653847e+01	7.500000000000e+02	7.370381754618e+02
1.626859951019e+01	7.500000000000e+02	7.370381771699e+02
1.628856897354e+01	9.500000000000e+02	7.370381788820e+02
1.630849385262e+01	1.150000000000e+03	7.370381820366e+02
1.632846236229e+01	1.000000000000e+03	7.370381851968e+02
1.634841012955e+01	1.250000000000e+03	7.370381877151e+02
1.636835527420e+01	7.000000000000e+02	7.370381885935e+02
1.638827943802e+01	6.000000000000e+02	7.370381908811e+02
1.640822696686e+01	9.500000000000e+02	7.370381939313e+02
1.642830562592e+01	4.500000000000e+02	7.370381970015e+02
1.644849848747e+01	8.500000000000e+02	7.370381993118e+02
1.646864891052e+01	8.500000000000e+02	7.370382018890e+02
1.648864054680e+01	9.000000000000e+02	7.370382018890e+02
1.650870251656e+01	7.000000000000e+02	7.370382033794e+02
1.652867865562e+01	5.000000000000e+02	7.370382058345e+02
1.654873704910e+01	8.500000000000e+02	7.370382086814e+02
1.656871891022e+01	6.000000000000e+02	7.370382120895e+02
1.658870959282e+01	7.500000000000e+02	7.370382144133e+02
1.660894465446e+01	7.500000000000e+02	7.370382175785e+02
1.662888240814e+01	6.500000000000e+02	7.370382206192e+02
1.664833211899e+01	6.000000000000e+02	7.370382206192e+02
1.666828346252e+01	9.500000000000e+02	7.370382225973e+02
1.668825483322e+01	8.500000000000e+02	7.370382253787e+02
1.670817208290e+01	6.000000000000e+02	7.370382277779e+02
1.672811865807e+01	1.100000000000e+03	7.370382305325e+02
1.674906325340e+01	9.000000000000e+02	7.370382345850e+02
1.676901173592e+01	6.000000000000e+02	7.370382366883e+02
1.678893327713e+01	9.000000000000e+02	7.370382388841e+02
1.680889391899e+01	1.250000000000e+03	7.370382419424e+02
1.682886505127e+01	8.000000000000e+02	7.370382430100e+02
1.684877371788e+01	3.500000000000e+02	7.370382433522e+02
1.686879444122e+01	9.000000000000e+02	7.370382467852e+02
1.688874149323e+01	1.050000000000e+03	7.370382496205e+02
1.690866518021e+01	7.000000000000e+02	7.370382522579e+02
1.692861127853e+01	8.000000000000e+02	7.370382553473e+02
1.694858074188e+01	6.000000000000e+02	7.370382586927e+02
1.696853113174e+01	7.500000000000e+02	7.370382619478e+02
1.698845195770e+01	5.000000000000e+02	7.370382619478e+02
1.700839781761e+01	7.500000000000e+02	7.370382632267e+02
1.702834463120e+01	7.500000000000e+02	7.370382664245e+02
1.704829120636e+01	7.500000000000e+02	7.370382694273e+02
1.706826591492e+01	1.150000000000e+03	7.370382724819e+02
1.708818531036e+01	3.000000000000e+02	7.370382756558e+02
1.710813093185e+01	5.000000000000e+02	7.370382785521e+02
1.712909674644e+01	1.000000000000e+02	7.370382809544e+02
1.714916038513e+01	5.500000000000e+02	7.370382809544e+02
1.716848659515e+01	4.500000000000e+02	7.370382831377e+02
1.718863081932e+01	4.500000000000e+02	7.370382860401e+02
1.720887660980e+01	2.000000000000e+02	7.370382891551e+02
1.722882342339e+01	4.500000000000e+02	7.370382921768e+02
1.724880290031e+01	4.500000000000e+02	7.370382948796e+02
1.726894688606e+01	5.000000000000e+02	7.370382948796e+02
1.728811073303e+01	4.000000000000e+02	7.370382966308e+02
1.730840969086e+01	6.500000000000e+02	7.370382998205e+02
1.732951521873e+01	2.500000000000e+02	7.370383029813e+02
1.734860205650e+01	6.000000000000e+02	7.370383058116e+02
1.736857318878e+01	2.500000000000e+02	7.370383087220e+02
1.738849639893e+01	7.500000000000e+02	7.370383115619e+02
1.740852570534e+01	6.000000000000e+02	7.370383144061e+02
1.742844533920e+01	4.500000000000e+02	7.370383172630e+02
1.744841432571e+01	4.500000000000e+02	7.370383184072e+02
1.746836543083e+01	6.500000000000e+02	7.370383188490e+02
1.748828434944e+01	9.500000000000e+02	7.370383217644e+02
1.750825381279e+01	3.500000000000e+02	7.370383246129e+02
1.752820134163e+01	3.000000000000e+02	7.370383274088e+02
1.754812455177e+01	2.000000000000e+02	7.370383306382e+02
1.756906914711e+01	6.500000000000e+02	7.370383327709e+02
1.758903861046e+01	4.500000000000e+02	7.370383327709e+02
1.760898256302e+01	4.500000000000e+02	7.370383351909e+02
1.762890815735e+01	1.500000000000e+02	7.370383381213e+02
1.764885497093e+01	2.500000000000e+02	7.370383412213e+02
1.766883349419e+01	2.500000000000e+02	7.370383443284e+02
1.768877148628e+01	2.000000000000e+02	7.370383472295e+02
1.770854043961e+01	3.000000000000e+02	7.370383495137e+02
1.772850704193e+01	5.500000000000e+02	7.370383518207e+02
1.774842739105e+01	2.500000000000e+02	7.370383562038e+02
1.776835584641e+01	1.500000000000e+02	7.370383582199e+02
1.778832602501e+01	5.500000000000e+02	7.370383602401e+02
1.780824875832e+01	2.000000000000e+02	7.370383605443e+02
1.782920479774e+01	3.000000000000e+02	7.370383627155e+02
1.784913945198e+01	2.000000000000e+02	7.370383659844e+02
1.786808848381e+01	4.500000000000e+02	7.370383685261e+02
1.788832187653e+01	2.500000000000e+02	7.370383713317e+02
1.790862751007e+01	1.500000000000e+02	7.370383744172e+02
1.792903065681e+01	3.500000000000e+02	7.370383774705e+02
1.794913220406e+01	4.000000000000e+02	7.370383800141e+02
1.796840524673e+01	3.000000000000e+02	7.370383801356e+02
1.798874664307e+01	2.500000000000e+02	7.370383826009e+02
1.800882267952e+01	3.000000000000e+02	7.370383850683e+02
1.802825975418e+01	2.500000000000e+02	7.370383875350e+02
1.804918193817e+01	2.500000000000e+02	7.370383906830e+02
1.806813097000e+01	5.000000000000e+01	7.370383940097e+02
1.808907437325e+01	3.000000000000e+02	7.370383973893e+02
1.810904574394e+01	2.500000000000e+02	7.370383981940e+02
1.812899279594e+01	4.000000000000e+02	7.370383981940e+02
1.815090894699e+01	2.500000000000e+02	7.370384020786e+02
1.816888403893e+01	2.000000000000e+02	7.370384046217e+02
1.818880748749e+01	4.000000000000e+02	7.370384071364e+02
1.820875406265e+01	1.500000000000e+02	7.370384102931e+02
1.822870063782e+01	2.500000000000e+02	7.370384122549e+02
1.824867177010e+01	1.500000000000e+02	7.370384122549e+02
1.826859450340e+01	3.500000000000e+02	7.370384145000e+02
1.828897500038e+01	1.500000000000e+02	7.370384176120e+02
1.830891537666e+01	3.000000000000e+02	7.370384208020e+02
1.832883429527e+01	2.500000000000e+02	7.370384238772e+02
1.834880518913e+01	3.000000000000e+02	7.370384269054e+02
1.836875629425e+01	1.500000000000e+02	7.370384298592e+02
1.838878107071e+01	1.000000000000e+02	7.370384312406e+02
1.840872788429e+01	4.000000000000e+02	7.370384319451e+02
1.842866873741e+01	5.000000000000e+02	7.370384323324e+02
1.844961285591e+01	6.000000000000e+02	7.370384319631e+02
1.846856236458e+01	2.000000000000e+02	7.370384311693e+02
1.848853182793e+01	3.000000000000e+02	7.370384294938e+02
1.850845503807e+01	3.500000000000e+02	7.370384277297e+02
1.852840232849e+01	4.000000000000e+02	7.370384258712e+02
1.855036830902e+01	1.000000000000e+02	7.370384255903e+02
1.856829524040e+01	3.500000000000e+02	7.370384241031e+02
1.858824276924e+01	3.000000000000e+02	7.370384191452e+02
1.860851478577e+01	1.500000000000e+02	7.370384179058e+02
1.862869238853e+01	3.500000000000e+02	7.370384173724e+02
1.864856767654e+01	5.000000000000e+01	7.370384147769e+02
1.866852211952e+01	3.500000000000e+02	7.370384119696e+02
1.868871068954e+01	4.000000000000e+02	7.370384091260e+02
1.870894026756e+01	3.000000000000e+02	7.370384068633e+02
1.872861957550e+01	2.500000000000e+02	7.370384060667e+02
1.874858808517e+01	3.500000000000e+02	7.370384060667e+02
1.876878547668e+01	7.000000000000e+02	7.370384031091e+02
1.878894734383e+01	3.500000000000e+02	7.370384003593e+02
1.880889320374e+01	2.500000000000e+02	7.370383978429e+02
1.882884001732e+01	1.500000000000e+02	7.370383952082e+02
1.884876370430e+01	3.000000000000e+02	7.370383936190e+02
1.886871051788e+01	5.000000000000e+01	7.370383936190e+02
1.888868093491e+01	3.000000000000e+02	7.370383916220e+02
1.890873146057e+01	3.000000000000e+02	7.370383891828e+02
1.892867803574e+01	1.000000000000e+02	7.370383865129e+02
1.894862532616e+01	2.500000000000e+02	7.370383837773e+02
1.896857762337e+01	4.000000000000e+02	7.370383811081e+02
1.898851776123e+01	2.000000000000e+02	7.370383789390e+02
1.900846457481e+01	3.000000000000e+02	7.370383768014e+02
1.902841114998e+01	5.000000000000e+02	7.370383747392e+02
1.904835820198e+01	3.000000000000e+02	7.370383722279e+02
1.906834125519e+01	1.500000000000e+02	7.370383690386e+02
1.908828687668e+01	6.000000000000e+02	7.370383690386e+02
1.910826134682e+01	2.000000000000e+02	7.370383671320e+02
1.912820243835e+01	1.500000000000e+02	7.370383647484e+02
1.914914703369e+01	2.500000000000e+02	7.370383621967e+02
1.916809630394e+01	2.500000000000e+02	7.370383599285e+02
1.918901801109e+01	0.000000000000e+00	7.370383575213e+02
1.920896363258e+01	2.500000000000e+02	7.370383544479e+02
1.922891020775e+01	6.000000000000e+02	7.370383514055e+02
1.924987769127e+01	3.000000000000e+02	7.370383489206e+02
1.926885914803e+01	2.000000000000e+02	7.370383479776e+02
1.928877854347e+01	4.000000000000e+02	7.370383478343e+02
1.930892348289e+01	8.000000000000e+02	7.370383449395e+02
1.932889747620e+01	1.000000000000e+02	7.370383422130e+02
1.934920167923e+01	3.500000000000e+02	7.370383395607e+02
1.936823654175e+01	3.500000000000e+02	7.370383359229e+02
1.938850736618e+01	5.500000000000e+02	7.370383347382e+02
1.940873551369e+01	3.500000000000e+02	7.370383344262e+02
1.942868423462e+01	2.500000000000e+02	7.370383323649e+02
1.944904518127e+01	3.500000000000e+02	7.370383297118e+02
1.946913528442e+01	3.000000000000e+02	7.370383261768e+02
1.948905777931e+01	3.000000000000e+02	7.370383245608e+02
1.950812745094e+01	6.000000000000e+02	7.370383230140e+02
1.952909445763e+01	2.000000000000e+02	7.370383196127e+02
1.954904341698e+01	5.000000000000e+02	7.370383163712e+02
1.956896567345e+01	3.000000000000e+02	7.370383138466e+02
1.958891177177e+01	5.500000000000e+02	7.370383138466e+02
1.960885858536e+01	2.500000000000e+02	7.370383119601e+02
1.962880516052e+01	3.500000000000e+02	7.370383088416e+02
1.964877724648e+01	1.500000000000e+02	7.370383062088e+02
1.966869902611e+01	3.500000000000e+02	7.370383037022e+02
1.968864464760e+01	1.500000000000e+02	7.370383012723e+02
1.970861649513e+01	3.000000000000e+02	7.370383005432e+02
1.972856593132e+01	3.000000000000e+02	7.370382998343e+02
1.974854850769e+01	2.500000000000e+02	7.370382974779e+02
1.976850152016e+01	4.000000000000e+02	7.370382943649e+02
1.978847002983e+01	4.500000000000e+02	7.370382911730e+02
1.980841827393e+01	4.000000000000e+02	7.370382885600e+02
1.982836461067e+01	5.000000000000e+02	7.370382857460e+02
1.984831476212e+01	1.500000000000e+02	7.370382828562e+02
1.986923241615e+01	5.000000000000e+02	7.370382798717e+02
1.988818097115e+01	2.500000000000e+02	7.370382788753e+02
1.990913391113e+01	1.250000000000e+03	7.370382788753e+02
1.992810297012e+01	5.500000000000e+02	7.370382762200e+02
1.994904732704e+01	4.000000000000e+02	7.370382729826e+02
1.996897387505e+01	4.000000000000e+02	7.370382701145e+02
1.998891568184e+01	6.500000000000e+02	7.370382670403e+02
2.000885844231e+01	3.000000000000e+02	7.370382653487e+02
2.002836990356e+01	4.000000000000e+02	7.370382653487e+02
2.004867815971e+01	6.500000000000e+02	7.370382628936e+02
2.006870937347e+01	5.500000000000e+02	7.370382601697e+02
2.008859539032e+01	5.500000000000e+02	7.370382576447e+02
2.010862684250e+01	7.500000000000e+02	7.370382549337e+02
2.012892508507e+01	8.000000000000e+02	7.370382521751e+02
2.014867496490e+01	6.500000000000e+02	7.370382496610e+02
2.016873764992e+01	7.500000000000e+02	7.370382466580e+02
2.018867611885e+01	2.500000000000e+02	7.370382438175e+02
2.020886254311e+01	7.000000000000e+02	7.370382438175e+02
2.022886466980e+01	6.000000000000e+02	7.370382422487e+02
2.024881267548e+01	6.000000000000e+02	7.370382396182e+02
2.026876449585e+01	3.000000000000e+02	7.370382367103e+02
2.028912305832e+01	4.000000000000e+02	7.370382340176e+02
2.030909562111e+01	4.000000000000e+02	7.370382316551e+02
2.032899284363e+01	5.000000000000e+02	7.370382315401e+02
2.034896206856e+01	3.000000000000e+02	7.370382303129e+02
2.036890792847e+01	8.500000000000e+02	7.370382275852e+02
2.038887238503e+01	6.000000000000e+02	7.370382252541e+02
2.040880155563e+01	4.500000000000e+02	7.370382229318e+02
2.042874789238e+01	4.000000000000e+02	7.370382200238e+02
2.044869446754e+01	6.500000000000e+02	7.370382170305e+02
2.046861934662e+01	2.000000000000e+02	7.370382141534e+02
2.048856544495e+01	3.500000000000e+02	7.370382125644e+02
2.050851154327e+01	8.500000000000e+02	7.370382109754e+02
2.052848100662e+01	6.000000000000e+02	7.370382082700e+02
2.054840469360e+01	5.500000000000e+02	7.370382065776e+02
2.056835174561e+01	4.000000000000e+02	7.370382058886e+02
2.058829760551e+01	4.000000000000e+02	7.370382024439e+02
2.060824465752e+01	3.000000000000e+02	7.370381999178e+02
2.062819099426e+01	4.500000000000e+02	7.370381980042e+02
2.064816141129e+01	1.150000000000e+03	7.370381944945e+02
2.066910552979e+01	8.000000000000e+02	7.370381926753e+02
2.068902945518e+01	9.000000000000e+02	7.370381926753e+02
2.070897698402e+01	1.100000000000e+03	7.370381907019e+02
2.072892189026e+01	7.500000000000e+02	7.370381881512e+02
2.074918150902e+01	6.000000000000e+02	7.370381848608e+02
2.076838779449e+01	6.000000000000e+02	7.370381823971e+02
2.078858876228e+01	7.500000000000e+02	7.370381799004e+02
2.080896663666e+01	8.500000000000e+02	7.370381771778e+02
2.082904648781e+01	2.500000000000e+02	7.370381744276e+02
2.084899806976e+01	6.000000000000e+02	7.370381723613e+02
2.086898279190e+01	9.500000000000e+02	7.370381723613e+02
2.088819980621e+01	1.150000000000e+03	7.370381704105e+02
2.090850424767e+01	8.000000000000e+02	7.370381674621e+02
2.092853927612e+01	1.500000000000e+02	7.370381646864e+02
2.094844293594e+01	1.300000000000e+03	7.370381622098e+02
2.096836590767e+01	8.000000000000e+02	7.370381598548e+02
2.098831248283e+01	1.050000000000e+03	7.370381569367e+02
2.100828242302e+01	1.000000000000e+03	7.370381553278e+02
2.102822852135e+01	9.500000000000e+02	7.370381553278e+02
2.104815292358e+01	1.450000000000e+03	7.370381526965e+02
2.106813263893e+01	1.500000000000e+02	7.370381498671e+02
2.108904337883e+01	4.000000000000e+02	7.370381466614e+02
2.110901427269e+01	6.000000000000e+02	7.370381438446e+02
2.112893605232e+01	4.000000000000e+02	7.370381410157e+02
2.114890623093e+01	9.000000000000e+02	7.370381381206e+02
2.116882920265e+01	7.500000000000e+02	7.370381373980e+02
2.118887567520e+01	9.000000000000e+02	7.370381369304e+02
2.120884633064e+01	7.500000000000e+02	7.370381350583e+02
2.122879672050e+01	1.750000000000e+03	7.370381330300e+02
2.124873852730e+01	1.050000000000e+03	7.370381284578e+02
2.126965999603e+01	4.000000000000e+02	7.370381263045e+02
2.128868460655e+01	7.500000000000e+02	7.370381242580e+02
2.130865883827e+01	2.000000000000e+02	7.370381216077e+02
2.132859373093e+01	1.200000000000e+03	7.370381189270e+02
2.134855890274e+01	1.350000000000e+03	7.370381161888e+02
2.136847043037e+01	1.550000000000e+03	7.370381156453e+02
2.138847351074e+01	6.500000000000e+02	7.370381132674e+02
2.140844130516e+01	6.500000000000e+02	7.370381103183e+02
2.142839312553e+01	7.500000000000e+02	7.370381080128e+02
2.144874644279e+01	4.000000000000e+02	7.370381052686e+02
2.146885108948e+01	5.500000000000e+02	7.370381020254e+02
2.148877477646e+01	1.000000000000e+03	7.370381000895e+02
2.150817775726e+01	1.200000000000e+03	7.370380979892e+02
2.152812552452e+01	1.100000000000e+03	7.370380950204e+02
2.154846787453e+01	1.750000000000e+03	7.370380941330e+02
2.156830573082e+01	7.500000000000e+02	7.370380936669e+02
2.158889055252e+01	1.350000000000e+03	7.370380904597e+02
2.160913658142e+01	7.000000000000e+02	7.370380873196e+02
2.162906861305e+01	9.500000000000e+02	7.370380842432e+02
2.164916658401e+01	1.700000000000e+03	7.370380811839e+02
2.166924095154e+01	1.200000000000e+03	7.370380782322e+02
2.168816781044e+01	1.750000000000e+03	7.370380755154e+02
2.170814394951e+01	2.200000000000e+03	7.370380752290e+02
2.172908043861e+01	2.650000000000e+03	7.370380734701e+02
2.174900460243e+01	1.750000000000e+03	7.370380702755e+02
2.176895093918e+01	1.100000000000e+03	7.370380672354e+02
2.178889751434e+01	1.050000000000e+03	7.370380643359e+02
2.180886054039e+01	1.750000000000e+03	7.370380615665e+02
2.182881832123e+01	1.300000000000e+03	7.370380614287e+02
2.184876108170e+01	2.300000000000e+03	7.370380602546e+02
2.186870789528e+01	1.100000000000e+03	7.370380576458e+02
2.188866233826e+01	1.350000000000e+03	7.370380549920e+02
2.190857720375e+01	2.250000000000e+03	7.370380522600e+02
2.192852377892e+01	1.700000000000e+03	7.370380488702e+02
2.194847130775e+01	2.450000000000e+03	7.370380459510e+02
2.196841812134e+01	1.950000000000e+03	7.370380432548e+02
2.198836517334e+01	2.100000000000e+03	7.370380409704e+02
2.200833892822e+01	2.300000000000e+03	7.370380386829e+02
2.202827978134e+01	2.500000000000e+02	7.370380357377e+02
2.204822683334e+01	8.000000000000e+02	7.370380343962e+02
2.206817817688e+01	1.950000000000e+03	7.370380342643e+02
2.208909487724e+01	1.250000000000e+03	7.370380315033e+02
2.210909390450e+01	2.450000000000e+03	7.370380283575e+02
2.212904000282e+01	1.300000000000e+03	7.370380246760e+02
2.214898395538e+01	1.450000000000e+03	7.370380219197e+02
2.216894149780e+01	1.600000000000e+03	7.370380190240e+02
2.218885731697e+01	1.850000000000e+03	7.370380157226e+02
2.220880436897e+01	2.300000000000e+03	7.370380148959e+02
2.222909092903e+01	2.100000000000e+03	7.370380134250e+02
2.224917578697e+01	7.500000000000e+02	7.370380112047e+02
2.226841282845e+01	1.900000000000e+03	7.370380085817e+02
2.228839564323e+01	2.350000000000e+03	7.370380055603e+02
2.230852866173e+01	2.600000000000e+03	7.370380025145e+02
2.232894992828e+01	1.650000000000e+03	7.370379991124e+02
2.234894514084e+01	2.200000000000e+03	7.370379963933e+02
2.236891365051e+01	2.550000000000e+03	7.370379963933e+02
2.238883757591e+01	2.400000000000e+03	7.370379952517e+02
2.240880632401e+01	2.900000000000e+03	7.370379923948e+02
2.242813491821e+01	1.150000000000e+03	7.370379895304e+02
2.244909214973e+01	2.300000000000e+03	7.370379861988e+02
2.246899461746e+01	2.000000000000e+03	7.370379825591e+02
2.248896384239e+01	1.150000000000e+03	7.370379800198e+02
2.250891399384e+01	1.450000000000e+03	7.370379779935e+02
2.252886056900e+01	1.600000000000e+03	7.370379779935e+02
2.254880690575e+01	1.100000000000e+03	7.370379761032e+02
2.256872725487e+01	1.100000000000e+03	7.370379732049e+02
2.258867383003e+01	2.850000000000e+03	7.370379695299e+02
2.260861992836e+01	1.800000000000e+03	7.370379664355e+02
2.262856698036e+01	2.200000000000e+03	7.370379637311e+02
2.264851427078e+01	2.600000000000e+03	7.370379612607e+02
2.266848659515e+01	7.000000000000e+02	7.370379599021e+02
2.268840789795e+01	1.900000000000e+03	7.370379599021e+02
2.270835328102e+01	1.900000000000e+03	7.370379565430e+02
2.272832298279e+01	1.550000000000e+03	7.370379535025e+02
2.274827408791e+01	1.400000000000e+03	7.370379509285e+02
2.276819348335e+01	1.950000000000e+03	7.370379481803e+02
2.278913784027e+01	1.250000000000e+03	7.370379452124e+02
2.280913233757e+01	4.500000000000e+02	7.370379422512e+02
2.282907867432e+01	1.050000000000e+03	7.370379413685e+02
2.284902954102e+01	1.650000000000e+03	7.370379405279e+02
2.286895537376e+01	1.750000000000e+03	7.370379377314e+02
2.288902783394e+01	2.500000000000e+03	7.370379347464e+02
2.290910124779e+01	2.050000000000e+03	7.370379317237e+02
2.292834901810e+01	1.800000000000e+03	7.370379289234e+02
2.294898653030e+01	1.500000000000e+02	7.370379261639e+02
2.296896529198e+01	1.800000000000e+03	7.370379236452e+02
2.298907685280e+01	2.000000000000e+02	7.370379236452e+02
2.300899815559e+01	2.150000000000e+03	7.370379219293e+02
2.302894425392e+01	1.500000000000e+03	7.370379190638e+02
2.304847049713e+01	2.050000000000e+03	7.370379161560e+02
2.306842494011e+01	2.050000000000e+03	7.370379133423e+02
2.308842110634e+01	2.250000000000e+03	7.370379106804e+02
2.310833525658e+01	2.000000000000e+03	7.370379080832e+02
2.312830996513e+01	1.100000000000e+03	7.370379053082e+02
2.314825153351e+01	1.250000000000e+03	7.370379021222e+02
2.316817641258e+01	1.600000000000e+03	7.370379014829e+02
2.318913555145e+01	1.850000000000e+03	7.370379011996e+02
2.320906615257e+01	2.250000000000e+03	7.370378993222e+02
2.322906446457e+01	2.000000000000e+03	7.370378974384e+02
2.324903440475e+01	1.250000000000e+03	7.370378938971e+02
2.326895761490e+01	1.650000000000e+03	7.370378904157e+02
2.328890419006e+01	1.750000000000e+03	7.370378877276e+02
2.330886149406e+01	1.950000000000e+03	7.370378856559e+02
2.332882809639e+01	1.550000000000e+03	7.370378844123e+02
2.334877204895e+01	1.150000000000e+03	7.370378832140e+02
2.336869025230e+01	2.450000000000e+03	7.370378792096e+02
2.338863682747e+01	1.350000000000e+03	7.370378762020e+02
2.340860891342e+01	3.500000000000e+02	7.370378762020e+02
2.342855429649e+01	1.050000000000e+03	7.370378741272e+02
2.344849991798e+01	1.300000000000e+03	7.370378711781e+02
2.346844768524e+01	1.850000000000e+03	7.370378686667e+02
2.348944449425e+01	1.350000000000e+03	7.370378653927e+02
2.350837850571e+01	2.500000000000e+02	7.370378625024e+02
2.352832007408e+01	8.500000000000e+02	7.370378625024e+02
2.354824447632e+01	1.100000000000e+03	7.370378612075e+02
2.356821417809e+01	1.700000000000e+03	7.370378585896e+02
2.358915734291e+01	1.400000000000e+03	7.370378553429e+02
2.360825014114e+01	1.100000000000e+03	7.370378526917e+02
2.362816262245e+01	1.200000000000e+03	7.370378501565e+02
2.364846611023e+01	1.850000000000e+03	7.370378470977e+02
2.366866040230e+01	6.500000000000e+02	7.370378454423e+02
2.368902730942e+01	1.650000000000e+03	7.370378454423e+02
2.370913815498e+01	7.000000000000e+02	7.370378425664e+02
2.372867488861e+01	1.300000000000e+03	7.370378392921e+02
2.374875807762e+01	4.000000000000e+02	7.370378356814e+02
2.376889300346e+01	1.000000000000e+03	7.370378328214e+02
2.378856992722e+01	7.500000000000e+02	7.370378300906e+02
2.380852127075e+01	1.150000000000e+03	7.370378271801e+02
2.382846283913e+01	7.500000000000e+02	7.370378265977e+02
2.384843373299e+01	1.250000000000e+03	7.370378258758e+02
2.386840915680e+01	1.950000000000e+03	7.370378231905e+02
2.388834857941e+01	1.100000000000e+03	7.370378203413e+02
2.390834450722e+01	8.500000000000e+02	7.370378173948e+02
2.392829132080e+01	1.000000000000e+03	7.370378143043e+02
2.394823336601e+01	2.200000000000e+03	7.370378129178e+02
2.396915435791e+01	1.750000000000e+03	7.370378126331e+02
2.398910164833e+01	1.200000000000e+03	7.370378097847e+02
2.400906682014e+01	1.100000000000e+03	7.370378067712e+02
2.402899479866e+01	1.700000000000e+03	7.370378035654e+02
2.404890990257e+01	1.150000000000e+03	7.370378004339e+02
2.406885671616e+01	9.500000000000e+02	7.370377974127e+02
2.408882236481e+01	1.300000000000e+03	7.370377945962e+02
2.410874891281e+01	1.050000000000e+03	7.370377941766e+02
2.412871861458e+01	1.200000000000e+03	7.370377933493e+02
2.414866781235e+01	6.000000000000e+02	7.370377906015e+02
2.416861176491e+01	3.000000000000e+02	7.370377879320e+02
2.418854951859e+01	1.500000000000e+02	7.370377851880e+02
2.420848321915e+01	2.000000000000e+02	7.370377820087e+02
2.422845244408e+01	8.000000000000e+02	7.370377788215e+02
2.424837636948e+01	1.450000000000e+03	7.370377756906e+02
2.426832342148e+01	7.500000000000e+02	7.370377735216e+02
2.428826975822e+01	9.500000000000e+02	7.370377713080e+02
2.430821657181e+01	4.000000000000e+02	7.370377688417e+02
2.432816243172e+01	8.500000000000e+02	7.370377669919e+02
2.434816074371e+01	7.500000000000e+02	7.370377663201e+02
2.436853694916e+01	7.500000000000e+02	7.370377635899e+02
2.438857793808e+01	7.000000000000e+02	7.370377608685e+02
2.440866613388e+01	9.000000000000e+02	7.370377580338e+02
2.442859816551e+01	7.000000000000e+02	7.370377551415e+02
2.444854831696e+01	9.000000000000e+02	7.370377522057e+02
2.446884226799e+01	9.500000000000e+02	7.370377492228e+02
2.448905444145e+01	1.200000000000e+03	7.370377463763e+02
2.450834679604e+01	5.500000000000e+02	7.370377440197e+02
2.452869582176e+01	7.000000000000e+02	7.370377440197e+02
2.454864263535e+01	3.000000000000e+02	7.370377422149e+02
2.456860876083e+01	7.000000000000e+02	7.370377386765e+02
2.458853602409e+01	7.500000000000e+02	7.370377358350e+02
2.460856294632e+01	8.000000000000e+02	7.370377325561e+02
2.462850141525e+01	7.500000000000e+02	7.370377294259e+02
2.464845132828e+01	1.400000000000e+03	7.370377294259e+02
2.466839885712e+01	5.500000000000e+02	7.370377278808e+02
2.468834686279e+01	9.500000000000e+02	7.370377247434e+02
2.470829415321e+01	5.000000000000e+02	7.370377224695e+02
2.472824072838e+01	2.500000000000e+02	7.370377199056e+02
2.474820566177e+01	6.000000000000e+02	7.370377169844e+02
2.476813340187e+01	5.500000000000e+02	7.370377140724e+02
2.478907728195e+01	4.500000000000e+02	7.370377120324e+02
2.480902481079e+01	4.500000000000e+02	7.370377120324e+02
2.482897114754e+01	6.000000000000e+02	7.370377096403e+02
2.484891772270e+01	9.000000000000e+02	7.370377066608e+02
2.486886453629e+01	1.150000000000e+03	7.370377037138e+02
2.488881254196e+01	5.000000000000e+02	7.370377007980e+02
2.490878105164e+01	5.000000000000e+01	7.370376978621e+02
2.492873120308e+01	8.000000000000e+02	7.370376948381e+02
2.494865131378e+01	5.500000000000e+02	7.370376939352e+02
2.496862030029e+01	5.500000000000e+02	7.370376936383e+02
2.498856806755e+01	6.500000000000e+02	7.370376907026e+02
2.500851488113e+01	2.000000000000e+02	7.370376877487e+02
2.502846145630e+01	9.500000000000e+02	7.370376847798e+02
2.504840731621e+01	7.500000000000e+02	7.370376822570e+02
2.506859469414e+01	7.000000000000e+02	7.370376796438e+02
2.509042692184e+01	5.500000000000e+02	7.370376767407e+02
2.510854649544e+01	7.000000000000e+02	7.370376764734e+02
2.512893795967e+01	9.000000000000e+02	7.370376754361e+02
2.514892053604e+01	5.500000000000e+02	7.370376725987e+02
2.516894531250e+01	2.500000000000e+02	7.370376698656e+02
2.518889951706e+01	1.500000000000e+02	7.370376671175e+02
2.520885658264e+01	7.500000000000e+02	7.370376641622e+02
2.522880840302e+01	9.000000000000e+02	7.370376611627e+02
2.524875950813e+01	6.000000000000e+02	7.370376584403e+02
2.526870322227e+01	7.500000000000e+02	7.370376584403e+02
2.528864860535e+01	6.500000000000e+02	7.370376570502e+02
2.530958819389e+01	7.000000000000e+02	7.370376541385e+02
2.532854080200e+01	5.000000000000e+02	7.370376502193e+02
2.534849214554e+01	5.000000000000e+02	7.370376459363e+02
2.536843395233e+01	4.000000000000e+02	7.370376450799e+02
2.538838124275e+01	6.500000000000e+02	7.370376437035e+02
2.540832710266e+01	6.500000000000e+02	7.370376414096e+02
2.542827463150e+01	7.000000000000e+02	7.370376376326e+02
2.544822072983e+01	1.300000000000e+03	7.370376347037e+02
2.546816754341e+01	5.500000000000e+02	7.370376331451e+02
2.548908853531e+01	6.000000000000e+02	7.370376322897e+02
2.550905990601e+01	5.500000000000e+02	7.370376314359e+02
2.552898120880e+01	7.000000000000e+02	7.370376285931e+02
2.554892826080e+01	9.000000000000e+02	7.370376253847e+02
2.556887483597e+01	3.500000000000e+02	7.370376219833e+02
2.558882117271e+01	4.500000000000e+02	7.370376190328e+02
2.560879158974e+01	7.500000000000e+02	7.370376163543e+02
2.562873744965e+01	6.000000000000e+02	7.370376138631e+02
2.564868450165e+01	5.000000000000e+02	7.370376133645e+02
2.566863131523e+01	6.000000000000e+02	7.370376116746e+02
2.568855834007e+01	9.500000000000e+02	7.370376060473e+02
2.570949816704e+01	6.500000000000e+02	7.370376049215e+02
2.572847127914e+01	2.500000000000e+02	7.370376040162e+02
2.574841761589e+01	3.000000000000e+02	7.370376009983e+02
2.576862049103e+01	4.000000000000e+02	7.370375980150e+02
2.578956913948e+01	3.500000000000e+02	7.370375953798e+02
2.580857038498e+01	8.500000000000e+02	7.370375953798e+02
2.582888722420e+01	8.500000000000e+02	7.370375929177e+02
2.584900546074e+01	8.000000000000e+02	7.370375900832e+02
2.586861324310e+01	4.000000000000e+02	7.370375868434e+02
2.588858366013e+01	1.050000000000e+03	7.370375842076e+02
2.590853095055e+01	5.000000000000e+02	7.370375819231e+02
2.592864704132e+01	1.000000000000e+02	7.370375788408e+02
2.594902348518e+01	1.000000000000e+03	7.370375757418e+02
2.596815752983e+01	8.000000000000e+02	7.370375730462e+02
2.598912501335e+01	4.000000000000e+02	7.370375730462e+02
2.600818634033e+01	4.000000000000e+02	7.370375717834e+02
2.602809953690e+01	1.050000000000e+03	7.370375686841e+02
2.604904246330e+01	8.500000000000e+02	7.370375651239e+02
2.606898999214e+01	6.500000000000e+02	7.370375619198e+02
2.608893585205e+01	6.000000000000e+02	7.370375590978e+02
2.610888314247e+01	8.500000000000e+02	7.370375559634e+02
2.612884902954e+01	4.000000000000e+02	7.370375527861e+02
2.614880323410e+01	5.000000000000e+02	7.370375496718e+02
2.616874551773e+01	6.500000000000e+02	7.370375488934e+02
2.618869256973e+01	7.500000000000e+02	7.370375482022e+02
2.620861530304e+01	6.000000000000e+02	7.370375454507e+02
2.622856187820e+01	5.000000000000e+02	7.370375427914e+02
2.624853134155e+01	8.500000000000e+02	7.370375401639e+02
2.626848387718e+01	8.000000000000e+02	7.370375372738e+02
2.628840184212e+01	6.000000000000e+02	7.370375343805e+02
2.630836129189e+01	9.500000000000e+02	7.370375314710e+02
2.632829594612e+01	6.500000000000e+02	7.370375289803e+02
2.634826135635e+01	7.000000000000e+02	7.370375266242e+02
2.636821150780e+01	1.300000000000e+03	7.370375242697e+02
2.638813495636e+01	9.000000000000e+02	7.370375219184e+02
2.640907979012e+01	7.000000000000e+02	7.370375207463e+02
2.642904567719e+01	5.000000000000e+02	7.370375184099e+02
2.644897294044e+01	1.000000000000e+03	7.370375158903e+02
2.646893262863e+01	7.000000000000e+02	7.370375118991e+02
2.648831653595e+01	5.000000000000e+02	7.370375099741e+02
2.650826215744e+01	6.500000000000e+02	7.370375079933e+02
2.652821922302e+01	9.000000000000e+02	7.370375076961e+02
2.654816532135e+01	3.000000000000e+02	7.370375056426e+02
2.656860780716e+01	7.500000000000e+02	7.370375028594e+02
2.658881974220e+01	5.500000000000e+02	7.370375002383e+02
2.660852360725e+01	8.500000000000e+02	7.370374974435e+02
2.662856054306e+01	1.050000000000e+03	7.370374945137e+02
2.664862871170e+01	3.500000000000e+02	7.370374945137e+02
2.666858458519e+01	1.000000000000e+03	7.370374909818e+02
2.668856239319e+01	6.000000000000e+02	7.370374865924e+02
2.670848011971e+01	1.450000000000e+03	7.370374852840e+02
2.672902917862e+01	2.500000000000e+02	7.370374846441e+02
2.674897575378e+01	9.500000000000e+02	7.370374805659e+02
2.676892232895e+01	5.500000000000e+02	7.370374781939e+02
2.678888034821e+01	6.500000000000e+02	7.370374757916e+02
2.680881524086e+01	8.000000000000e+02	7.370374728512e+02
2.682876205444e+01	8.000000000000e+02	7.370374718215e+02
2.684870886803e+01	1.050000000000e+03	7.370374716633e+02
2.686865496635e+01	1.000000000000e+02	7.370374684995e+02
2.688860177994e+01	8.000000000000e+02	7.370374650999e+02
2.690854930878e+01	1.200000000000e+03	7.370374618393e+02
2.692849612236e+01	9.000000000000e+02	7.370374594530e+02
2.694846463203e+01	8.500000000000e+02	7.370374579019e+02
2.696841192245e+01	8.000000000000e+02	7.370374576601e+02
2.698833513260e+01	1.200000000000e+03	7.370374528311e+02
2.700831198692e+01	5.500000000000e+02	7.370374489631e+02
2.702825212479e+01	1.350000000000e+03	7.370374489631e+02
2.704819822311e+01	1.200000000000e+03	7.370374473619e+02
2.706814479828e+01	2.000000000000e+02	7.370374446620e+02
2.708907699585e+01	5.500000000000e+02	7.370374410958e+02
2.710901188850e+01	1.750000000000e+03	7.370374382546e+02
2.712995624542e+01	1.450000000000e+03	7.370374359644e+02
2.714890551567e+01	8.500000000000e+02	7.370374359644e+02
2.716885185242e+01	1.650000000000e+03	7.370374337965e+02
2.718895244598e+01	1.200000000000e+03	7.370374310009e+02
2.720903825760e+01	8.500000000000e+02	7.370374279611e+02
2.722839593887e+01	4.500000000000e+02	7.370374252574e+02
2.724883842468e+01	9.500000000000e+02	7.370374225426e+02
2.726880645752e+01	2.100000000000e+03	7.370374195890e+02
2.728930497169e+01	1.450000000000e+03	7.370374176116e+02
2.731027293205e+01	1.350000000000e+03	7.370374176116e+02
2.732936191559e+01	9.000000000000e+02	7.370374152332e+02
2.734841394424e+01	1.550000000000e+03	7.370374126900e+02
2.736970639229e+01	1.600000000000e+03	7.370374096735e+02
2.738983821869e+01	7.000000000000e+02	7.370374064495e+02
2.740893793106e+01	1.000000000000e+03	7.370374031224e+02
2.742888903618e+01	1.500000000000e+03	7.370374003700e+02
2.744885492325e+01	1.250000000000e+03	7.370373992720e+02
2.746883344650e+01	1.000000000000e+02	7.370373988354e+02
2.748877239227e+01	1.000000000000e+03	7.370373959549e+02
2.750869703293e+01	1.100000000000e+03	7.370373930679e+02
2.752864313126e+01	9.500000000000e+02	7.370373901694e+02
2.754861617088e+01	1.400000000000e+03	7.370373867701e+02
2.756858682632e+01	1.550000000000e+03	7.370373834487e+02
2.758850932121e+01	1.450000000000e+03	7.370373804308e+02
2.760845565796e+01	1.250000000000e+03	7.370373783738e+02
2.762842988968e+01	1.150000000000e+03	7.370373763648e+02
2.764837145805e+01	7.500000000000e+02	7.370373754637e+02
2.766840338707e+01	1.750000000000e+03	7.370373732408e+02
2.768835043907e+01	1.850000000000e+03	7.370373701907e+02
2.770827412605e+01	1.350000000000e+03	7.370373674484e+02
2.772824382782e+01	1.350000000000e+03	7.370373649728e+02
2.774816703796e+01	1.400000000000e+03	7.370373626842e+02
2.776911091805e+01	1.050000000000e+03	7.370373621097e+02
2.778905773163e+01	1.450000000000e+03	7.370373588793e+02
2.780903339386e+01	1.100000000000e+03	7.370373529865e+02
2.782895112038e+01	1.150000000000e+03	7.370373515240e+02
2.784889817238e+01	1.300000000000e+03	7.370373515240e+02
2.786884498596e+01	1.050000000000e+03	7.370373493254e+02
2.788881349564e+01	1.350000000000e+03	7.370373466671e+02
2.790888476372e+01	2.100000000000e+03	7.370373431946e+02
2.792977380753e+01	2.050000000000e+03	7.370373402172e+02
2.794872021675e+01	7.000000000000e+02	7.370373381932e+02
2.796866703033e+01	1.250000000000e+03	7.370373378639e+02
2.798861408234e+01	1.000000000000e+03	7.370373356582e+02
2.800895094872e+01	1.100000000000e+03	7.370373333274e+02
2.802856516838e+01	8.000000000000e+02	7.370373303968e+02
2.804862618446e+01	1.050000000000e+03	7.370373268740e+02
2.806877470016e+01	1.600000000000e+03	7.370373233093e+02
2.808872580528e+01	2.300000000000e+03	7.370373207234e+02
2.810905957222e+01	1.800000000000e+03	7.370373178909e+02
2.812831783295e+01	1.950000000000e+03	7.370373152516e+02
2.814826345444e+01	2.050000000000e+03	7.370373152516e+02
2.816869688034e+01	2.100000000000e+03	7.370373135002e+02
2.818862414360e+01	1.550000000000e+03	7.370373110883e+02
2.820860052109e+01	2.500000000000e+03	7.370373078317e+02
2.822854542732e+01	1.550000000000e+03	7.370373045976e+02
2.824848699570e+01	1.700000000000e+03	7.370373015311e+02
2.826845788956e+01	1.900000000000e+03	7.370373012278e+02
2.828838801384e+01	2.900000000000e+03	7.370373004891e+02
2.830835080147e+01	1.300000000000e+03	7.370372986394e+02
2.832829785347e+01	2.550000000000e+03	7.370372952636e+02
2.834927964211e+01	4.000000000000e+02	7.370372916522e+02
2.836849522591e+01	2.000000000000e+02	7.370372889582e+02
2.838844275475e+01	1.600000000000e+03	7.370372864582e+02
2.840838861465e+01	2.250000000000e+03	7.370372839310e+02
2.842833566666e+01	1.850000000000e+03	7.370372806968e+02
2.844828200340e+01	2.400000000000e+03	7.370372794031e+02
2.846825361252e+01	2.500000000000e+03	7.370372789808e+02
2.848819994926e+01	2.350000000000e+03	7.370372761622e+02
2.850814723969e+01	1.950000000000e+03	7.370372730134e+02
2.852807021141e+01	4.500000000000e+02	7.370372696820e+02
2.854905629158e+01	1.500000000000e+02	7.370372678353e+02
2.856896209717e+01	1.400000000000e+03	7.370372658517e+02
2.858890795708e+01	2.600000000000e+03	7.370372633204e+02
2.860905504227e+01	1.550000000000e+03	7.370372601091e+02
2.862900233269e+01	2.250000000000e+03	7.370372564890e+02
2.864894843102e+01	2.800000000000e+03	7.370372555822e+02
2.866892552376e+01	1.700000000000e+03	7.370372539863e+02
2.868856310844e+01	1.400000000000e+03	7.370372518984e+02
2.870879125595e+01	1.950000000000e+03	7.370372487982e+02
2.872819614410e+01	1.800000000000e+03	7.370372452485e+02
2.874859666824e+01	2.700000000000e+03	7.370372410452e+02
2.876872014999e+01	1.900000000000e+03	7.370372388122e+02
2.878866887093e+01	2.800000000000e+03	7.370372368201e+02
2.880870532990e+01	2.850000000000e+03	7.370372368201e+02
2.882891941071e+01	2.850000000000e+03	7.370372350720e+02
2.884890103340e+01	1.200000000000e+03	7.370372324591e+02
2.886888813972e+01	1.950000000000e+03	7.370372299600e+02
2.888882231712e+01	1.950000000000e+03	7.370372269051e+02
2.890876770020e+01	2.800000000000e+03	7.370372235323e+02
2.892871522903e+01	2.250000000000e+03	7.370372210221e+02
2.894865942001e+01	2.250000000000e+03	7.370372201442e+02
2.896860313416e+01	1.000000000000e+02	7.370372198961e+02
2.898856854439e+01	2.650000000000e+03	7.370372174045e+02
2.900847339630e+01	1.800000000000e+03	7.370372148125e+02
2.902844834328e+01	2.250000000000e+03	7.370372120495e+02
2.904842019081e+01	2.200000000000e+03	7.370372089284e+02
2.906821060181e+01	2.600000000000e+03	7.370372059603e+02
2.908815741539e+01	2.450000000000e+03	7.370372034646e+02
2.910810422897e+01	1.350000000000e+03	7.370372027158e+02
2.912904810905e+01	1.900000000000e+03	7.370372021396e+02
2.914899444580e+01	6.500000000000e+02	7.370371992586e+02
2.916894149780e+01	2.000000000000e+03	7.370371966555e+02
2.918892550468e+01	2.700000000000e+03	7.370371940878e+02
2.920883536339e+01	2.300000000000e+03	7.370371910595e+02
2.922880434990e+01	1.300000000000e+03	7.370371878232e+02
2.924875164032e+01	1.100000000000e+03	7.370371847919e+02
2.926869797707e+01	1.200000000000e+03	7.370371847919e+02
2.928862214088e+01	1.850000000000e+03	7.370371833633e+02
2.930859398842e+01	1.250000000000e+03	7.370371807571e+02
2.932854080200e+01	1.300000000000e+03	7.370371780046e+02
2.934848713875e+01	1.200000000000e+03	7.370371752350e+02
2.936851787567e+01	2.850000000000e+03	7.370371724523e+02
2.938870096207e+01	2.450000000000e+03	7.370371697798e+02
2.940967988968e+01	2.000000000000e+03	7.370371670806e+02
2.942861342430e+01	1.950000000000e+03	7.370371649395e+02
2.944883155823e+01	2.550000000000e+03	7.370371627657e+02
2.946877861023e+01	3.000000000000e+03	7.370371622363e+02
2.948889803886e+01	1.850000000000e+03	7.370371595659e+02
2.950870299339e+01	7.000000000000e+02	7.370371574796e+02
2.952881455421e+01	1.800000000000e+03	7.370371556608e+02
2.954876470566e+01	1.600000000000e+03	7.370371528526e+02
2.956868457794e+01	2.000000000000e+03	7.370371487417e+02
2.958863162994e+01	1.550000000000e+03	7.370371458945e+02
2.960857653618e+01	1.950000000000e+03	7.370371448981e+02
2.962854599953e+01	1.000000000000e+03	7.370371444225e+02
2.964852499962e+01	2.550000000000e+03	7.370371412714e+02
2.966846919060e+01	1.100000000000e+03	7.370371388296e+02
2.968839359283e+01	1.050000000000e+03	7.370371366231e+02
2.970836210251e+01	1.150000000000e+03	7.370371336962e+02
2.972828602791e+01	1.150000000000e+03	7.370371315971e+02
2.974823260307e+01	2.100000000000e+03	7.370371313405e+02
2.976817965508e+01	1.700000000000e+03	7.370371287746e+02
2.978912329674e+01	1.250000000000e+03	7.370371262425e+02
2.980909323692e+01	8.500000000000e+02	7.370371240794e+02
2.982904148102e+01	1.750000000000e+03	7.370371213382e+02
2.984896302223e+01	1.350000000000e+03	7.370371177333e+02
2.986891007423e+01	1.700000000000e+03	7.370371152768e+02
2.988885664940e+01	1.000000000000e+03	7.370371122746e+02
2.990880274773e+01	1.400000000000e+03	7.370371082900e+02
2.992874979973e+01	1.300000000000e+03	7.370371062696e+02
2.994869613647e+01	1.050000000000e+03	7.370371045516e+02
2.996864318848e+01	6.500000000000e+02	7.370371042855e+02
2.998859524727e+01	5.000000000000e+02	7.370371016244e+02
3.000853657722e+01	1.150000000000e+03	7.370370989183e+02
3.002848315239e+01	4.000000000000e+02	7.370370959487e+02
3.004845237732e+01	1.000000000000e+03	7.370370932306e+02
3.006837606430e+01	1.200000000000e+03	7.370370905476e+02
3.008869147301e+01	9.000000000000e+02	7.370370873009e+02
3.010879230499e+01	1.100000000000e+03	7.370370860253e+02
3.012905168533e+01	1.250000000000e+03	7.370370857281e+02
3.014868521690e+01	1.350000000000e+03	7.370370828031e+02
3.016852283478e+01	1.550000000000e+03	7.370370797497e+02
3.018852806091e+01	8.000000000000e+02	7.370370765729e+02
3.020877695084e+01	1.350000000000e+03	7.370370736353e+02
3.022898268700e+01	6.000000000000e+02	7.370370717317e+02
3.024888610840e+01	7.000000000000e+02	7.370370714640e+02
3.026885581017e+01	2.000000000000e+02	7.370370687496e+02
3.028877925873e+01	2.500000000000e+02	7.370370658495e+02
3.030872583389e+01	7.500000000000e+02	7.370370625898e+02
3.032869625092e+01	7.000000000000e+02	7.370370596957e+02
3.034864234924e+01	8.000000000000e+02	7.370370568054e+02
3.036858868599e+01	6.000000000000e+02	7.370370537004e+02
3.038851332664e+01	7.000000000000e+02	7.370370509297e+02
3.040848708153e+01	8.000000000000e+02	7.370370482635e+02
3.042842817307e+01	7.000000000000e+02	7.370370481311e+02
3.044838070869e+01	7.500000000000e+02	7.370370465861e+02
3.046832156181e+01	6.000000000000e+02	7.370370439826e+02
3.048824906349e+01	1.200000000000e+03	7.370370407112e+02
3.050821995735e+01	7.000000000000e+02	7.370370378752e+02
3.052813839912e+01	8.500000000000e+02	7.370370353416e+02
3.054810810089e+01	6.500000000000e+02	7.370370332063e+02
3.056905269623e+01	7.500000000000e+02	7.370370309667e+02
3.058900880814e+01	9.000000000000e+02	7.370370284054e+02
3.060895061493e+01	1.050000000000e+03	7.370370257667e+02
3.062887001038e+01	8.000000000000e+02	7.370370236804e+02
3.064822220802e+01	6.000000000000e+02	7.370370216535e+02
3.066819524765e+01	4.000000000000e+02	7.370370181179e+02
3.068812012672e+01	7.000000000000e+02	7.370370150928e+02
3.070808863640e+01	1.200000000000e+03	7.370370123883e+02
3.072903823853e+01	6.000000000000e+02	7.370370118510e+02
3.074898123741e+01	6.500000000000e+02	7.370370095450e+02
3.076892590523e+01	9.500000000000e+02	7.370370065829e+02
3.078899693489e+01	5.500000000000e+02	7.370370034056e+02
3.080833005905e+01	7.000000000000e+02	7.370370009787e+02
3.082860064507e+01	5.500000000000e+02	7.370369986651e+02
3.084857153893e+01	8.500000000000e+02	7.370369981069e+02
3.086851787567e+01	3.500000000000e+02	7.370369973713e+02
3.088849568367e+01	6.000000000000e+02	7.370369944240e+02
3.090847468376e+01	8.000000000000e+02	7.370369913716e+02
3.092882418633e+01	5.500000000000e+02	7.370369882290e+02
3.094925236702e+01	5.000000000000e+02	7.370369861236e+02
3.096918344498e+01	5.000000000000e+02	7.370369832577e+02
3.098826885223e+01	2.000000000000e+02	7.370369792090e+02
3.100874042511e+01	3.500000000000e+02	7.370369769077e+02
3.102867770195e+01	6.500000000000e+02	7.370369753390e+02
3.104860162735e+01	1.100000000000e+03	7.370369749683e+02
3.106857109070e+01	8.500000000000e+02	7.370369724736e+02
3.108849382401e+01	5.000000000000e+02	7.370369696507e+02
3.110854792595e+01	4.000000000000e+02	7.370369657723e+02
3.112848782539e+01	9.500000000000e+02	7.370369636502e+02
3.114843964577e+01	7.000000000000e+02	7.370369615267e+02
3.116835832596e+01	5.000000000000e+02	7.370369604656e+02
3.118830490112e+01	3.000000000000e+02	7.370369584413e+02
3.120825147629e+01	3.500000000000e+02	7.370369553165e+02
3.122819805145e+01	6.500000000000e+02	7.370369519946e+02
3.124914216995e+01	4.500000000000e+02	7.370369514947e+02
3.126909065247e+01	6.500000000000e+02	7.370369509866e+02
3.128815960884e+01	1.000000000000e+02	7.370369461093e+02
3.130817389488e+01	9.000000000000e+02	7.370369420179e+02
3.132814574242e+01	9.000000000000e+02	7.370369398400e+02
3.134906649590e+01	3.000000000000e+02	7.370369379909e+02
3.136901378632e+01	6.500000000000e+02	7.370369366098e+02
3.138895964622e+01	3.000000000000e+02	7.370369344836e+02
3.140890669823e+01	6.500000000000e+02	7.370369314325e+02
3.142886662483e+01	2.500000000000e+02	7.370369280141e+02
3.144880032539e+01	5.000000000000e+02	7.370369247253e+02
3.146874570847e+01	2.500000000000e+02	7.370369215863e+02
3.148872852325e+01	3.500000000000e+02	7.370369189838e+02
3.150869894028e+01	5.500000000000e+02	7.370369189838e+02
3.152875733376e+01	8.000000000000e+02	7.370369172973e+02
3.154872536659e+01	2.500000000000e+02	7.370369144934e+02
3.156884527206e+01	3.000000000000e+02	7.370369114600e+02
3.158882117271e+01	2.000000000000e+02	7.370369079437e+02
3.160906481743e+01	4.500000000000e+02	7.370369040906e+02
3.162869691849e+01	4.500000000000e+02	7.370369013923e+02
3.164907956123e+01	5.500000000000e+02	7.370369000002e+02
3.166818857193e+01	6.000000000000e+02	7.370369000002e+02
3.168912792206e+01	5.000000000000e+02	7.370368974481e+02
3.170832014084e+01	3.500000000000e+02	7.370368944471e+02
3.172818064690e+01	5.500000000000e+02	7.370368911005e+02
3.174910211563e+01	5.500000000000e+02	7.370368874826e+02
3.176907181740e+01	5.000000000000e+02	7.370368840427e+02
3.178899621964e+01	5.000000000000e+02	7.370368807051e+02
3.180896472931e+01	4.500000000000e+02	7.370368800369e+02
3.182891511917e+01	3.500000000000e+02	7.370368795278e+02
3.184883499146e+01	1.500000000000e+02	7.370368770027e+02
3.186880111694e+01	3.500000000000e+02	7.370368739843e+02
3.188872885704e+01	2.500000000000e+02	7.370368707238e+02
3.190867519379e+01	3.000000000000e+02	7.370368688051e+02
3.192864584923e+01	4.500000000000e+02	7.370368668840e+02
3.194859409332e+01	4.000000000000e+02	7.370368639242e+02
3.196851468086e+01	3.000000000000e+02	7.370368606336e+02
3.198847198486e+01	2.500000000000e+02	7.370368571059e+02
3.200843119621e+01	6.500000000000e+02	7.370368541730e+02
3.202835512161e+01	1.000000000000e+02	7.370368518527e+02
3.204832553864e+01	2.500000000000e+02	7.370368518527e+02
3.206827092171e+01	2.500000000000e+02	7.370368491351e+02
3.208820939064e+01	4.000000000000e+02	7.370368454152e+02
3.210913968086e+01	3.000000000000e+02	7.370368423534e+02
3.212811040878e+01	3.000000000000e+02	7.370368423534e+02
3.214903211594e+01	4.500000000000e+02	7.370368423534e+02
3.216898632050e+01	2.500000000000e+02	7.370368355076e+02
3.218893694878e+01	6.000000000000e+02	7.370368334984e+02
3.220890212059e+01	4.000000000000e+02	7.370368329775e+02
3.222881889343e+01	1.000000000000e+02	7.370368303966e+02
3.224849843979e+01	4.500000000000e+02	7.370368274421e+02
3.226851916313e+01	2.000000000000e+02	7.370368235247e+02
3.228846573830e+01	3.500000000000e+02	7.370368211273e+02
3.230841207504e+01	4.000000000000e+02	7.370368186444e+02
3.232894206047e+01	2.500000000000e+02	7.370368152953e+02
3.234907412529e+01	2.500000000000e+02	7.370368144815e+02
3.236915230751e+01	3.500000000000e+02	7.370368129990e+02
3.238909888268e+01	4.500000000000e+02	7.370368107370e+02
3.240819501877e+01	4.500000000000e+02	7.370368079953e+02
3.242859005928e+01	1.500000000000e+02	7.370368046169e+02
3.244879770279e+01	2.000000000000e+02	7.370368018323e+02
3.246876358986e+01	5.000000000000e+02	7.370367990688e+02
3.248869132996e+01	2.000000000000e+02	7.370367962923e+02
3.250866079330e+01	2.500000000000e+02	7.370367932909e+02
3.252858400345e+01	3.000000000000e+02	7.370367902673e+02
3.254853034019e+01	3.500000000000e+02	7.370367872995e+02
3.256847715378e+01	3.000000000000e+02	7.370367865575e+02
3.258842468262e+01	1.500000000000e+02	7.370367856300e+02
3.260939431190e+01	2.500000000000e+02	7.370367817600e+02
3.262834095955e+01	3.500000000000e+02	7.370367788900e+02
3.264828634262e+01	5.500000000000e+02	7.370367760341e+02
3.266823291779e+01	1.500000000000e+02	7.370367734250e+02
3.268915557861e+01	2.500000000000e+02	7.370367726432e+02
3.270910215378e+01	3.500000000000e+02	7.370367723082e+02
3.272904801369e+01	2.000000000000e+02	7.370367706339e+02
3.274901604652e+01	4.000000000000e+02	7.370367696393e+02
3.276896166801e+01	4.500000000000e+02	7.370367689509e+02
3.278905367851e+01	3.000000000000e+02	7.370367689509e+02
3.280897331238e+01	1.500000000000e+02	7.370367689509e+02
3.282891988754e+01	4.000000000000e+02	7.370367688186e+02
3.284886646271e+01	1.500000000000e+02	7.370367681532e+02
3.286882996559e+01	3.000000000000e+02	7.370367678426e+02
3.288878345490e+01	3.000000000000e+02	7.370367677687e+02
3.290870714188e+01	2.000000000000e+02	7.370367673468e+02
3.292867541313e+01	5.000000000000e+02	7.370367669918e+02
3.294862294197e+01	2.000000000000e+02	7.370367667947e+02
3.296868968010e+01	2.000000000000e+02	7.370367668846e+02
3.298904871941e+01	2.000000000000e+02	7.370367669649e+02
3.300904750824e+01	1.000000000000e+02	7.370367669649e+02
3.302898836136e+01	2.000000000000e+02	7.370367665196e+02
3.304935932159e+01	5.000000000000e+02	7.370367661192e+02
3.306937932968e+01	3.000000000000e+02	7.370367666117e+02
3.308849978447e+01	4.500000000000e+02	7.370367665798e+02
3.310850000381e+01	5.500000000000e+02	7.370367660645e+02
3.312846875191e+01	3.000000000000e+02	7.370367660645e+02
3.314881753922e+01	3.000000000000e+02	7.370367658606e+02
3.316879129410e+01	2.500000000000e+02	7.370367655432e+02
3.318873333931e+01	2.000000000000e+02	7.370367655093e+02
3.320867705345e+01	3.000000000000e+02	7.370367654612e+02
3.322862863541e+01	5.500000000000e+02	7.370367652877e+02
3.324855089188e+01	2.500000000000e+02	7.370367652725e+02
3.326849770546e+01	4.500000000000e+02	7.370367655506e+02
3.328844332695e+01	2.500000000000e+02	7.370367651248e+02
3.330841755867e+01	3.500000000000e+02	7.370367649965e+02
3.332833695412e+01	1.500000000000e+02	7.370367649933e+02
3.334831070900e+01	4.000000000000e+02	7.370367649285e+02
3.336825823784e+01	2.000000000000e+02	7.370367647889e+02
3.338817739487e+01	1.500000000000e+02	7.370367645885e+02
