#Saved Data from the class wavemeter_logger_logic on 02.12.2022 at 16h49m03s.
#
#Parameters:
#===========
#
#Start Time (s): 02.12.2022 16h:48min:29s
#Stop Time (s): 02.12.2022 16h:49min:03s
#
#Data:
#=====
#Measurement Time (s)	Signal (counts/s)	Interpolated Wavelength (nm)
7.008314132690e-03	2.150000000000e+03	7.370372737563e+02
2.692842483521e-02	2.700000000000e+03	7.370372737563e+02
4.690051078796e-02	1.600000000000e+03	7.370372737563e+02
6.697916984558e-02	1.800000000000e+03	7.370372737563e+02
8.697152137756e-02	7.000000000000e+02	7.370372737563e+02
1.070375442505e-01	1.750000000000e+03	7.370372737563e+02
1.310019493103e-01	8.000000000000e+02	7.370372737563e+02
1.489548683167e-01	4.500000000000e+02	7.370372737563e+02
2.018024921417e-01	1.250000000000e+03	7.370372737563e+02
2.097735404968e-01	8.500000000000e+02	7.370372737563e+02
2.107796669006e-01	2.050000000000e+03	7.370372737563e+02
2.267172336578e-01	1.800000000000e+03	7.370372737563e+02
2.466638088226e-01	1.800000000000e+03	7.370372737563e+02
2.667021751404e-01	8.000000000000e+02	7.370372737563e+02
2.866268157959e-01	1.500000000000e+02	7.370372737563e+02
3.065977096558e-01	2.150000000000e+03	7.370372737563e+02
3.265194892883e-01	2.400000000000e+03	7.370372737563e+02
3.464665412903e-01	2.000000000000e+03	7.370372737563e+02
3.664131164551e-01	2.150000000000e+03	7.370372737563e+02
3.863604068756e-01	1.900000000000e+03	7.370372737563e+02
4.063301086426e-01	1.650000000000e+03	7.370372737563e+02
4.262728691101e-01	2.450000000000e+03	7.370372737563e+02
4.462187290192e-01	1.800000000000e+03	7.370372737563e+02
4.661691188812e-01	1.600000000000e+03	7.370372737563e+02
4.861154556274e-01	2.050000000000e+03	7.370372737563e+02
5.070641040802e-01	1.500000000000e+03	7.370372737563e+02
5.269837379456e-01	2.200000000000e+03	7.370372737563e+02
5.469303131104e-01	1.950000000000e+03	7.370372737563e+02
5.668761730194e-01	2.100000000000e+03	7.370372737563e+02
5.868515968323e-01	2.350000000000e+03	7.370372737563e+02
6.067922115326e-01	1.150000000000e+03	7.370372737563e+02
6.268820762634e-01	1.900000000000e+03	7.370372737563e+02
6.461389064789e-01	2.300000000000e+03	7.370372737500e+02
6.665101051331e-01	9.500000000000e+02	7.370372737193e+02
6.868364810944e-01	1.250000000000e+03	7.370372737119e+02
7.068648338318e-01	1.650000000000e+03	7.370372737119e+02
7.268538475037e-01	1.000000000000e+03	7.370372737119e+02
7.469317913055e-01	1.750000000000e+03	7.370372737119e+02
7.669951915741e-01	1.700000000000e+03	7.370372737119e+02
7.869422435760e-01	1.750000000000e+03	7.370372737119e+02
8.068888187408e-01	1.400000000000e+03	7.370372737119e+02
8.268346786499e-01	2.350000000000e+03	7.370372737119e+02
8.468079566956e-01	1.800000000000e+03	7.370372737119e+02
8.667287826538e-01	1.150000000000e+03	7.370372737119e+02
8.866980075836e-01	1.250000000000e+03	7.370372737119e+02
9.066452980042e-01	1.650000000000e+03	7.370372737119e+02
9.265677928925e-01	2.000000000000e+02	7.370372737119e+02
9.465208053589e-01	3.500000000000e+02	7.370372737119e+02
9.664859771729e-01	1.200000000000e+03	7.370372737350e+02
9.864275455475e-01	9.000000000000e+02	7.370372738877e+02
1.006380319595e+00	1.800000000000e+03	7.370372739409e+02
1.027298688889e+00	1.050000000000e+03	7.370372739454e+02
1.046247482300e+00	1.250000000000e+03	7.370372739663e+02
1.066194772720e+00	7.000000000000e+02	7.370372739592e+02
1.086140632629e+00	1.350000000000e+03	7.370372739283e+02
1.107115268707e+00	2.200000000000e+03	7.370372724336e+02
1.127032756805e+00	8.000000000000e+02	7.370372709287e+02
1.146497011185e+00	3.000000000000e+02	7.370372693900e+02
1.166470766068e+00	1.650000000000e+03	7.370372682863e+02
1.186413764954e+00	1.750000000000e+03	7.370372678498e+02
1.206360816956e+00	2.100000000000e+03	7.370372656720e+02
1.228278636932e+00	1.450000000000e+03	7.370372621413e+02
1.246253967285e+00	1.550000000000e+03	7.370372587894e+02
1.266200304031e+00	2.100000000000e+03	7.370372567213e+02
1.286150217056e+00	1.400000000000e+03	7.370372545200e+02
1.307093381882e+00	2.600000000000e+03	7.370372517909e+02
1.328031539917e+00	2.000000000000e+03	7.370372507544e+02
1.347105979919e+00	1.100000000000e+03	7.370372493073e+02
1.366374254227e+00	1.100000000000e+03	7.370372470053e+02
1.386422634125e+00	1.700000000000e+03	7.370372446975e+02
1.406772613525e+00	1.850000000000e+03	7.370372423947e+02
1.427782535553e+00	6.000000000000e+02	7.370372400539e+02
1.446727752686e+00	6.500000000000e+02	7.370372377820e+02
1.466702222824e+00	1.300000000000e+03	7.370372351531e+02
1.486918687820e+00	4.000000000000e+02	7.370372344974e+02
1.507127523422e+00	1.300000000000e+03	7.370372313401e+02
1.526198625565e+00	2.300000000000e+03	7.370372271109e+02
1.546517848969e+00	5.500000000000e+02	7.370372257771e+02
1.566486597061e+00	1.300000000000e+03	7.370372244960e+02
1.586438417435e+00	1.350000000000e+03	7.370372223642e+02
1.606384992599e+00	1.850000000000e+03	7.370372191565e+02
1.627301931381e+00	1.700000000000e+03	7.370372159266e+02
1.646421432495e+00	1.950000000000e+03	7.370372138461e+02
1.666219234467e+00	1.000000000000e+03	7.370372131019e+02
1.686166286469e+00	1.650000000000e+03	7.370372127167e+02
1.707110404968e+00	1.200000000000e+03	7.370372106903e+02
1.727034807205e+00	1.550000000000e+03	7.370372078408e+02
1.747059583664e+00	1.950000000000e+03	7.370372044268e+02
1.767005681992e+00	1.200000000000e+03	7.370372016247e+02
1.786952733994e+00	1.250000000000e+03	7.370371988933e+02
1.806902170181e+00	8.500000000000e+02	7.370371964869e+02
1.826823711395e+00	4.500000000000e+02	7.370371964869e+02
1.846769332886e+00	4.500000000000e+02	7.370371952887e+02
1.866738796234e+00	6.500000000000e+02	7.370371926159e+02
1.886662483215e+00	1.300000000000e+03	7.370371897228e+02
1.906608819962e+00	1.050000000000e+03	7.370371869172e+02
1.927578210831e+00	1.300000000000e+03	7.370371841932e+02
1.946530103683e+00	1.050000000000e+03	7.370371838079e+02
1.966476440430e+00	8.000000000000e+02	7.370371829700e+02
1.986418724060e+00	1.150000000000e+03	7.370371801799e+02
2.006367444992e+00	9.000000000000e+02	7.370371783305e+02
2.026312828064e+00	1.200000000000e+03	7.370371767173e+02
2.046263694763e+00	8.000000000000e+02	7.370371744801e+02
2.066688776016e+00	8.000000000000e+02	7.370371715262e+02
2.086940288544e+00	4.500000000000e+02	7.370371682424e+02
2.106272697449e+00	8.000000000000e+02	7.370371660136e+02
2.126211166382e+00	6.000000000000e+02	7.370371639577e+02
2.147144794464e+00	4.500000000000e+02	7.370371606435e+02
2.166544914246e+00	6.500000000000e+02	7.370371576575e+02
2.186879158020e+00	9.000000000000e+02	7.370371549971e+02
2.207813262939e+00	1.150000000000e+03	7.370371544792e+02
2.226810455322e+00	7.000000000000e+02	7.370371534166e+02
2.247093439102e+00	7.000000000000e+02	7.370371497606e+02
2.266857624054e+00	2.000000000000e+02	7.370371475115e+02
2.286710262299e+00	3.000000000000e+02	7.370371459358e+02
2.306661605835e+00	1.000000000000e+03	7.370371456852e+02
2.326580524445e+00	7.500000000000e+02	7.370371431842e+02
2.346557140350e+00	2.500000000000e+02	7.370371407546e+02
2.366496562958e+00	2.500000000000e+02	7.370371384753e+02
2.386443376541e+00	5.500000000000e+02	7.370371359618e+02
2.406390190125e+00	1.000000000000e+02	7.370371332358e+02
2.426313161850e+00	7.000000000000e+02	7.370371300889e+02
2.446283102036e+00	2.000000000000e+02	7.370371271800e+02
2.467241048813e+00	1.100000000000e+03	7.370371246096e+02
2.486180782318e+00	5.500000000000e+02	7.370371246096e+02
2.507120132446e+00	5.000000000000e+02	7.370371227842e+02
2.527043581009e+00	3.000000000000e+02	7.370371203569e+02
2.547013759613e+00	3.000000000000e+02	7.370371179401e+02
2.566960096359e+00	5.500000000000e+02	7.370371152440e+02
2.586908817291e+00	6.000000000000e+02	7.370371120224e+02
2.606853246689e+00	8.500000000000e+02	7.370371089599e+02
2.626787185669e+00	6.500000000000e+02	7.370371068468e+02
2.646751403809e+00	8.000000000000e+02	7.370371068468e+02
2.666698455811e+00	5.000000000000e+02	7.370371047390e+02
2.686652660370e+00	5.500000000000e+02	7.370371017252e+02
2.706591367722e+00	2.500000000000e+02	7.370370987050e+02
2.726548671722e+00	4.000000000000e+02	7.370370957525e+02
2.746456623077e+00	9.000000000000e+02	7.370370932735e+02
2.766426324844e+00	6.000000000000e+02	7.370370932735e+02
2.786776542664e+00	4.000000000000e+02	7.370370932735e+02
2.806690454483e+00	6.000000000000e+02	7.370370927964e+02
2.826947212219e+00	5.500000000000e+02	7.370370879508e+02
2.846409797668e+00	6.500000000000e+02	7.370370840587e+02
2.867830038071e+00	9.000000000000e+02	7.370370811610e+02
2.886739730835e+00	2.500000000000e+02	7.370370782043e+02
2.906733274460e+00	1.500000000000e+02	7.370370750395e+02
2.926667451859e+00	2.000000000000e+02	7.370370721685e+02
2.946782827377e+00	3.500000000000e+02	7.370370691990e+02
2.966973543167e+00	3.000000000000e+02	7.370370670932e+02
2.987065315247e+00	3.000000000000e+02	7.370370670932e+02
3.006988525391e+00	7.000000000000e+02	7.370370649969e+02
3.026961088181e+00	6.500000000000e+02	7.370370621456e+02
3.046882867813e+00	5.000000000000e+02	7.370370590932e+02
3.066828727722e+00	3.500000000000e+02	7.370370567734e+02
3.086774826050e+00	6.500000000000e+02	7.370370549443e+02
3.106744527817e+00	4.500000000000e+02	7.370370522538e+02
3.126669168472e+00	3.500000000000e+02	7.370370486241e+02
3.146638870239e+00	4.500000000000e+02	7.370370468999e+02
3.166585922241e+00	6.000000000000e+02	7.370370456093e+02
3.186531066895e+00	7.000000000000e+02	7.370370453447e+02
3.206480503082e+00	4.500000000000e+02	7.370370426979e+02
3.226424932480e+00	3.000000000000e+02	7.370370396176e+02
3.246373653412e+00	3.500000000000e+02	7.370370357019e+02
3.266323089600e+00	3.000000000000e+02	7.370370327569e+02
3.286241531372e+00	5.000000000000e+02	7.370370299729e+02
3.306188344955e+00	4.500000000000e+02	7.370370273130e+02
3.326157331467e+00	5.500000000000e+02	7.370370249126e+02
3.346081972122e+00	5.000000000000e+02	7.370370226047e+02
3.367024898529e+00	3.000000000000e+02	7.370370226047e+02
3.386971712112e+00	4.500000000000e+02	7.370370205984e+02
3.406918525696e+00	5.000000000000e+02	7.370370173179e+02
3.426873922348e+00	7.000000000000e+02	7.370370146161e+02
3.446811914444e+00	3.500000000000e+02	7.370370122725e+02
3.466781616211e+00	4.500000000000e+02	7.370370103603e+02
3.486705780029e+00	6.500000000000e+02	7.370370089278e+02
3.506798267365e+00	2.000000000000e+02	7.370370075135e+02
3.526837348938e+00	2.500000000000e+02	7.370370041215e+02
3.546921253204e+00	3.500000000000e+02	7.370370016184e+02
3.567206382751e+00	4.000000000000e+02	7.370369988523e+02
3.587114572525e+00	3.000000000000e+02	7.370369956012e+02
3.606506347656e+00	4.500000000000e+02	7.370369924875e+02
3.626754522324e+00	4.500000000000e+02	7.370369902074e+02
3.647778511047e+00	1.000000000000e+02	7.370369902074e+02
3.666687488556e+00	4.500000000000e+02	7.370369889871e+02
3.686634063721e+00	5.000000000000e+02	7.370369862712e+02
3.706717252731e+00	2.500000000000e+02	7.370369819381e+02
3.726665019989e+00	3.000000000000e+02	7.370369793278e+02
3.746616840363e+00	3.000000000000e+02	7.370369771267e+02
3.766585111618e+00	2.000000000000e+02	7.370369738370e+02
3.786527633667e+00	3.500000000000e+02	7.370369723591e+02
3.806477785110e+00	3.500000000000e+02	7.370369722017e+02
3.826419353485e+00	4.000000000000e+02	7.370369690505e+02
3.847363710403e+00	2.500000000000e+02	7.370369660971e+02
3.867287158966e+00	3.500000000000e+02	7.370369635946e+02
3.886259555817e+00	4.500000000000e+02	7.370369609672e+02
3.907204866409e+00	4.000000000000e+02	7.370369593045e+02
3.926152467728e+00	4.000000000000e+02	7.370369593045e+02
3.947075843811e+00	3.500000000000e+02	7.370369566177e+02
3.967045307159e+00	3.500000000000e+02	7.370369535041e+02
3.986992120743e+00	5.000000000000e+02	7.370369505113e+02
4.006938695908e+00	1.000000000000e+02	7.370369477309e+02
4.026885986328e+00	1.000000000000e+02	7.370369449223e+02
4.046832561493e+00	6.500000000000e+02	7.370369417184e+02
4.066779375076e+00	5.000000000000e+02	7.370369385990e+02
4.086725234985e+00	5.000000000000e+02	7.370369356175e+02
4.106649398804e+00	2.000000000000e+02	7.370369333630e+02
4.126596212387e+00	2.000000000000e+02	7.370369310730e+02
4.146566867828e+00	1.000000000000e+02	7.370369286810e+02
4.166512012482e+00	3.000000000000e+02	7.370369268920e+02
4.186457872391e+00	4.000000000000e+02	7.370369268920e+02
4.206409692764e+00	4.000000000000e+02	7.370369236866e+02
4.226610422134e+00	1.500000000000e+02	7.370369197326e+02
4.247237920761e+00	3.500000000000e+02	7.370369164641e+02
4.267194986343e+00	4.500000000000e+02	7.370369134791e+02
4.287139654160e+00	1.500000000000e+02	7.370369122899e+02
4.307060003281e+00	3.000000000000e+02	7.370369122899e+02
4.326382637024e+00	4.000000000000e+02	7.370369083751e+02
4.347681999207e+00	5.000000000000e+01	7.370369038250e+02
4.366634607315e+00	1.500000000000e+02	7.370369029700e+02
4.386560916901e+00	4.500000000000e+02	7.370369009434e+02
4.406769275665e+00	2.500000000000e+02	7.370368980334e+02
4.426718950272e+00	3.500000000000e+02	7.370368953075e+02
4.446687221527e+00	2.500000000000e+02	7.370368935361e+02
4.466637372971e+00	1.000000000000e+02	7.370368935361e+02
4.486585378647e+00	3.000000000000e+02	7.370368907225e+02
4.506505012512e+00	1.500000000000e+02	7.370368876247e+02
4.526488780975e+00	1.000000000000e+02	7.370368845536e+02
4.546431541443e+00	3.000000000000e+02	7.370368812431e+02
4.566344738007e+00	2.000000000000e+02	7.370368780527e+02
4.586316823959e+00	1.000000000000e+02	7.370368752640e+02
4.606265544891e+00	3.000000000000e+02	7.370368745713e+02
4.626215696335e+00	1.500000000000e+02	7.370368738361e+02
4.646153688431e+00	3.000000000000e+02	7.370368701827e+02
4.667075634003e+00	1.500000000000e+02	7.370368672297e+02
4.687021970749e+00	2.000000000000e+02	7.370368646075e+02
4.706991195679e+00	2.000000000000e+02	7.370368611770e+02
4.726915121078e+00	1.500000000000e+02	7.370368581413e+02
4.746869802475e+00	1.000000000000e+02	7.370368552295e+02
4.766830682755e+00	3.000000000000e+02	7.370368550851e+02
4.786777734756e+00	3.000000000000e+02	7.370368535232e+02
4.806702136993e+00	2.500000000000e+02	7.370368501907e+02
4.826672792435e+00	1.500000000000e+02	7.370368480743e+02
4.846617937088e+00	2.000000000000e+02	7.370368459607e+02
4.866540908813e+00	3.500000000000e+02	7.370368415315e+02
4.886488437653e+00	3.500000000000e+02	7.370368407137e+02
4.906458377838e+00	1.500000000000e+02	7.370368404336e+02
4.927710771561e+00	4.500000000000e+02	7.370368394425e+02
4.946633100510e+00	1.000000000000e+02	7.370368396689e+02
4.967372655869e+00	2.500000000000e+02	7.370368408945e+02
4.986312150955e+00	2.000000000000e+02	7.370368428037e+02
5.006354570389e+00	3.000000000000e+02	7.370368449592e+02
5.026480197906e+00	2.000000000000e+02	7.370368472610e+02
5.046536684036e+00	1.000000000000e+02	7.370368498189e+02
5.066610813141e+00	5.000000000000e+02	7.370368520054e+02
5.086902141571e+00	1.000000000000e+02	7.370368539090e+02
5.107782840729e+00	1.500000000000e+02	7.370368551150e+02
5.126728534698e+00	1.500000000000e+02	7.370368558848e+02
5.146697044373e+00	5.000000000000e+01	7.370368580866e+02
5.166650056839e+00	3.500000000000e+02	7.370368603860e+02
5.187010288239e+00	1.000000000000e+02	7.370368630339e+02
5.206640005112e+00	2.500000000000e+02	7.370368666885e+02
5.226617336273e+00	1.000000000000e+02	7.370368697628e+02
5.246533632278e+00	2.500000000000e+02	7.370368719389e+02
5.266479969025e+00	2.000000000000e+02	7.370368746452e+02
5.286431789398e+00	1.000000000000e+02	7.370368771400e+02
5.306373834610e+00	3.000000000000e+02	7.370368772549e+02
5.326319932938e+00	2.500000000000e+02	7.370368795528e+02
5.347240686417e+00	5.000000000000e+02	7.370368822716e+02
5.366220235825e+00	3.000000000000e+02	7.370368854410e+02
5.386171340942e+00	3.000000000000e+02	7.370368884855e+02
5.407104492188e+00	3.500000000000e+02	7.370368909660e+02
5.427051305771e+00	1.500000000000e+02	7.370368909660e+02
5.446996927261e+00	4.000000000000e+02	7.370368927554e+02
5.466943502426e+00	2.500000000000e+02	7.370368954731e+02
5.486941576004e+00	1.500000000000e+02	7.370368980269e+02
5.506907701492e+00	2.000000000000e+02	7.370369004957e+02
5.526831865311e+00	2.000000000000e+02	7.370369028789e+02
5.546797037125e+00	3.000000000000e+02	7.370369060042e+02
5.567046880722e+00	4.500000000000e+02	7.370369088081e+02
5.586694717407e+00	6.500000000000e+02	7.370369109629e+02
5.606645584106e+00	2.000000000000e+02	7.370369122729e+02
5.626579284668e+00	4.000000000000e+02	7.370369136536e+02
5.646792411804e+00	4.000000000000e+02	7.370369167578e+02
5.666208744049e+00	3.000000000000e+02	7.370369199311e+02
5.686386823654e+00	3.000000000000e+02	7.370369230110e+02
5.706859350204e+00	1.500000000000e+02	7.370369255487e+02
5.726773500443e+00	3.500000000000e+02	7.370369262864e+02
5.746736526489e+00	3.500000000000e+02	7.370369269373e+02
5.766705513000e+00	4.500000000000e+02	7.370369291092e+02
5.786914348602e+00	3.000000000000e+02	7.370369318545e+02
5.806879520416e+00	1.000000000000e+02	7.370369349387e+02
5.826223134995e+00	3.000000000000e+02	7.370369380737e+02
5.846578359604e+00	4.000000000000e+02	7.370369408711e+02
5.866446256638e+00	2.500000000000e+02	7.370369432768e+02
5.886359930038e+00	3.000000000000e+02	7.370369435144e+02
5.906306266785e+00	2.500000000000e+02	7.370369447307e+02
5.926276683807e+00	3.000000000000e+02	7.370369477751e+02
5.946222543716e+00	3.500000000000e+02	7.370369501500e+02
5.967144012451e+00	4.500000000000e+02	7.370369528200e+02
5.987118005753e+00	2.500000000000e+02	7.370369564504e+02
6.007036685944e+00	5.000000000000e+02	7.370369592594e+02
6.026983499527e+00	3.500000000000e+02	7.370369613498e+02
6.046929836273e+00	2.000000000000e+02	7.370369613498e+02
6.066876649857e+00	3.500000000000e+02	7.370369641601e+02
6.086846351624e+00	3.000000000000e+02	7.370369684888e+02
6.106793880463e+00	2.000000000000e+02	7.370369700029e+02
6.126716375351e+00	1.500000000000e+02	7.370369708345e+02
6.146663188934e+00	6.000000000000e+02	7.370369736067e+02
6.166610240936e+00	4.500000000000e+02	7.370369771389e+02
6.186556816101e+00	5.500000000000e+02	7.370369806352e+02
6.206503629684e+00	3.500000000000e+02	7.370369831240e+02
6.226451158524e+00	2.500000000000e+02	7.370369854246e+02
6.246396303177e+00	4.000000000000e+02	7.370369875994e+02
6.266342639923e+00	1.500000000000e+02	7.370369882519e+02
6.286289453506e+00	5.000000000000e+02	7.370369888704e+02
6.306236743927e+00	4.500000000000e+02	7.370369929031e+02
6.326182842255e+00	1.500000000000e+02	7.370369951865e+02
6.347150564194e+00	6.000000000000e+02	7.370369977250e+02
6.367099761963e+00	3.500000000000e+02	7.370370004676e+02
6.387020826340e+00	7.000000000000e+02	7.370370032324e+02
6.406993865967e+00	3.500000000000e+02	7.370370059182e+02
6.427683115005e+00	5.000000000000e+02	7.370370081463e+02
6.446615219116e+00	3.500000000000e+02	7.370370096456e+02
6.466287851334e+00	3.500000000000e+02	7.370370101570e+02
6.486448526382e+00	5.000000000000e+02	7.370370125091e+02
6.506735086441e+00	6.500000000000e+02	7.370370151050e+02
6.526271343231e+00	5.000000000000e+02	7.370370180191e+02
6.546421051025e+00	3.000000000000e+02	7.370370212026e+02
6.566549777985e+00	3.000000000000e+02	7.370370236388e+02
6.586477279663e+00	2.000000000000e+02	7.370370236388e+02
6.606447219849e+00	1.500000000000e+02	7.370370257772e+02
6.626393556595e+00	4.500000000000e+02	7.370370281062e+02
6.646341323853e+00	1.000000000000e+02	7.370370312083e+02
6.666286468506e+00	3.000000000000e+02	7.370370337699e+02
6.686257362366e+00	7.500000000000e+02	7.370370361074e+02
6.706179618835e+00	3.500000000000e+02	7.370370396406e+02
6.726175546646e+00	5.000000000000e+02	7.370370407020e+02
6.747120141983e+00	3.000000000000e+02	7.370370414495e+02
6.767090797424e+00	5.500000000000e+02	7.370370439454e+02
6.787028551102e+00	4.500000000000e+02	7.370370469231e+02
6.806936502457e+00	1.500000000000e+02	7.370370501866e+02
6.826883792877e+00	5.500000000000e+02	7.370370531822e+02
6.846852540970e+00	2.000000000000e+02	7.370370542340e+02
6.866803884506e+00	3.500000000000e+02	7.370370543689e+02
6.886745929718e+00	4.500000000000e+02	7.370370570975e+02
6.906692504883e+00	8.000000000000e+02	7.370370596923e+02
6.926630020142e+00	5.500000000000e+02	7.370370621211e+02
6.946590662003e+00	1.100000000000e+03	7.370370650990e+02
6.966534137726e+00	8.000000000000e+02	7.370370678441e+02
6.986679792404e+00	3.500000000000e+02	7.370370697408e+02
7.006606340408e+00	5.500000000000e+02	7.370370717269e+02
7.026553630829e+00	6.500000000000e+02	7.370370747047e+02
7.046525239944e+00	8.000000000000e+02	7.370370775926e+02
7.066468954086e+00	7.500000000000e+02	7.370370804138e+02
7.086415767670e+00	5.000000000000e+02	7.370370806929e+02
7.107361793518e+00	5.500000000000e+02	7.370370823734e+02
7.126559972763e+00	9.000000000000e+02	7.370370855285e+02
7.146961450577e+00	9.000000000000e+02	7.370370881518e+02
7.166976690292e+00	5.000000000000e+02	7.370370908698e+02
7.187097787857e+00	7.500000000000e+02	7.370370939374e+02
7.207043886185e+00	5.000000000000e+02	7.370370945474e+02
7.227117061615e+00	1.150000000000e+03	7.370370960447e+02
7.246609210968e+00	9.500000000000e+02	7.370370978592e+02
7.266772985458e+00	1.500000000000e+02	7.370371005087e+02
7.286984682083e+00	6.500000000000e+02	7.370371035470e+02
7.306927204132e+00	7.000000000000e+02	7.370371071383e+02
7.326872825623e+00	7.500000000000e+02	7.370371096782e+02
7.346824645996e+00	7.000000000000e+02	7.370371121918e+02
7.366742849350e+00	1.150000000000e+03	7.370371146379e+02
7.386689901352e+00	6.000000000000e+02	7.370371158627e+02
7.406636238098e+00	1.050000000000e+03	7.370371159998e+02
7.427117109299e+00	1.050000000000e+03	7.370371188162e+02
7.447065591812e+00	7.500000000000e+02	7.370371219442e+02
7.467012166977e+00	4.500000000000e+02	7.370371254200e+02
7.486930608749e+00	1.500000000000e+02	7.370371278063e+02
7.506905555725e+00	3.500000000000e+02	7.370371292452e+02
7.526824951172e+00	1.250000000000e+03	7.370371295927e+02
7.546793937683e+00	6.500000000000e+02	7.370371319290e+02
7.566740512848e+00	9.000000000000e+02	7.370371343505e+02
7.586687088013e+00	7.500000000000e+02	7.370371369340e+02
7.606633901596e+00	8.000000000000e+02	7.370371403023e+02
7.626558303833e+00	5.500000000000e+02	7.370371420798e+02
7.646526813507e+00	1.050000000000e+03	7.370371420798e+02
7.666465282440e+00	1.000000000000e+03	7.370371465417e+02
7.686427831650e+00	1.750000000000e+03	7.370371507444e+02
7.706367492676e+00	1.050000000000e+03	7.370371507444e+02
7.726313591003e+00	1.000000000000e+03	7.370371526566e+02
7.746259927750e+00	8.500000000000e+02	7.370371555400e+02
7.766206502914e+00	8.000000000000e+02	7.370371581962e+02
7.786158800125e+00	1.100000000000e+03	7.370371611210e+02
7.807075023651e+00	7.500000000000e+02	7.370371639082e+02
7.827022552490e+00	6.000000000000e+02	7.370371639082e+02
7.846562862396e+00	1.300000000000e+03	7.370371653847e+02
7.866675138474e+00	1.900000000000e+03	7.370371679170e+02
7.886879205704e+00	1.500000000000e+03	7.370371697621e+02
7.907817602158e+00	1.550000000000e+03	7.370371716743e+02
7.926846504211e+00	1.450000000000e+03	7.370371747742e+02
7.946383714676e+00	9.000000000000e+02	7.370371773087e+02
7.967535972595e+00	1.200000000000e+03	7.370371795065e+02
7.986643552780e+00	5.000000000000e+02	7.370371818577e+02
8.006534576416e+00	1.250000000000e+03	7.370371845201e+02
8.026507377625e+00	1.750000000000e+03	7.370371871390e+02
8.046623945236e+00	7.500000000000e+02	7.370371887085e+02
8.066420078278e+00	2.200000000000e+03	7.370371887085e+02
8.086374998093e+00	1.950000000000e+03	7.370371922524e+02
8.106317043304e+00	1.950000000000e+03	7.370371947777e+02
8.127269268036e+00	1.450000000000e+03	7.370371970753e+02
8.146219491959e+00	1.400000000000e+03	7.370372005937e+02
8.167145729065e+00	1.950000000000e+03	7.370372015455e+02
8.187078475952e+00	1.100000000000e+03	7.370372015455e+02
8.207047224045e+00	8.000000000000e+02	7.370372051316e+02
8.226996183395e+00	2.000000000000e+03	7.370372089072e+02
8.246940851212e+00	1.050000000000e+03	7.370372098506e+02
8.266863822937e+00	3.000000000000e+02	7.370372124242e+02
8.286810398102e+00	2.500000000000e+02	7.370372155597e+02
8.306757211685e+00	1.150000000000e+03	7.370372190032e+02
8.326704025269e+00	1.950000000000e+03	7.370372215646e+02
8.346673965454e+00	1.950000000000e+03	7.370372233609e+02
8.366619825363e+00	2.850000000000e+03	7.370372233609e+02
8.386569023132e+00	1.950000000000e+03	7.370372254293e+02
8.407510757446e+00	9.000000000000e+02	7.370372282842e+02
8.426510572433e+00	8.000000000000e+02	7.370372307885e+02
8.446484327316e+00	1.600000000000e+03	7.370372333721e+02
8.466403007507e+00	1.400000000000e+03	7.370372359524e+02
8.486349344254e+00	1.550000000000e+03	7.370372386773e+02
8.506319046021e+00	2.100000000000e+03	7.370372397673e+02
8.526247262955e+00	8.000000000000e+02	7.370372400291e+02
8.546607732773e+00	9.500000000000e+02	7.370372426963e+02
8.566739082336e+00	1.600000000000e+03	7.370372454398e+02
8.587750673294e+00	2.150000000000e+03	7.370372483927e+02
8.607697248459e+00	2.150000000000e+03	7.370372513630e+02
8.626611232758e+00	1.600000000000e+03	7.370372530112e+02
8.646997451782e+00	7.500000000000e+02	7.370372530112e+02
8.666991472244e+00	2.300000000000e+03	7.370372557458e+02
8.686939001083e+00	2.100000000000e+03	7.370372589614e+02
8.706268548965e+00	2.200000000000e+03	7.370372629506e+02
8.727100610733e+00	2.400000000000e+03	7.370372660509e+02
8.747047185898e+00	1.050000000000e+03	7.370372687740e+02
8.766993761063e+00	6.500000000000e+02	7.370372715704e+02
8.786940097809e+00	1.100000000000e+03	7.370372742492e+02
8.806900978088e+00	1.750000000000e+03	7.370372764834e+02
8.826868534088e+00	2.100000000000e+03	7.370372764834e+02
8.846802949905e+00	1.850000000000e+03	7.370372780378e+02
8.866751670837e+00	1.500000000000e+03	7.370372806247e+02
8.886673212051e+00	1.750000000000e+03	7.370372831273e+02
8.906620025635e+00	1.100000000000e+03	7.370372856583e+02
8.926566600800e+00	1.550000000000e+03	7.370372886673e+02
8.946538448334e+00	2.050000000000e+03	7.370372913369e+02
8.966459751129e+00	1.750000000000e+03	7.370372937190e+02
8.986406087875e+00	2.050000000000e+03	7.370372961044e+02
9.006558895111e+00	1.750000000000e+03	7.370372985905e+02
9.026816129684e+00	1.250000000000e+03	7.370373017122e+02
9.046750068665e+00	2.400000000000e+03	7.370373027861e+02
9.066697835922e+00	1.900000000000e+03	7.370373029554e+02
9.086644887924e+00	1.600000000000e+03	7.370373064971e+02
9.106618881226e+00	1.550000000000e+03	7.370373095155e+02
9.126536846161e+00	2.650000000000e+03	7.370373123491e+02
9.146506786346e+00	1.000000000000e+03	7.370373155684e+02
9.166458368301e+00	1.500000000000e+02	7.370373165338e+02
9.186401128769e+00	1.550000000000e+03	7.370373168038e+02
9.206346273422e+00	1.000000000000e+03	7.370373195381e+02
9.227290391922e+00	1.050000000000e+03	7.370373225036e+02
9.246644973755e+00	3.000000000000e+02	7.370373255230e+02
9.266846656799e+00	4.000000000000e+02	7.370373285019e+02
9.286815404892e+00	2.000000000000e+02	7.370373306675e+02
9.306740045547e+00	7.500000000000e+02	7.370373309670e+02
9.326832532883e+00	5.000000000000e+02	7.370373339840e+02
9.347152948380e+00	1.100000000000e+03	7.370373364958e+02
9.366371870041e+00	3.000000000000e+02	7.370373385322e+02
9.386887788773e+00	7.500000000000e+02	7.370373413585e+02
9.407138586044e+00	1.500000000000e+02	7.370373446372e+02
9.426265478134e+00	5.500000000000e+02	7.370373474772e+02
9.447119235992e+00	3.000000000000e+02	7.370373502196e+02
9.467046737671e+00	9.500000000000e+02	7.370373526353e+02
9.486993074417e+00	2.000000000000e+02	7.370373526353e+02
9.506939888000e+00	1.150000000000e+03	7.370373536406e+02
9.526885986328e+00	1.300000000000e+03	7.370373569915e+02
9.546855449677e+00	5.500000000000e+02	7.370373601830e+02
9.566807031631e+00	5.000000000000e+02	7.370373632589e+02
9.586805582047e+00	5.500000000000e+02	7.370373661231e+02
9.606744050980e+00	9.000000000000e+02	7.370373691692e+02
9.626671075821e+00	6.500000000000e+02	7.370373722044e+02
9.646641492844e+00	1.400000000000e+03	7.370373751468e+02
9.666595220566e+00	1.000000000000e+03	7.370373758781e+02
9.686560153961e+00	1.150000000000e+03	7.370373761904e+02
9.706457614899e+00	1.100000000000e+03	7.370373792312e+02
9.726424217224e+00	9.500000000000e+02	7.370373821037e+02
9.746373891830e+00	7.000000000000e+02	7.370373848647e+02
9.766317129135e+00	1.250000000000e+03	7.370373878052e+02
9.786267280579e+00	1.500000000000e+02	7.370373909623e+02
9.806191444397e+00	6.000000000000e+02	7.370373942065e+02
9.827135562897e+00	4.500000000000e+02	7.370373942065e+02
9.847109317780e+00	6.000000000000e+02	7.370373954738e+02
9.867028474808e+00	7.500000000000e+02	7.370373982844e+02
9.886975049973e+00	7.500000000000e+02	7.370374010041e+02
9.906921625137e+00	8.500000000000e+02	7.370374037287e+02
9.926927804947e+00	1.350000000000e+03	7.370374064972e+02
9.946888923645e+00	5.500000000000e+02	7.370374096040e+02
9.966342687607e+00	9.000000000000e+02	7.370374118998e+02
9.986499547958e+00	5.000000000000e+02	7.370374118998e+02
1.000642132759e+01	4.000000000000e+02	7.370374138326e+02
1.002836322784e+01	4.000000000000e+02	7.370374170772e+02
1.004638791084e+01	7.500000000000e+02	7.370374196846e+02
1.006631541252e+01	5.000000000000e+02	7.370374223603e+02
1.008630061150e+01	3.500000000000e+02	7.370374248367e+02
1.010624742508e+01	6.000000000000e+02	7.370374253311e+02
1.012719202042e+01	9.000000000000e+02	7.370374278561e+02
1.014713931084e+01	8.000000000000e+02	7.370374324467e+02
1.016708421707e+01	4.500000000000e+02	7.370374342831e+02
1.018703055382e+01	6.500000000000e+02	7.370374351428e+02
1.020697712898e+01	6.000000000000e+02	7.370374370533e+02
1.022692418098e+01	5.500000000000e+02	7.370374391677e+02
1.024687075615e+01	1.050000000000e+03	7.370374424373e+02
1.026681685448e+01	5.500000000000e+02	7.370374453441e+02
1.028676462173e+01	2.500000000000e+02	7.370374477830e+02
1.030671048164e+01	2.500000000000e+02	7.370374482040e+02
1.032665729523e+01	6.000000000000e+02	7.370374524146e+02
1.034660410881e+01	4.500000000000e+02	7.370374562041e+02
1.036657905579e+01	3.000000000000e+02	7.370374562041e+02
1.038652181625e+01	5.500000000000e+02	7.370374582698e+02
1.040646767616e+01	4.000000000000e+02	7.370374608710e+02
1.042641448975e+01	4.500000000000e+02	7.370374638364e+02
1.044636058807e+01	6.500000000000e+02	7.370374663311e+02
1.046630668640e+01	2.000000000000e+02	7.370374686688e+02
1.048623085022e+01	6.000000000000e+02	7.370374691367e+02
1.050620174408e+01	8.000000000000e+02	7.370374707345e+02
1.052712154388e+01	4.500000000000e+02	7.370374729654e+02
1.054706740379e+01	4.000000000000e+02	7.370374760844e+02
1.056701421738e+01	6.000000000000e+02	7.370374792184e+02
1.058696079254e+01	3.000000000000e+02	7.370374821409e+02
1.060690689087e+01	4.500000000000e+02	7.370374846702e+02
1.062685394287e+01	4.000000000000e+02	7.370374871073e+02
1.064682364464e+01	6.500000000000e+02	7.370374903245e+02
1.066677331924e+01	6.500000000000e+02	7.370374917723e+02
1.068712258339e+01	8.000000000000e+02	7.370374919097e+02
1.070627355576e+01	6.500000000000e+02	7.370374945483e+02
1.072721767426e+01	6.000000000000e+02	7.370374975190e+02
1.074689507484e+01	4.500000000000e+02	7.370375004162e+02
1.076724362373e+01	1.000000000000e+02	7.370375031585e+02
1.078641271591e+01	2.000000000000e+02	7.370375057602e+02
1.080749034882e+01	2.500000000000e+02	7.370375087401e+02
1.082657170296e+01	7.500000000000e+02	7.370375094450e+02
1.084680962563e+01	5.000000000000e+02	7.370375104829e+02
1.086629796028e+01	6.500000000000e+02	7.370375132642e+02
1.088631033897e+01	6.500000000000e+02	7.370375164992e+02
1.090623211861e+01	9.500000000000e+02	7.370375195998e+02
1.092717623711e+01	6.000000000000e+02	7.370375222687e+02
1.094712281227e+01	6.500000000000e+02	7.370375254062e+02
1.096709704399e+01	4.500000000000e+02	7.370375280768e+02
1.098701667786e+01	4.500000000000e+02	7.370375280768e+02
1.100696325302e+01	7.000000000000e+02	7.370375302375e+02
1.102690887451e+01	2.500000000000e+02	7.370375330915e+02
1.104685568810e+01	2.000000000000e+02	7.370375357949e+02
1.106682491302e+01	4.500000000000e+02	7.370375387483e+02
1.108674979210e+01	4.500000000000e+02	7.370375417035e+02
1.110671854019e+01	7.000000000000e+02	7.370375417035e+02
1.112664318085e+01	9.500000000000e+02	7.370375432234e+02
1.114659786224e+01	4.500000000000e+02	7.370375459880e+02
1.116655874252e+01	3.000000000000e+02	7.370375488979e+02
1.118648290634e+01	1.500000000000e+02	7.370375516935e+02
1.120645141602e+01	5.500000000000e+02	7.370375540255e+02
1.122640991211e+01	2.500000000000e+02	7.370375564681e+02
1.124738836288e+01	5.500000000000e+02	7.370375596935e+02
1.126633429527e+01	3.500000000000e+02	7.370375624652e+02
1.128625702858e+01	6.500000000000e+02	7.370375651724e+02
1.130620360374e+01	6.000000000000e+02	7.370375653078e+02
1.132714676857e+01	5.000000000000e+02	7.370375681510e+02
1.134711694717e+01	4.000000000000e+02	7.370375707618e+02
1.136706686020e+01	6.500000000000e+02	7.370375732883e+02
1.138701081276e+01	3.500000000000e+02	7.370375762979e+02
1.140711474419e+01	2.000000000000e+02	7.370375794394e+02
1.142676329613e+01	4.500000000000e+02	7.370375821560e+02
1.144685435295e+01	4.500000000000e+02	7.370375835363e+02
1.146646785736e+01	3.000000000000e+02	7.370375835363e+02
1.148698091507e+01	2.500000000000e+02	7.370375871481e+02
1.150706028938e+01	4.000000000000e+02	7.370375900024e+02
1.152636957169e+01	6.000000000000e+02	7.370375923455e+02
1.154661583900e+01	4.500000000000e+02	7.370375955086e+02
1.156656146049e+01	4.000000000000e+02	7.370375984612e+02
1.158694863319e+01	3.000000000000e+02	7.370376012342e+02
1.160617041588e+01	5.000000000000e+02	7.370376016410e+02
1.162711501122e+01	5.500000000000e+02	7.370376027535e+02
1.164706182480e+01	9.500000000000e+02	7.370376055259e+02
1.166698312759e+01	5.000000000000e+02	7.370376085675e+02
1.168692970276e+01	5.500000000000e+02	7.370376116143e+02
1.170687651634e+01	7.500000000000e+02	7.370376144593e+02
1.172682309151e+01	1.000000000000e+02	7.370376173552e+02
1.174677109718e+01	3.000000000000e+02	7.370376198312e+02
1.176671624184e+01	5.000000000000e+02	7.370376198312e+02
1.178666353226e+01	2.000000000000e+02	7.370376215124e+02
1.180660963058e+01	2.000000000000e+02	7.370376245596e+02
1.182655715942e+01	3.000000000000e+02	7.370376274228e+02
1.184652757645e+01	5.500000000000e+02	7.370376303574e+02
1.186648750305e+01	4.000000000000e+02	7.370376333587e+02
1.188642382622e+01	4.000000000000e+02	7.370376364408e+02
1.190636754036e+01	5.000000000000e+02	7.370376392317e+02
1.192631697655e+01	6.000000000000e+02	7.370376417312e+02
1.194626092911e+01	3.500000000000e+02	7.370376440482e+02
1.196620631218e+01	2.500000000000e+02	7.370376462875e+02
1.198715257645e+01	3.500000000000e+02	7.370376469567e+02
1.200707316399e+01	4.000000000000e+02	7.370376486684e+02
1.202702093124e+01	5.000000000000e+02	7.370376508082e+02
1.204698991776e+01	4.500000000000e+02	7.370376536811e+02
1.206694102287e+01	3.500000000000e+02	7.370376557992e+02
1.208689022064e+01	6.000000000000e+02	7.370376560535e+02
1.210705471039e+01	2.000000000000e+02	7.370376586225e+02
1.212615346909e+01	4.500000000000e+02	7.370376611567e+02
1.214713883400e+01	5.000000000000e+02	7.370376643614e+02
1.216709709167e+01	5.500000000000e+02	7.370376673265e+02
1.218703126907e+01	4.500000000000e+02	7.370376703216e+02
1.220699214935e+01	5.500000000000e+02	7.370376735553e+02
1.222705149651e+01	4.500000000000e+02	7.370376765763e+02
1.224612975121e+01	4.000000000000e+02	7.370376787920e+02
1.226640534401e+01	4.500000000000e+02	7.370376787920e+02
1.228772878647e+01	1.500000000000e+02	7.370376810070e+02
1.230670833588e+01	1.000000000000e+02	7.370376835265e+02
1.232690382004e+01	3.000000000000e+02	7.370376852467e+02
1.234684991837e+01	4.500000000000e+02	7.370376869456e+02
1.236679720879e+01	3.500000000000e+02	7.370376910756e+02
1.238676595688e+01	4.000000000000e+02	7.370376946042e+02
1.240669012070e+01	1.500000000000e+02	7.370376967589e+02
1.242663741112e+01	4.500000000000e+02	7.370376967589e+02
1.244660735130e+01	4.000000000000e+02	7.370376989046e+02
1.246655583382e+01	6.500000000000e+02	7.370377019166e+02
1.248650455475e+01	3.000000000000e+02	7.370377046590e+02
1.250644612312e+01	3.500000000000e+02	7.370377073840e+02
1.252637028694e+01	5.000000000000e+02	7.370377101383e+02
1.254633903503e+01	5.000000000000e+02	7.370377132823e+02
1.256631493568e+01	5.000000000000e+02	7.370377148491e+02
1.258628225327e+01	6.000000000000e+02	7.370377151156e+02
1.260622525215e+01	7.500000000000e+02	7.370377177509e+02
1.262714958191e+01	4.000000000000e+02	7.370377202757e+02
1.264712357521e+01	4.000000000000e+02	7.370377224342e+02
1.266707205772e+01	6.500000000000e+02	7.370377247663e+02
1.268706798553e+01	4.000000000000e+02	7.370377276308e+02
1.270701241493e+01	5.500000000000e+02	7.370377299694e+02
1.272693705559e+01	5.000000000000e+02	7.370377319610e+02
1.274691367149e+01	2.500000000000e+02	7.370377343366e+02
1.276685500145e+01	2.000000000000e+02	7.370377374069e+02
1.278679919243e+01	4.500000000000e+02	7.370377405055e+02
1.280672311783e+01	3.500000000000e+02	7.370377434402e+02
1.282667064667e+01	3.000000000000e+02	7.370377454282e+02
1.284686827660e+01	4.500000000000e+02	7.370377474410e+02
1.286681866646e+01	9.000000000000e+02	7.370377510784e+02
1.288776683807e+01	5.500000000000e+02	7.370377542829e+02
1.290698075294e+01	1.500000000000e+02	7.370377564398e+02
1.292619609833e+01	7.000000000000e+02	7.370377564398e+02
1.294646835327e+01	3.500000000000e+02	7.370377577712e+02
1.296655178070e+01	6.000000000000e+02	7.370377614515e+02
1.298719429970e+01	3.000000000000e+02	7.370377640330e+02
1.300634741783e+01	5.500000000000e+02	7.370377665395e+02
1.302628469467e+01	7.500000000000e+02	7.370377697671e+02
1.304620695114e+01	6.500000000000e+02	7.370377728601e+02
1.306715011597e+01	4.000000000000e+02	7.370377752920e+02
1.308709669113e+01	4.500000000000e+02	7.370377752920e+02
1.310704326630e+01	1.050000000000e+03	7.370377778748e+02
1.312701344490e+01	4.500000000000e+02	7.370377817445e+02
1.314693665504e+01	5.500000000000e+02	7.370377853530e+02
1.316690874100e+01	8.500000000000e+02	7.370377889703e+02
1.318683099747e+01	1.100000000000e+03	7.370377896924e+02
1.320681047440e+01	8.500000000000e+02	7.370377932800e+02
1.322672438622e+01	5.000000000000e+02	7.370377941155e+02
1.324669718742e+01	1.000000000000e+03	7.370377941155e+02
1.326663994789e+01	4.000000000000e+02	7.370377970387e+02
1.328658723831e+01	9.500000000000e+02	7.370378004948e+02
1.330653452873e+01	6.500000000000e+02	7.370378039497e+02
1.332648539543e+01	6.000000000000e+02	7.370378067426e+02
1.334642624855e+01	6.000000000000e+02	7.370378095571e+02
1.336635017395e+01	1.000000000000e+02	7.370378124226e+02
1.338652062416e+01	1.100000000000e+03	7.370378153414e+02
1.340649008751e+01	8.000000000000e+02	7.370378176602e+02
1.342641329765e+01	9.000000000000e+02	7.370378176602e+02
1.344638323784e+01	1.150000000000e+03	7.370378196602e+02
1.346630668640e+01	6.000000000000e+02	7.370378225217e+02
1.348627758026e+01	5.500000000000e+02	7.370378254187e+02
1.350622773170e+01	5.000000000000e+02	7.370378279202e+02
1.352616071701e+01	7.000000000000e+02	7.370378302096e+02
1.354633092880e+01	7.500000000000e+02	7.370378310124e+02
1.356662535667e+01	8.500000000000e+02	7.370378327069e+02
1.358692717552e+01	5.000000000000e+02	7.370378360077e+02
1.360715603828e+01	5.500000000000e+02	7.370378386881e+02
1.362713742256e+01	1.000000000000e+03	7.370378414843e+02
1.364726376534e+01	8.000000000000e+02	7.370378444509e+02
1.366620039940e+01	1.200000000000e+03	7.370378451861e+02
1.368712139130e+01	7.500000000000e+02	7.370378461746e+02
1.370706725121e+01	1.750000000000e+03	7.370378489982e+02
1.372747111320e+01	2.200000000000e+03	7.370378520077e+02
1.374740481377e+01	1.200000000000e+03	7.370378549150e+02
1.376634740829e+01	8.500000000000e+02	7.370378575268e+02
1.378629398346e+01	6.500000000000e+02	7.370378601847e+02
1.380665874481e+01	1.300000000000e+03	7.370378628212e+02
1.382663059235e+01	1.000000000000e+03	7.370378652776e+02
1.384655261040e+01	1.000000000000e+03	7.370378678379e+02
1.386649894714e+01	7.000000000000e+02	7.370378707317e+02
1.388649845123e+01	4.000000000000e+02	7.370378734701e+02
1.390667223930e+01	8.000000000000e+02	7.370378758970e+02
1.392661523819e+01	1.400000000000e+03	7.370378758970e+02
1.394656038284e+01	1.950000000000e+03	7.370378776597e+02
1.396651196480e+01	1.550000000000e+03	7.370378801743e+02
1.398647904396e+01	8.000000000000e+02	7.370378836155e+02
1.400640320778e+01	1.550000000000e+03	7.370378863577e+02
1.402637171745e+01	9.000000000000e+02	7.370378886112e+02
1.404629611969e+01	1.150000000000e+03	7.370378891716e+02
1.406624245644e+01	1.100000000000e+03	7.370378904549e+02
1.408625578880e+01	1.100000000000e+03	7.370378924361e+02
1.410720038414e+01	6.000000000000e+02	7.370378954252e+02
1.412713050842e+01	1.150000000000e+03	7.370378989430e+02
1.414709353447e+01	1.150000000000e+03	7.370379020046e+02
1.416704177856e+01	1.100000000000e+03	7.370379050627e+02
1.418696379662e+01	1.000000000000e+03	7.370379081305e+02
1.420693683624e+01	9.000000000000e+02	7.370379113340e+02
1.422685742378e+01	1.250000000000e+03	7.370379126096e+02
1.424682617188e+01	8.500000000000e+02	7.370379135076e+02
1.426678705215e+01	1.800000000000e+03	7.370379164921e+02
1.428671622276e+01	9.500000000000e+02	7.370379195459e+02
1.430664348602e+01	1.550000000000e+03	7.370379225772e+02
1.432706093788e+01	1.600000000000e+03	7.370379251150e+02
1.434650397301e+01	1.300000000000e+03	7.370379263858e+02
1.436766099930e+01	1.150000000000e+03	7.370379263858e+02
1.438763618469e+01	1.250000000000e+03	7.370379289975e+02
1.440655088425e+01	1.900000000000e+03	7.370379317399e+02
1.442694830894e+01	1.000000000000e+03	7.370379343122e+02
1.444698405266e+01	1.500000000000e+03	7.370379377419e+02
1.446647405624e+01	1.350000000000e+03	7.370379417608e+02
1.448646545410e+01	1.300000000000e+03	7.370379445403e+02
1.450638985634e+01	9.500000000000e+02	7.370379474789e+02
1.452633547783e+01	8.500000000000e+02	7.370379502886e+02
1.454628205299e+01	8.000000000000e+02	7.370379522824e+02
1.456724953651e+01	2.000000000000e+02	7.370379543782e+02
1.458717346191e+01	1.950000000000e+03	7.370379544772e+02
1.460712313652e+01	1.600000000000e+03	7.370379566589e+02
1.462706637383e+01	1.850000000000e+03	7.370379604429e+02
1.464701294899e+01	2.200000000000e+03	7.370379636460e+02
1.466695928574e+01	1.700000000000e+03	7.370379662697e+02
1.468690586090e+01	1.850000000000e+03	7.370379687470e+02
1.470688343048e+01	1.450000000000e+03	7.370379692464e+02
1.472683525085e+01	3.500000000000e+02	7.370379706046e+02
1.474677157402e+01	2.350000000000e+03	7.370379728649e+02
1.476672053337e+01	1.000000000000e+03	7.370379750955e+02
1.478666496277e+01	7.000000000000e+02	7.370379773152e+02
1.480661535263e+01	2.100000000000e+03	7.370379815699e+02
1.482653260231e+01	1.200000000000e+03	7.370379855051e+02
1.484647870064e+01	1.500000000000e+03	7.370379885051e+02
1.486642527580e+01	2.100000000000e+03	7.370379920693e+02
1.488639712334e+01	1.650000000000e+03	7.370379931387e+02
1.490631866455e+01	1.250000000000e+03	7.370379931387e+02
1.492626571655e+01	1.850000000000e+03	7.370379963816e+02
1.494624304771e+01	1.950000000000e+03	7.370379994836e+02
1.496618199348e+01	1.750000000000e+03	7.370380024611e+02
1.498732876778e+01	1.750000000000e+03	7.370380052374e+02
1.500725245476e+01	1.350000000000e+03	7.370380082318e+02
1.502638912201e+01	2.000000000000e+03	7.370380119505e+02
1.504633545876e+01	1.850000000000e+03	7.370380146412e+02
1.506687521935e+01	1.500000000000e+03	7.370380165365e+02
1.508689951897e+01	1.050000000000e+03	7.370380165365e+02
1.510682320595e+01	1.200000000000e+03	7.370380194816e+02
1.512680935860e+01	1.100000000000e+03	7.370380225542e+02
1.514695119858e+01	1.150000000000e+03	7.370380260091e+02
1.516723823547e+01	1.100000000000e+03	7.370380291487e+02
1.518623781204e+01	1.050000000000e+03	7.370380318375e+02
1.520624876022e+01	1.100000000000e+03	7.370380318375e+02
1.522617197037e+01	1.400000000000e+03	7.370380332379e+02
1.524711585045e+01	1.600000000000e+03	7.370380359114e+02
1.526706242561e+01	1.200000000000e+03	7.370380386412e+02
1.528700900078e+01	1.000000000000e+02	7.370380418334e+02
1.530695581436e+01	5.000000000000e+01	7.370380455791e+02
1.532690262794e+01	8.500000000000e+02	7.370380481990e+02
1.534687685966e+01	4.500000000000e+02	7.370380509935e+02
1.536682200432e+01	5.000000000000e+02	7.370380541013e+02
1.538676524162e+01	8.000000000000e+02	7.370380548743e+02
1.540671253204e+01	4.500000000000e+02	7.370380554073e+02
1.542663550377e+01	9.000000000000e+02	7.370380589564e+02
1.544660520554e+01	1.200000000000e+03	7.370380618038e+02
1.546655821800e+01	1.400000000000e+03	7.370380645106e+02
1.548650074005e+01	1.350000000000e+03	7.370380673799e+02
1.550644922256e+01	1.700000000000e+03	7.370380683808e+02
1.552636837959e+01	1.350000000000e+03	7.370380691175e+02
1.554732656479e+01	1.050000000000e+03	7.370380722138e+02
1.556628513336e+01	8.000000000000e+02	7.370380751907e+02
1.558623671532e+01	9.000000000000e+02	7.370380784686e+02
1.560617899895e+01	5.000000000000e+02	7.370380813275e+02
1.562709951401e+01	7.000000000000e+02	7.370380847032e+02
1.564704608917e+01	9.000000000000e+02	7.370380882487e+02
1.566702032089e+01	5.000000000000e+02	7.370380884303e+02
1.568694329262e+01	8.500000000000e+02	7.370380902211e+02
1.570692443848e+01	9.000000000000e+02	7.370380942235e+02
1.572704458237e+01	1.350000000000e+03	7.370380974503e+02
1.574730277061e+01	1.250000000000e+03	7.370380975739e+02
1.576624131203e+01	1.350000000000e+03	7.370380999132e+02
1.578618860245e+01	3.000000000000e+02	7.370381023771e+02
1.580741477013e+01	5.000000000000e+02	7.370381047332e+02
1.582663941383e+01	2.000000000000e+02	7.370381071914e+02
1.584791612625e+01	8.000000000000e+02	7.370381104015e+02
1.586690378189e+01	7.500000000000e+02	7.370381110040e+02
1.588702344894e+01	8.000000000000e+02	7.370381131995e+02
1.590700244904e+01	9.500000000000e+02	7.370381162965e+02
1.592697310448e+01	9.000000000000e+02	7.370381194166e+02
1.594692158699e+01	1.000000000000e+02	7.370381220504e+02
1.596688008308e+01	8.000000000000e+02	7.370381245255e+02
1.598678946495e+01	4.000000000000e+02	7.370381276490e+02
1.600675845146e+01	7.500000000000e+02	7.370381308150e+02
1.602668190002e+01	5.500000000000e+02	7.370381335841e+02
1.604665207863e+01	5.500000000000e+02	7.370381344206e+02
1.606659865379e+01	7.000000000000e+02	7.370381349285e+02
1.608654475212e+01	4.000000000000e+02	7.370381374681e+02
1.610748934746e+01	1.000000000000e+03	7.370381405397e+02
1.612641572952e+01	5.500000000000e+02	7.370381434984e+02
1.614643859863e+01	2.000000000000e+02	7.370381458258e+02
1.616638278961e+01	8.000000000000e+02	7.370381481440e+02
1.618634200096e+01	5.000000000000e+02	7.370381481440e+02
1.620628094673e+01	5.000000000000e+02	7.370381510932e+02
1.622621750832e+01	8.500000000000e+02	7.370381539989e+02
1.624614620209e+01	7.500000000000e+02	7.370381568604e+02
1.626711273193e+01	2.000000000000e+02	7.370381598972e+02
1.628707218170e+01	3.500000000000e+02	7.370381626272e+02
1.630700707436e+01	6.500000000000e+02	7.370381651917e+02
1.632693672180e+01	5.500000000000e+02	7.370381680394e+02
1.634689998627e+01	3.500000000000e+02	7.370381700694e+02
1.636685752869e+01	4.000000000000e+02	7.370381700694e+02
1.638679790497e+01	6.000000000000e+02	7.370381721439e+02
1.640674066544e+01	7.000000000000e+02	7.370381750491e+02
1.642666363716e+01	6.000000000000e+02	7.370381777438e+02
1.644689011574e+01	6.000000000000e+02	7.370381806738e+02
1.646689200401e+01	4.500000000000e+02	7.370381833958e+02
1.648704147339e+01	5.000000000000e+01	7.370381833958e+02
1.650636911392e+01	6.000000000000e+02	7.370381852211e+02
1.652643799782e+01	5.000000000000e+02	7.370381877764e+02
1.654689407349e+01	4.500000000000e+02	7.370381912482e+02
1.656687879562e+01	2.000000000000e+02	7.370381941074e+02
1.658695173264e+01	6.500000000000e+02	7.370381966684e+02
1.660707759857e+01	4.000000000000e+02	7.370381992577e+02
1.662616944313e+01	5.500000000000e+02	7.370382021690e+02
1.664710402489e+01	5.000000000000e+02	7.370382061932e+02
1.666705155373e+01	8.000000000000e+02	7.370382067640e+02
1.668699693680e+01	7.500000000000e+02	7.370382076719e+02
1.670694398880e+01	7.000000000000e+02	7.370382102754e+02
1.672686934471e+01	7.000000000000e+02	7.370382132042e+02
1.674683666229e+01	4.500000000000e+02	7.370382162411e+02
1.676678299904e+01	4.000000000000e+02	7.370382193350e+02
1.678670811653e+01	4.500000000000e+02	7.370382201050e+02
1.680667710304e+01	7.500000000000e+02	7.370382207108e+02
1.682660126686e+01	6.000000000000e+02	7.370382247146e+02
1.684657692909e+01	2.500000000000e+02	7.370382287287e+02
1.686651849747e+01	2.500000000000e+02	7.370382314055e+02
1.688646841049e+01	6.000000000000e+02	7.370382338143e+02
1.690641427040e+01	5.000000000000e+02	7.370382360849e+02
1.692736124992e+01	4.000000000000e+02	7.370382384694e+02
1.694707036018e+01	6.000000000000e+02	7.370382385827e+02
1.696701860428e+01	4.500000000000e+02	7.370382412149e+02
1.698696732521e+01	7.500000000000e+02	7.370382438872e+02
1.700691676140e+01	7.500000000000e+02	7.370382458790e+02
1.702683472633e+01	3.000000000000e+02	7.370382481794e+02
1.704680395126e+01	4.000000000000e+02	7.370382512131e+02
1.706675553322e+01	2.500000000000e+02	7.370382519708e+02
1.708670163155e+01	3.500000000000e+02	7.370382543249e+02
1.710664343834e+01	1.500000000000e+02	7.370382575894e+02
1.712656831741e+01	2.500000000000e+02	7.370382605546e+02
1.714647603035e+01	3.500000000000e+02	7.370382637783e+02
1.716659259796e+01	4.500000000000e+02	7.370382669527e+02
1.718653488159e+01	2.500000000000e+02	7.370382689687e+02
1.720653843880e+01	5.000000000000e+02	7.370382711323e+02
1.722675538063e+01	1.500000000000e+02	7.370382745930e+02
1.724685907364e+01	2.500000000000e+02	7.370382758026e+02
1.726710152626e+01	2.000000000000e+02	7.370382759469e+02
1.728738379478e+01	1.000000000000e+02	7.370382788158e+02
1.730631971359e+01	3.000000000000e+02	7.370382815764e+02
1.732654571533e+01	4.000000000000e+02	7.370382846465e+02
1.734675693512e+01	5.000000000000e+02	7.370382885944e+02
1.736658906937e+01	1.000000000000e+02	7.370382899545e+02
1.738653779030e+01	3.500000000000e+02	7.370382905565e+02
1.740748167038e+01	2.000000000000e+02	7.370382937159e+02
1.742643070221e+01	3.500000000000e+02	7.370382961531e+02
1.744640660286e+01	4.000000000000e+02	7.370382983993e+02
1.746638154984e+01	2.000000000000e+02	7.370383013239e+02
1.748632431030e+01	5.000000000000e+02	7.370383044306e+02
1.750626969337e+01	1.000000000000e+02	7.370383074226e+02
1.752621650696e+01	3.000000000000e+02	7.370383104209e+02
1.754649043083e+01	1.500000000000e+02	7.370383128669e+02
1.756644082069e+01	5.500000000000e+02	7.370383128669e+02
1.758638048172e+01	3.500000000000e+02	7.370383149271e+02
1.760730481148e+01	3.000000000000e+02	7.370383182186e+02
1.762625384331e+01	4.500000000000e+02	7.370383210342e+02
1.764622974396e+01	3.500000000000e+02	7.370383240052e+02
1.766616988182e+01	3.000000000000e+02	7.370383266762e+02
1.768711042404e+01	5.000000000000e+01	7.370383266762e+02
1.770703792572e+01	3.000000000000e+02	7.370383284263e+02
1.772698473930e+01	2.500000000000e+02	7.370383316109e+02
1.774693155289e+01	2.500000000000e+02	7.370383346666e+02
1.776687741280e+01	5.000000000000e+02	7.370383377097e+02
1.778684973717e+01	2.500000000000e+02	7.370383407415e+02
1.780679392815e+01	3.000000000000e+02	7.370383433108e+02
1.782671856880e+01	1.000000000000e+02	7.370383459459e+02
1.784666466713e+01	2.000000000000e+02	7.370383491039e+02
1.786661148071e+01	1.500000000000e+02	7.370383497395e+02
1.788700079918e+01	4.000000000000e+02	7.370383505953e+02
1.790706348419e+01	3.000000000000e+02	7.370383534586e+02
1.792627143860e+01	1.000000000000e+02	7.370383544590e+02
1.794624710083e+01	2.000000000000e+02	7.370383546802e+02
1.796644949913e+01	1.500000000000e+02	7.370383536083e+02
1.798651647568e+01	2.000000000000e+02	7.370383519884e+02
1.800661849976e+01	1.000000000000e+02	7.370383501027e+02
1.802653980255e+01	1.000000000000e+02	7.370383493549e+02
1.804653549194e+01	1.000000000000e+02	7.370383487671e+02
1.806655836105e+01	5.500000000000e+02	7.370383470821e+02
1.808650374413e+01	2.000000000000e+02	7.370383448170e+02
1.810647416115e+01	2.000000000000e+02	7.370383413166e+02
1.812642765045e+01	2.000000000000e+02	7.370383390454e+02
1.814634466171e+01	2.500000000000e+02	7.370383366134e+02
1.816636705399e+01	2.500000000000e+02	7.370383337824e+02
1.818629431725e+01	5.500000000000e+02	7.370383332210e+02
1.820624589920e+01	2.500000000000e+02	7.370383325429e+02
1.822621178627e+01	5.000000000000e+01	7.370383298305e+02
1.824713134766e+01	2.000000000000e+02	7.370383270636e+02
1.826707816124e+01	2.500000000000e+02	7.370383244988e+02
1.828704714775e+01	4.500000000000e+02	7.370383221110e+02
1.830697131157e+01	3.000000000000e+02	7.370383215170e+02
1.832691836357e+01	5.500000000000e+02	7.370383208471e+02
1.834688782692e+01	2.500000000000e+02	7.370383186118e+02
1.836681175232e+01	3.500000000000e+02	7.370383159662e+02
1.838675808907e+01	2.500000000000e+02	7.370383129783e+02
1.840672826767e+01	3.500000000000e+02	7.370383099954e+02
1.842666292191e+01	3.000000000000e+02	7.370383071943e+02
1.844659733772e+01	2.000000000000e+02	7.370383045105e+02
1.846654438972e+01	3.000000000000e+02	7.370383043762e+02
1.848659563065e+01	1.500000000000e+02	7.370383031250e+02
1.850657033920e+01	1.000000000000e+02	7.370383006187e+02
1.852650928497e+01	4.000000000000e+02	7.370382979743e+02
1.854743361473e+01	2.000000000000e+02	7.370382951572e+02
1.856648969650e+01	3.000000000000e+02	7.370382925534e+02
1.858757376671e+01	1.500000000000e+02	7.370382897574e+02
1.860736608505e+01	1.000000000000e+02	7.370382875456e+02
1.862644553185e+01	3.500000000000e+02	7.370382875456e+02
1.864648985863e+01	3.000000000000e+02	7.370382858079e+02
1.866655445099e+01	3.000000000000e+02	7.370382829337e+02
1.868689703941e+01	4.500000000000e+02	7.370382803121e+02
1.870690226555e+01	2.500000000000e+02	7.370382775724e+02
1.872711157799e+01	1.000000000000e+02	7.370382746738e+02
1.874619579315e+01	4.500000000000e+02	7.370382718438e+02
1.876720523834e+01	3.500000000000e+02	7.370382700600e+02
1.878693604469e+01	5.000000000000e+01	7.370382700600e+02
1.880688977242e+01	1.500000000000e+02	7.370382678198e+02
1.882682919502e+01	1.000000000000e+02	7.370382650644e+02
1.884680294991e+01	2.000000000000e+02	7.370382620278e+02
1.886674833298e+01	2.500000000000e+02	7.370382594646e+02
1.888672351837e+01	4.500000000000e+02	7.370382569891e+02
1.890666627884e+01	1.500000000000e+02	7.370382544425e+02
1.892658829689e+01	1.000000000000e+02	7.370382535542e+02
1.894753217697e+01	2.000000000000e+02	7.370382531537e+02
1.896648240089e+01	1.000000000000e+02	7.370382506164e+02
1.898645091057e+01	4.500000000000e+02	7.370382481821e+02
1.900640225410e+01	2.000000000000e+02	7.370382459460e+02
1.902632117271e+01	4.500000000000e+02	7.370382431709e+02
1.904629182816e+01	3.500000000000e+02	7.370382402013e+02
1.906624484062e+01	1.500000000000e+02	7.370382382680e+02
1.908715867996e+01	5.500000000000e+02	7.370382357039e+02
1.910712862015e+01	4.000000000000e+02	7.370382322215e+02
1.912707614899e+01	4.000000000000e+02	7.370382322215e+02
1.914707541466e+01	4.000000000000e+02	7.370382308508e+02
1.916702365875e+01	1.500000000000e+02	7.370382290228e+02
1.918696832657e+01	5.500000000000e+02	7.370382267388e+02
1.920689272881e+01	3.000000000000e+02	7.370382239682e+02
1.922683930397e+01	4.500000000000e+02	7.370382208725e+02
1.924680852890e+01	2.000000000000e+02	7.370382180619e+02
1.926676869392e+01	6.500000000000e+02	7.370382154668e+02
1.928683876991e+01	5.500000000000e+02	7.370382132839e+02
1.930687117577e+01	5.000000000000e+02	7.370382118667e+02
1.932693862915e+01	2.500000000000e+02	7.370382111529e+02
1.934717297554e+01	4.000000000000e+02	7.370382087867e+02
1.936709761620e+01	4.000000000000e+02	7.370382063341e+02
1.938723540306e+01	3.000000000000e+02	7.370382031477e+02
1.940637159348e+01	4.000000000000e+02	7.370381995719e+02
1.942648434639e+01	0.000000000000e+00	7.370381966937e+02
1.944643020630e+01	4.500000000000e+02	7.370381948443e+02
1.946661686897e+01	3.500000000000e+02	7.370381941067e+02
1.948689317703e+01	3.500000000000e+02	7.370381937198e+02
1.950683879852e+01	4.500000000000e+02	7.370381911407e+02
1.952678537369e+01	3.000000000000e+02	7.370381881075e+02
1.954675579071e+01	5.000000000000e+02	7.370381850623e+02
1.956670260429e+01	2.000000000000e+02	7.370381827050e+02
1.958664917946e+01	4.500000000000e+02	7.370381816470e+02
1.960659122467e+01	2.000000000000e+02	7.370381814709e+02
1.962658023834e+01	4.500000000000e+02	7.370381779269e+02
1.964649319649e+01	1.500000000000e+02	7.370381753351e+02
1.966641187668e+01	2.500000000000e+02	7.370381730522e+02
1.968638253212e+01	1.500000000000e+02	7.370381701847e+02
1.970632910728e+01	5.500000000000e+02	7.370381675521e+02
1.972627496719e+01	3.000000000000e+02	7.370381652791e+02
1.974619936943e+01	4.500000000000e+02	7.370381623524e+02
1.976616907120e+01	8.500000000000e+02	7.370381601874e+02
1.978708887100e+01	4.000000000000e+02	7.370381601874e+02
1.980703544617e+01	6.500000000000e+02	7.370381579133e+02
1.982700514793e+01	5.500000000000e+02	7.370381550722e+02
1.984695267677e+01	6.000000000000e+02	7.370381522454e+02
1.986687541008e+01	5.000000000000e+01	7.370381496979e+02
1.988684868813e+01	5.000000000000e+02	7.370381470531e+02
1.990679168701e+01	4.000000000000e+02	7.370381439332e+02
1.992671751976e+01	4.500000000000e+02	7.370381414157e+02
1.994668602943e+01	3.500000000000e+02	7.370381392152e+02
1.996663141251e+01	1.000000000000e+02	7.370381380089e+02
1.998657798767e+01	5.000000000000e+01	7.370381380089e+02
2.000688290596e+01	6.000000000000e+02	7.370381351147e+02
2.002622008324e+01	7.500000000000e+02	7.370381322337e+02
2.004680681229e+01	1.150000000000e+03	7.370381292971e+02
2.006693291664e+01	7.000000000000e+02	7.370381265209e+02
2.008687758446e+01	3.500000000000e+02	7.370381254239e+02
2.010690951347e+01	5.500000000000e+02	7.370381250661e+02
2.012674736977e+01	5.500000000000e+02	7.370381216913e+02
2.014700913429e+01	5.000000000000e+02	7.370381190648e+02
2.016714406013e+01	9.500000000000e+02	7.370381166877e+02
2.018712472916e+01	8.000000000000e+02	7.370381140285e+02
2.020741462708e+01	3.000000000000e+02	7.370381112651e+02
2.022741889954e+01	4.500000000000e+02	7.370381082993e+02
2.024638986588e+01	2.000000000000e+02	7.370381055795e+02
2.026670432091e+01	3.000000000000e+02	7.370381031464e+02
2.028664445877e+01	2.000000000000e+02	7.370381031464e+02
2.030656981468e+01	5.000000000000e+02	7.370381018680e+02
2.032652425766e+01	5.500000000000e+02	7.370380990269e+02
2.034646010399e+01	8.000000000000e+02	7.370380961963e+02
2.036640691757e+01	1.000000000000e+03	7.370380934607e+02
2.038635349274e+01	9.500000000000e+02	7.370380909028e+02
2.040632390976e+01	9.000000000000e+02	7.370380903877e+02
2.042627048492e+01	1.850000000000e+03	7.370380876465e+02
2.044619345665e+01	1.300000000000e+03	7.370380830832e+02
2.046713781357e+01	9.000000000000e+02	7.370380817073e+02
2.048708415031e+01	7.500000000000e+02	7.370380810229e+02
2.050703144073e+01	7.500000000000e+02	7.370380776010e+02
2.052697753906e+01	8.500000000000e+02	7.370380744154e+02
2.054692602158e+01	8.500000000000e+02	7.370380714078e+02
2.056689929962e+01	9.500000000000e+02	7.370380685510e+02
2.058688831329e+01	9.000000000000e+02	7.370380675495e+02
2.060681295395e+01	1.350000000000e+03	7.370380673969e+02
2.062678718567e+01	3.000000000000e+02	7.370380643416e+02
2.064672851562e+01	4.000000000000e+02	7.370380615229e+02
2.066667199135e+01	0.000000000000e+00	7.370380589359e+02
2.068662667274e+01	1.100000000000e+03	7.370380557328e+02
2.070656967163e+01	1.050000000000e+03	7.370380531264e+02
2.072651362419e+01	6.500000000000e+02	7.370380510038e+02
2.074647378922e+01	2.500000000000e+02	7.370380495201e+02
2.076666283607e+01	5.500000000000e+02	7.370380482087e+02
2.078688859940e+01	6.500000000000e+02	7.370380452456e+02
2.080699658394e+01	1.050000000000e+03	7.370380426767e+02
2.082735466957e+01	1.300000000000e+03	7.370380399502e+02
2.084733223915e+01	1.100000000000e+03	7.370380368278e+02
2.086640143394e+01	9.000000000000e+02	7.370380335493e+02
2.088628554344e+01	1.850000000000e+03	7.370380303125e+02
2.090739274025e+01	1.450000000000e+03	7.370380281077e+02
2.092730617523e+01	7.000000000000e+02	7.370380269624e+02
2.094725155830e+01	1.800000000000e+03	7.370380266703e+02
2.096621894836e+01	1.650000000000e+03	7.370380248184e+02
2.098717212677e+01	1.300000000000e+03	7.370380227725e+02
2.100711345673e+01	1.850000000000e+03	7.370380191372e+02
2.102703762054e+01	1.100000000000e+03	7.370380151300e+02
2.104698467255e+01	3.500000000000e+02	7.370380120887e+02
2.106692981720e+01	1.600000000000e+03	7.370380101208e+02
2.108687663078e+01	1.650000000000e+03	7.370380086447e+02
2.110682392120e+01	1.200000000000e+03	7.370380084177e+02
2.112677025795e+01	1.500000000000e+02	7.370380061197e+02
2.114671659470e+01	1.200000000000e+03	7.370380037343e+02
2.116669178009e+01	1.400000000000e+03	7.370379996556e+02
2.118763422966e+01	6.500000000000e+02	7.370379968843e+02
2.120655751228e+01	9.000000000000e+02	7.370379946583e+02
2.122651290894e+01	4.000000000000e+02	7.370379915626e+02
2.124644994736e+01	1.850000000000e+03	7.370379884202e+02
2.126642107964e+01	2.250000000000e+03	7.370379853760e+02
2.128634285927e+01	1.150000000000e+03	7.370379853760e+02
2.130628991127e+01	1.450000000000e+03	7.370379837257e+02
2.132625889778e+01	1.750000000000e+03	7.370379813634e+02
2.134618353844e+01	1.150000000000e+03	7.370379769992e+02
2.136713957787e+01	6.000000000000e+02	7.370379739973e+02
2.138709616661e+01	4.500000000000e+02	7.370379719477e+02
2.140702080727e+01	7.500000000000e+02	7.370379691036e+02
2.142696738243e+01	8.500000000000e+02	7.370379660300e+02
2.144695615768e+01	1.000000000000e+03	7.370379632239e+02
2.146744561195e+01	3.000000000000e+02	7.370379623898e+02
2.148760867119e+01	0.000000000000e+00	7.370379616704e+02
2.150664544106e+01	2.050000000000e+03	7.370379584480e+02
2.152692723274e+01	1.600000000000e+03	7.370379550718e+02
2.154684185982e+01	1.900000000000e+03	7.370379518939e+02
2.156709122658e+01	2.100000000000e+03	7.370379489914e+02
2.158620929718e+01	2.050000000000e+03	7.370379478477e+02
2.160621809959e+01	1.800000000000e+03	7.370379476078e+02
2.162671208382e+01	1.300000000000e+03	7.370379451485e+02
2.164709401131e+01	2.450000000000e+03	7.370379429238e+02
2.166715240479e+01	9.000000000000e+02	7.370379409568e+02
2.168712377548e+01	2.150000000000e+03	7.370379383463e+02
2.170706915855e+01	1.200000000000e+03	7.370379333340e+02
2.172701382637e+01	9.500000000000e+02	7.370379306976e+02
2.174693894386e+01	1.500000000000e+03	7.370379301706e+02
2.176691269875e+01	7.500000000000e+02	7.370379292565e+02
2.178685450554e+01	3.000000000000e+02	7.370379262237e+02
2.180679726601e+01	1.550000000000e+03	7.370379235424e+02
2.182672572136e+01	1.550000000000e+03	7.370379209108e+02
2.184669804573e+01	1.400000000000e+03	7.370379178528e+02
2.186664104462e+01	9.000000000000e+02	7.370379149725e+02
2.188659095764e+01	6.000000000000e+02	7.370379124626e+02
2.190654325485e+01	6.000000000000e+02	7.370379124626e+02
2.192653059959e+01	3.000000000000e+02	7.370379109888e+02
2.194647192955e+01	1.250000000000e+03	7.370379083275e+02
2.196641802788e+01	1.150000000000e+03	7.370379052810e+02
2.198638796806e+01	7.000000000000e+02	7.370379023494e+02
2.200633835793e+01	9.000000000000e+02	7.370378995905e+02
2.202628159523e+01	1.700000000000e+03	7.370378993152e+02
2.204622793198e+01	1.050000000000e+03	7.370378981564e+02
2.206617379189e+01	1.000000000000e+02	7.370378952556e+02
2.208711981773e+01	4.500000000000e+02	7.370378921185e+02
2.210706686974e+01	3.000000000000e+02	7.370378892510e+02
2.212703728676e+01	1.500000000000e+03	7.370378867077e+02
2.214698386192e+01	9.000000000000e+02	7.370378846391e+02
2.216695332527e+01	1.050000000000e+03	7.370378827255e+02
2.218690252304e+01	9.500000000000e+02	7.370378803621e+02
2.220609641075e+01	7.000000000000e+02	7.370378777351e+02
2.222721338272e+01	5.500000000000e+02	7.370378748636e+02
2.224727535248e+01	1.350000000000e+03	7.370378730972e+02
2.226652956009e+01	9.500000000000e+02	7.370378728526e+02
2.228689074516e+01	5.000000000000e+02	7.370378703934e+02
2.230700731277e+01	1.000000000000e+03	7.370378676390e+02
2.232647275925e+01	7.500000000000e+02	7.370378644980e+02
2.234682250023e+01	6.000000000000e+02	7.370378621862e+02
2.236718177795e+01	1.300000000000e+03	7.370378592107e+02
2.238618755341e+01	1.200000000000e+03	7.370378557353e+02
2.240715074539e+01	8.500000000000e+02	7.370378534800e+02
2.242707490921e+01	7.500000000000e+02	7.370378518705e+02
2.244702053070e+01	8.500000000000e+02	7.370378518705e+02
2.246696734428e+01	5.000000000000e+02	7.370378492633e+02
2.248691391945e+01	9.000000000000e+02	7.370378464706e+02
2.250786399841e+01	8.000000000000e+02	7.370378433344e+02
2.252682089806e+01	6.000000000000e+02	7.370378412758e+02
2.254678344727e+01	3.000000000000e+02	7.370378394859e+02
2.256673741341e+01	1.050000000000e+03	7.370378385028e+02
2.258667492867e+01	6.500000000000e+02	7.370378363188e+02
2.260759162903e+01	9.000000000000e+02	7.370378332724e+02
2.262654042244e+01	1.000000000000e+03	7.370378305710e+02
2.264648652077e+01	3.500000000000e+02	7.370378277835e+02
2.266643357277e+01	7.000000000000e+02	7.370378250334e+02
2.268637990952e+01	7.500000000000e+02	7.370378224025e+02
2.270632648468e+01	1.500000000000e+02	7.370378212186e+02
2.272627353668e+01	5.000000000000e+02	7.370378212186e+02
2.274625921249e+01	1.500000000000e+02	7.370378185763e+02
2.276618957520e+01	7.000000000000e+02	7.370378154029e+02
2.278711080551e+01	7.000000000000e+02	7.370378119031e+02
2.280805444717e+01	7.000000000000e+02	7.370378091098e+02
2.282702922821e+01	5.500000000000e+02	7.370378064122e+02
2.284697580338e+01	3.500000000000e+02	7.370378032357e+02
2.286692404747e+01	5.000000000000e+02	7.370378001489e+02
2.288730978966e+01	3.500000000000e+02	7.370377979617e+02
2.290647745132e+01	7.500000000000e+02	7.370377979617e+02
2.292647981644e+01	4.000000000000e+02	7.370377960474e+02
2.294670844078e+01	5.000000000000e+02	7.370377929042e+02
2.296696949005e+01	6.500000000000e+02	7.370377902239e+02
2.298690247536e+01	3.000000000000e+02	7.370377874017e+02
2.300687932968e+01	9.000000000000e+02	7.370377844216e+02
2.302690792084e+01	5.000000000000e+02	7.370377812173e+02
2.304707527161e+01	6.500000000000e+02	7.370377785638e+02
2.306704688072e+01	1.150000000000e+03	7.370377765028e+02
2.308732748032e+01	9.500000000000e+02	7.370377748444e+02
2.310727047920e+01	8.000000000000e+02	7.370377748444e+02
2.312621188164e+01	3.500000000000e+02	7.370377724902e+02
2.314713263512e+01	5.500000000000e+02	7.370377696111e+02
2.316710495949e+01	2.000000000000e+02	7.370377660900e+02
2.318704891205e+01	4.500000000000e+02	7.370377635245e+02
2.320699858665e+01	5.000000000000e+02	7.370377612755e+02
2.322691941261e+01	8.500000000000e+02	7.370377575621e+02
2.324688959122e+01	5.500000000000e+02	7.370377561707e+02
2.326640176773e+01	4.500000000000e+02	7.370377559940e+02
2.328634762764e+01	3.000000000000e+02	7.370377524622e+02
2.330629491806e+01	7.000000000000e+02	7.370377492916e+02
2.332624602318e+01	5.000000000000e+02	7.370377462902e+02
2.334618782997e+01	7.500000000000e+02	7.370377433498e+02
2.336713147163e+01	3.500000000000e+02	7.370377406846e+02
2.338707852364e+01	1.000000000000e+02	7.370377383943e+02
2.340702462196e+01	3.500000000000e+02	7.370377380534e+02
2.342697262764e+01	7.500000000000e+02	7.370377362574e+02
2.344691801071e+01	5.000000000000e+02	7.370377334917e+02
2.346687173843e+01	2.500000000000e+02	7.370377307656e+02
2.348681116104e+01	3.000000000000e+02	7.370377279737e+02
2.350676321983e+01	1.500000000000e+02	7.370377250048e+02
2.352668142319e+01	1.500000000000e+02	7.370377244111e+02
2.354673147202e+01	2.000000000000e+02	7.370377228220e+02
2.356667780876e+01	3.500000000000e+02	7.370377175196e+02
2.358662533760e+01	7.500000000000e+02	7.370377161890e+02
2.360675048828e+01	6.500000000000e+02	7.370377153594e+02
2.362666177750e+01	5.500000000000e+02	7.370377121479e+02
2.364672493935e+01	4.500000000000e+02	7.370377091253e+02
2.366697907448e+01	3.500000000000e+02	7.370377061313e+02
2.368627476692e+01	3.000000000000e+02	7.370377031000e+02
2.370635890961e+01	3.000000000000e+02	7.370377018640e+02
2.372625541687e+01	3.500000000000e+02	7.370377016389e+02
2.374635720253e+01	3.000000000000e+02	7.370376971017e+02
2.376701474190e+01	5.500000000000e+02	7.370376931420e+02
2.378698039055e+01	5.500000000000e+02	7.370376931420e+02
2.380702972412e+01	3.500000000000e+02	7.370376910715e+02
2.382697725296e+01	4.500000000000e+02	7.370376884959e+02
2.384692358971e+01	5.500000000000e+02	7.370376859233e+02
2.386687374115e+01	5.500000000000e+02	7.370376833425e+02
2.388683533669e+01	5.500000000000e+02	7.370376807292e+02
2.390678524971e+01	3.500000000000e+02	7.370376777353e+02
2.392671012878e+01	4.000000000000e+02	7.370376752986e+02
2.394667530060e+01	1.500000000000e+02	7.370376750325e+02
2.396660399437e+01	2.000000000000e+02	7.370376723996e+02
2.398657178879e+01	5.500000000000e+02	7.370376700130e+02
2.400651621819e+01	5.000000000000e+02	7.370376677962e+02
2.402644228935e+01	9.000000000000e+02	7.370376653022e+02
2.404640865326e+01	2.500000000000e+02	7.370376628040e+02
2.406733298302e+01	4.500000000000e+02	7.370376628040e+02
2.408690929413e+01	5.500000000000e+02	7.370376605181e+02
2.410685491562e+01	2.500000000000e+02	7.370376575885e+02
2.412780904770e+01	7.500000000000e+02	7.370376539792e+02
2.414677119255e+01	5.000000000000e+02	7.370376510237e+02
2.416672825813e+01	1.000000000000e+02	7.370376481193e+02
2.418667364120e+01	5.500000000000e+02	7.370376457801e+02
2.420661091805e+01	5.000000000000e+02	7.370376431910e+02
2.422653484344e+01	3.500000000000e+02	7.370376401364e+02
2.424648213387e+01	3.000000000000e+02	7.370376392113e+02
2.426642918587e+01	3.000000000000e+02	7.370376387197e+02
2.428640365601e+01	5.000000000000e+02	7.370376367507e+02
2.430632209778e+01	2.500000000000e+02	7.370376334627e+02
2.432632040977e+01	2.000000000000e+02	7.370376301128e+02
2.434726667404e+01	6.500000000000e+02	7.370376278607e+02
2.436723470688e+01	3.500000000000e+02	7.370376251005e+02
2.438743591309e+01	2.500000000000e+02	7.370376221582e+02
2.440650224686e+01	4.500000000000e+02	7.370376221582e+02
2.442644834518e+01	3.500000000000e+02	7.370376201554e+02
2.444649577141e+01	3.000000000000e+02	7.370376170919e+02
2.446669673920e+01	3.000000000000e+02	7.370376145843e+02
2.448672723770e+01	4.000000000000e+02	7.370376119587e+02
2.450656676292e+01	3.000000000000e+02	7.370376091921e+02
2.452681636810e+01	3.000000000000e+02	7.370376059409e+02
2.454678368568e+01	2.500000000000e+02	7.370376038112e+02
2.456673455238e+01	5.500000000000e+02	7.370376038112e+02
2.458668470383e+01	3.500000000000e+02	7.370376012151e+02
2.460660362244e+01	5.500000000000e+02	7.370375983728e+02
2.462655949593e+01	4.500000000000e+02	7.370375962644e+02
2.464652180672e+01	6.500000000000e+02	7.370375939107e+02
2.466644310951e+01	7.500000000000e+02	7.370375897817e+02
2.468641710281e+01	5.000000000000e+02	7.370375878527e+02
2.470635986328e+01	6.000000000000e+02	7.370375859267e+02
2.472631239891e+01	6.000000000000e+02	7.370375850621e+02
2.474622917175e+01	3.500000000000e+02	7.370375837306e+02
2.476620078087e+01	2.000000000000e+02	7.370375810579e+02
2.478714394569e+01	3.000000000000e+02	7.370375776036e+02
2.480709075928e+01	4.500000000000e+02	7.370375746681e+02
2.482702183723e+01	2.000000000000e+02	7.370375719796e+02
2.484698319435e+01	3.000000000000e+02	7.370375689625e+02
2.486695194244e+01	6.000000000000e+02	7.370375658586e+02
2.488687968254e+01	6.000000000000e+02	7.370375627504e+02
2.490682959557e+01	4.500000000000e+02	7.370375621286e+02
2.492674612999e+01	4.500000000000e+02	7.370375612467e+02
2.494672083855e+01	5.000000000000e+01	7.370375576912e+02
2.496666741371e+01	4.000000000000e+02	7.370375543662e+02
2.498661303520e+01	8.000000000000e+02	7.370375513829e+02
2.500656318665e+01	3.000000000000e+02	7.370375491941e+02
2.502647995949e+01	4.000000000000e+02	7.370375462832e+02
2.504644942284e+01	3.500000000000e+02	7.370375428750e+02
2.506637310982e+01	6.500000000000e+02	7.370375428750e+02
2.508631992340e+01	5.500000000000e+02	7.370375408981e+02
2.510626649857e+01	7.000000000000e+02	7.370375382347e+02
2.512621235847e+01	4.500000000000e+02	7.370375350886e+02
2.514715695381e+01	7.500000000000e+02	7.370375317952e+02
2.516610646248e+01	4.500000000000e+02	7.370375289790e+02
2.518705034256e+01	3.500000000000e+02	7.370375289790e+02
2.520719122887e+01	2.000000000000e+02	7.370375273810e+02
2.522614479065e+01	4.000000000000e+02	7.370375244021e+02
2.524712777138e+01	7.000000000000e+02	7.370375215604e+02
2.526705217361e+01	6.000000000000e+02	7.370375185554e+02
2.528699874878e+01	3.000000000000e+02	7.370375150850e+02
2.530632829666e+01	5.500000000000e+02	7.370375147379e+02
2.532627511024e+01	6.000000000000e+02	7.370375134060e+02
2.534622383118e+01	5.000000000000e+02	7.370375095999e+02
2.536616921425e+01	6.000000000000e+02	7.370375058591e+02
2.538712191582e+01	4.500000000000e+02	7.370375032199e+02
2.540705919266e+01	2.000000000000e+02	7.370375014624e+02
2.542700552940e+01	5.000000000000e+02	7.370375014624e+02
2.544695281982e+01	8.000000000000e+02	7.370374990513e+02
2.546689867973e+01	6.500000000000e+02	7.370374967040e+02
2.548686885834e+01	6.500000000000e+02	7.370374947086e+02
2.550679254532e+01	6.500000000000e+02	7.370374926001e+02
2.552673912048e+01	6.500000000000e+02	7.370374894302e+02
2.554670381546e+01	4.500000000000e+02	7.370374855381e+02
2.556665635109e+01	4.500000000000e+02	7.370374824162e+02
2.558657956123e+01	1.050000000000e+03	7.370374799661e+02
2.560652565956e+01	4.500000000000e+02	7.370374787397e+02
2.562647175789e+01	9.000000000000e+02	7.370374776563e+02
2.564741635323e+01	5.000000000000e+02	7.370374753811e+02
2.566636466980e+01	4.500000000000e+02	7.370374726591e+02
2.568633413315e+01	3.000000000000e+02	7.370374688559e+02
2.570627689362e+01	4.500000000000e+02	7.370374661339e+02
2.572620463371e+01	8.000000000000e+02	7.370374638482e+02
2.574717164040e+01	9.000000000000e+02	7.370374615951e+02
2.576711869240e+01	2.500000000000e+02	7.370374611682e+02
2.578642392159e+01	4.500000000000e+02	7.370374592805e+02
2.580671906471e+01	4.000000000000e+02	7.370374561438e+02
2.582698392868e+01	8.000000000000e+02	7.370374529521e+02
2.584625315666e+01	6.000000000000e+02	7.370374503610e+02
2.586720466614e+01	8.000000000000e+02	7.370374478966e+02
2.588711667061e+01	1.050000000000e+03	7.370374452664e+02
2.590719151497e+01	2.500000000000e+02	7.370374423310e+02
2.592662930489e+01	2.000000000000e+02	7.370374392303e+02
2.594655728340e+01	1.300000000000e+03	7.370374384378e+02
2.596670866013e+01	9.500000000000e+02	7.370374382501e+02
2.598712086678e+01	8.000000000000e+02	7.370374348016e+02
2.600706744194e+01	2.000000000000e+02	7.370374320990e+02
2.602701449394e+01	6.500000000000e+02	7.370374296188e+02
2.604696059227e+01	4.000000000000e+02	7.370374263923e+02
2.606690740585e+01	3.000000000000e+02	7.370374250860e+02
2.608687758446e+01	8.000000000000e+02	7.370374250860e+02
2.610682654381e+01	9.000000000000e+02	7.370374222410e+02
2.612674736977e+01	7.500000000000e+02	7.370374194078e+02
2.614669394493e+01	9.000000000000e+02	7.370374165805e+02
2.616696786880e+01	1.000000000000e+03	7.370374134325e+02
2.618661022186e+01	8.000000000000e+02	7.370374108716e+02
2.620655679703e+01	8.500000000000e+02	7.370374092580e+02
2.622648072243e+01	9.500000000000e+02	7.370374076462e+02
2.624645543098e+01	5.500000000000e+02	7.370374035808e+02
2.626639890671e+01	3.000000000000e+02	7.370374019621e+02
2.628634500504e+01	9.500000000000e+02	7.370374001534e+02
2.630629348755e+01	2.000000000000e+02	7.370373971707e+02
2.632631731033e+01	9.500000000000e+02	7.370373944728e+02
2.634625959396e+01	8.000000000000e+02	7.370373920545e+02
2.636717915535e+01	5.000000000000e+02	7.370373897480e+02
2.638712573051e+01	1.150000000000e+03	7.370373868234e+02
2.640709614754e+01	1.000000000000e+03	7.370373835344e+02
2.642701959610e+01	8.500000000000e+02	7.370373835344e+02
2.644699501991e+01	3.000000000000e+02	7.370373816015e+02
2.646696448326e+01	5.500000000000e+02	7.370373790223e+02
2.648689317703e+01	1.350000000000e+03	7.370373753818e+02
2.650698661804e+01	1.000000000000e+03	7.370373726238e+02
2.652725243568e+01	1.200000000000e+03	7.370373704333e+02
2.654719805717e+01	7.000000000000e+02	7.370373697832e+02
2.656618738174e+01	9.500000000000e+02	7.370373684939e+02
2.658711671829e+01	8.500000000000e+02	7.370373657947e+02
2.660663771629e+01	7.500000000000e+02	7.370373626454e+02
2.662679290771e+01	1.050000000000e+03	7.370373593516e+02
2.664716744423e+01	1.350000000000e+03	7.370373565640e+02
2.666643571854e+01	4.000000000000e+02	7.370373535970e+02
2.668669056892e+01	1.100000000000e+03	7.370373504664e+02
2.670667171478e+01	1.050000000000e+03	7.370373482045e+02
2.672661066055e+01	3.500000000000e+02	7.370373459472e+02
2.674655413628e+01	1.300000000000e+03	7.370373454115e+02
2.676650500298e+01	1.150000000000e+03	7.370373423220e+02
2.678642368317e+01	1.050000000000e+03	7.370373391180e+02
2.680702805519e+01	5.500000000000e+02	7.370373357745e+02
2.682697391510e+01	1.350000000000e+03	7.370373331863e+02
2.684692072868e+01	1.000000000000e+03	7.370373321509e+02
2.686686730385e+01	1.550000000000e+03	7.370373321509e+02
2.688683748245e+01	2.250000000000e+03	7.370373294310e+02
2.690678429604e+01	2.350000000000e+03	7.370373262128e+02
2.692670845985e+01	1.150000000000e+03	7.370373226290e+02
2.694668078423e+01	2.150000000000e+03	7.370373197294e+02
2.696664857864e+01	1.850000000000e+03	7.370373169152e+02
2.698707842827e+01	2.000000000000e+03	7.370373138222e+02
2.700701308250e+01	1.200000000000e+03	7.370373110447e+02
2.702696537971e+01	1.050000000000e+03	7.370373090044e+02
2.704691624641e+01	1.600000000000e+03	7.370373090044e+02
2.706685805321e+01	1.800000000000e+03	7.370373068349e+02
2.708680462837e+01	2.050000000000e+03	7.370373037650e+02
2.710675811768e+01	1.700000000000e+03	7.370373009120e+02
2.712667441368e+01	2.200000000000e+03	7.370372985804e+02
2.714664459229e+01	2.500000000000e+02	7.370372966645e+02
2.716659140587e+01	6.500000000000e+02	7.370372956118e+02
2.718651437759e+01	1.600000000000e+03	7.370372939112e+02
2.720648908615e+01	1.100000000000e+03	7.370372896535e+02
2.722640848160e+01	1.700000000000e+03	7.370372862561e+02
2.724683928490e+01	1.700000000000e+03	7.370372858371e+02
2.726700687408e+01	1.650000000000e+03	7.370372837734e+02
2.728655409813e+01	1.650000000000e+03	7.370372813527e+02
2.730682182312e+01	7.500000000000e+02	7.370372769820e+02
2.732701468468e+01	1.750000000000e+03	7.370372748278e+02
2.734669494629e+01	1.650000000000e+03	7.370372726001e+02
2.736770749092e+01	1.750000000000e+03	7.370372698435e+02
2.738673305511e+01	2.150000000000e+03	7.370372681480e+02
2.740687966347e+01	1.650000000000e+03	7.370372678757e+02
2.742686486244e+01	9.500000000000e+02	7.370372651502e+02
2.744677066803e+01	1.850000000000e+03	7.370372614972e+02
2.746674156189e+01	2.150000000000e+03	7.370372573281e+02
2.748666310310e+01	2.100000000000e+03	7.370372545218e+02
2.750660991669e+01	1.750000000000e+03	7.370372516872e+02
2.752655673027e+01	1.850000000000e+03	7.370372491088e+02
2.754650330544e+01	1.500000000000e+03	7.370372491088e+02
2.756644988060e+01	1.600000000000e+03	7.370372474716e+02
2.758639645576e+01	1.000000000000e+03	7.370372444949e+02
2.760634350777e+01	1.900000000000e+03	7.370372413466e+02
2.762628984451e+01	1.300000000000e+03	7.370372382604e+02
2.764626526833e+01	4.000000000000e+02	7.370372354504e+02
2.766621017456e+01	1.000000000000e+03	7.370372327363e+02
2.768668365479e+01	7.500000000000e+02	7.370372307236e+02
2.770662760735e+01	9.500000000000e+02	7.370372307236e+02
2.772655749321e+01	1.150000000000e+03	7.370372286973e+02
2.774649310112e+01	1.250000000000e+03	7.370372259803e+02
2.776646256447e+01	2.100000000000e+03	7.370372230915e+02
2.778641009331e+01	1.450000000000e+03	7.370372202000e+02
2.780637001991e+01	1.250000000000e+03	7.370372173138e+02
2.782627916336e+01	1.100000000000e+03	7.370372146543e+02
2.784624862671e+01	1.500000000000e+03	7.370372131889e+02
2.786717414856e+01	1.350000000000e+03	7.370372131889e+02
2.788711667061e+01	9.000000000000e+02	7.370372104778e+02
2.790706300735e+01	2.500000000000e+03	7.370372077273e+02
2.792700982094e+01	1.150000000000e+03	7.370372051030e+02
2.794621086121e+01	1.000000000000e+03	7.370372025250e+02
2.796687030792e+01	1.350000000000e+03	7.370371997557e+02
2.798711442947e+01	1.950000000000e+03	7.370371970705e+02
2.800705528259e+01	1.100000000000e+03	7.370371962773e+02
2.802630019188e+01	1.300000000000e+03	7.370371956284e+02
2.804624414444e+01	1.550000000000e+03	7.370371930308e+02
2.806619834900e+01	3.000000000000e+02	7.370371907458e+02
2.808711743355e+01	6.500000000000e+02	7.370371886207e+02
2.810706400871e+01	6.500000000000e+02	7.370371863199e+02
2.812719798088e+01	8.500000000000e+02	7.370371838484e+02
2.814614653587e+01	1.400000000000e+03	7.370371811191e+02
2.816615223885e+01	5.500000000000e+02	7.370371779999e+02
2.818611693382e+01	2.000000000000e+02	7.370371747792e+02
2.820704102516e+01	8.000000000000e+02	7.370371747792e+02
2.822698760033e+01	1.550000000000e+03	7.370371724355e+02
2.824695706367e+01	1.900000000000e+03	7.370371697705e+02
2.826688098907e+01	9.000000000000e+02	7.370371679104e+02
2.828684997559e+01	7.000000000000e+02	7.370371657918e+02
2.830679416656e+01	7.000000000000e+02	7.370371616433e+02
2.832675623894e+01	7.500000000000e+02	7.370371595131e+02
2.834666728973e+01	8.500000000000e+02	7.370371573884e+02
2.836663961411e+01	4.500000000000e+02	7.370371545879e+02
2.838658690453e+01	1.000000000000e+02	7.370371530340e+02
2.840653419495e+01	4.500000000000e+02	7.370371529211e+02
2.842648005486e+01	6.500000000000e+02	7.370371506637e+02
2.844642663002e+01	3.500000000000e+02	7.370371480914e+02
2.846639585495e+01	5.000000000000e+02	7.370371433275e+02
2.848634719849e+01	7.000000000000e+02	7.370371411463e+02
2.850628948212e+01	1.750000000000e+03	7.370371387976e+02
2.852623629570e+01	1.150000000000e+03	7.370371360558e+02
2.854618263245e+01	4.000000000000e+02	7.370371334994e+02
2.856712627411e+01	3.500000000000e+02	7.370371315061e+02
2.858707594872e+01	1.250000000000e+03	7.370371315061e+02
2.860701990128e+01	1.050000000000e+03	7.370371290475e+02
2.862694358826e+01	1.000000000000e+03	7.370371257619e+02
2.864696788788e+01	3.500000000000e+02	7.370371224083e+02
2.866688156128e+01	2.500000000000e+02	7.370371192436e+02
2.868682861328e+01	3.500000000000e+02	7.370371168962e+02
2.870704746246e+01	5.500000000000e+02	7.370371168962e+02
2.872656321526e+01	3.000000000000e+02	7.370371150023e+02
2.874615144730e+01	7.500000000000e+02	7.370371124491e+02
2.876697015762e+01	9.000000000000e+02	7.370371090929e+02
2.878632330894e+01	4.500000000000e+02	7.370371058018e+02
2.880653095245e+01	5.500000000000e+02	7.370371023514e+02
2.882679390907e+01	4.500000000000e+02	7.370371023514e+02
2.884676313400e+01	1.500000000000e+02	7.370371013358e+02
2.886670947075e+01	6.500000000000e+02	7.370370984437e+02
2.888665628433e+01	4.000000000000e+02	7.370370952102e+02
2.890658068657e+01	5.500000000000e+02	7.370370921397e+02
2.892652702332e+01	5.000000000000e+02	7.370370895266e+02
2.894650006294e+01	7.000000000000e+02	7.370370868407e+02
2.896644043922e+01	4.000000000000e+02	7.370370848070e+02
2.898638606071e+01	3.500000000000e+02	7.370370848070e+02
2.900633621216e+01	5.500000000000e+02	7.370370828950e+02
2.902725791931e+01	1.500000000000e+02	7.370370795587e+02
2.904622936249e+01	2.500000000000e+02	7.370370765521e+02
2.906715059280e+01	7.500000000000e+02	7.370370729315e+02
2.908709716797e+01	1.000000000000e+02	7.370370693289e+02
2.910704469681e+01	5.500000000000e+02	7.370370667423e+02
2.912699151039e+01	3.500000000000e+02	7.370370640196e+02
2.914693760872e+01	3.500000000000e+02	7.370370611296e+02
2.916704773903e+01	2.500000000000e+02	7.370370606961e+02
2.918699431419e+01	6.000000000000e+02	7.370370599305e+02
2.920694088936e+01	4.000000000000e+02	7.370370568682e+02
2.922688698769e+01	6.000000000000e+02	7.370370539505e+02
2.924685788155e+01	2.000000000000e+02	7.370370509660e+02
2.926683354378e+01	4.000000000000e+02	7.370370476837e+02
2.928678059578e+01	3.500000000000e+02	7.370370468687e+02
2.930672216415e+01	4.000000000000e+02	7.370370465820e+02
2.932664656639e+01	5.500000000000e+02	7.370370437491e+02
2.934659314156e+01	6.500000000000e+02	7.370370401796e+02
2.936679577827e+01	7.500000000000e+02	7.370370360690e+02
2.938688635826e+01	1.200000000000e+03	7.370370332034e+02
2.940697550774e+01	6.500000000000e+02	7.370370329759e+02
2.942765784264e+01	3.000000000000e+02	7.370370306191e+02
2.944660329819e+01	5.000000000000e+02	7.370370279814e+02
2.946655011177e+01	6.500000000000e+02	7.370370241754e+02
2.948651957512e+01	2.000000000000e+02	7.370370219584e+02
2.950646734238e+01	3.500000000000e+02	7.370370200762e+02
2.952638912201e+01	3.500000000000e+02	7.370370195354e+02
2.954686927795e+01	6.000000000000e+02	7.370370173145e+02
2.956697201729e+01	5.000000000000e+02	7.370370147513e+02
2.958793830872e+01	5.500000000000e+02	7.370370098932e+02
2.960688781738e+01	2.000000000000e+02	7.370370073139e+02
2.962681126595e+01	4.000000000000e+02	7.370370047379e+02
2.964678120613e+01	3.000000000000e+02	7.370370047379e+02
2.966670489311e+01	1.500000000000e+02	7.370370028484e+02
2.968665099144e+01	3.000000000000e+02	7.370370004865e+02
2.970662069321e+01	3.000000000000e+02	7.370369972635e+02
2.972654390335e+01	3.500000000000e+02	7.370369942520e+02
2.974651575089e+01	4.000000000000e+02	7.370369913162e+02
2.976646542549e+01	1.000000000000e+02	7.370369887620e+02
2.978738093376e+01	4.500000000000e+02	7.370369871327e+02
2.980633068085e+01	2.500000000000e+02	7.370369869684e+02
2.982627725601e+01	3.000000000000e+02	7.370369836557e+02
2.984624671936e+01	5.500000000000e+02	7.370369809829e+02
2.986617112160e+01	4.500000000000e+02	7.370369787455e+02
2.988712954521e+01	2.500000000000e+02	7.370369760820e+02
2.990706157684e+01	1.000000000000e+02	7.370369733593e+02
2.992703294754e+01	2.000000000000e+02	7.370369698245e+02
2.994702720642e+01	3.500000000000e+02	7.370369684080e+02
2.996697449684e+01	6.000000000000e+02	7.370369677416e+02
2.998691892624e+01	2.000000000000e+02	7.370369650891e+02
3.000686645508e+01	1.500000000000e+02	7.370369621775e+02
3.002679109573e+01	2.500000000000e+02	7.370369590575e+02
3.004676485062e+01	4.000000000000e+02	7.370369554606e+02
3.006668424606e+01	2.000000000000e+02	7.370369524563e+02
3.008663058281e+01	2.500000000000e+02	7.370369499672e+02
3.010686612129e+01	3.500000000000e+02	7.370369472206e+02
3.012713813782e+01	2.000000000000e+02	7.370369452644e+02
3.014709997177e+01	3.500000000000e+02	7.370369452644e+02
3.016662454605e+01	2.500000000000e+02	7.370369430483e+02
3.018760108948e+01	4.000000000000e+02	7.370369397838e+02
3.020688176155e+01	4.000000000000e+02	7.370369365861e+02
3.022704029083e+01	3.500000000000e+02	7.370369337914e+02
3.024712991714e+01	1.500000000000e+02	7.370369311513e+02
3.026711320877e+01	1.000000000000e+02	7.370369279593e+02
3.028621983528e+01	3.000000000000e+02	7.370369263454e+02
3.030715990067e+01	3.000000000000e+02	7.370369261158e+02
3.032708311081e+01	3.000000000000e+02	7.370369238187e+02
3.034705209732e+01	3.500000000000e+02	7.370369215162e+02
3.036699938774e+01	2.000000000000e+02	7.370369188685e+02
3.038692426682e+01	2.500000000000e+02	7.370369156342e+02
3.040689253807e+01	2.500000000000e+02	7.370369111332e+02
3.042681622505e+01	3.500000000000e+02	7.370369076005e+02
3.044676208496e+01	5.500000000000e+02	7.370369068878e+02
3.046673178673e+01	3.000000000000e+02	7.370369062720e+02
3.048665523529e+01	1.500000000000e+02	7.370369042236e+02
3.050662541389e+01	2.000000000000e+02	7.370369019543e+02
3.052654862404e+01	2.500000000000e+02	7.370368977726e+02
3.054649496078e+01	2.500000000000e+02	7.370368938063e+02
3.056644177437e+01	3.000000000000e+02	7.370368905397e+02
3.058638858795e+01	4.500000000000e+02	7.370368878456e+02
3.060633516312e+01	2.500000000000e+02	7.370368864985e+02
3.062628936768e+01	5.000000000000e+01	7.370368864985e+02
3.064625692368e+01	3.500000000000e+02	7.370368835393e+02
3.066619896889e+01	2.500000000000e+02	7.370368805120e+02
3.068711924553e+01	3.500000000000e+02	7.370368777748e+02
3.070706558228e+01	3.500000000000e+02	7.370368763676e+02
3.072706770897e+01	4.500000000000e+02	7.370368755641e+02
3.074703717232e+01	5.500000000000e+02	7.370368749131e+02
3.076698470116e+01	2.000000000000e+02	7.370368748149e+02
3.078693151474e+01	1.000000000000e+02	7.370368747102e+02
3.080685472488e+01	1.500000000000e+02	7.370368744118e+02
3.082680130005e+01	3.000000000000e+02	7.370368740197e+02
3.084623432159e+01	2.000000000000e+02	7.370368736810e+02
3.086668753624e+01	2.000000000000e+02	7.370368735895e+02
3.088722538948e+01	2.000000000000e+02	7.370368734783e+02
3.090621542931e+01	1.000000000000e+02	7.370368733855e+02
3.092715930939e+01	2.500000000000e+02	7.370368733855e+02
3.094723796844e+01	3.500000000000e+02	7.370368732082e+02
3.096626973152e+01	1.000000000000e+02	7.370368730020e+02
3.098773026466e+01	2.500000000000e+02	7.370368729849e+02
3.100663924217e+01	3.000000000000e+02	7.370368729143e+02
3.102658557892e+01	2.000000000000e+02	7.370368727127e+02
3.104653310776e+01	2.500000000000e+02	7.370368727026e+02
3.106647896767e+01	1.500000000000e+02	7.370368723943e+02
3.108642530441e+01	1.500000000000e+02	7.370368717509e+02
3.110836791992e+01	1.500000000000e+02	7.370368719182e+02
3.112651419640e+01	1.500000000000e+02	7.370368719215e+02
3.114648604393e+01	3.000000000000e+02	7.370368717739e+02
3.116643285751e+01	2.000000000000e+02	7.370368716656e+02
3.118637442589e+01	2.500000000000e+02	7.370368716107e+02
3.120732212067e+01	4.000000000000e+02	7.370368713025e+02
3.122626876831e+01	2.500000000000e+02	7.370368712588e+02
3.124621510506e+01	5.000000000000e+01	7.370368712546e+02
3.126715850830e+01	2.500000000000e+02	7.370368712398e+02
3.128708219528e+01	2.500000000000e+02	7.370368711682e+02
3.130702972412e+01	3.500000000000e+02	7.370368709957e+02
3.132699847221e+01	4.500000000000e+02	7.370368705518e+02
3.134692168236e+01	5.000000000000e+01	7.370368703742e+02
3.136686849594e+01	2.500000000000e+02	7.370368703846e+02
3.138683819771e+01	2.500000000000e+02	7.370368706005e+02
3.140676164627e+01	2.500000000000e+02	7.370368706819e+02
3.142670965195e+01	2.500000000000e+02	7.370368706295e+02
3.144667840004e+01	1.500000000000e+02	7.370368704705e+02
3.146662449837e+01	2.500000000000e+02	7.370368702998e+02
3.148657464981e+01	1.000000000000e+02	7.370368704652e+02
3.150649523735e+01	0.000000000000e+00	7.370368703118e+02
3.152644157410e+01	1.000000000000e+02	7.370368700208e+02
3.154753279686e+01	2.500000000000e+02	7.370368700400e+02
3.156649279594e+01	1.500000000000e+02	7.370368700562e+02
3.158705139160e+01	2.000000000000e+02	7.370368700562e+02
3.160702228546e+01	5.000000000000e+01	7.370368697583e+02
3.162622666359e+01	2.000000000000e+02	7.370368696331e+02
3.164648747444e+01	5.500000000000e+02	7.370368697665e+02
3.166688704491e+01	1.000000000000e+02	7.370368695886e+02
3.168710255623e+01	3.500000000000e+02	7.370368692649e+02
3.170632195473e+01	1.500000000000e+02	7.370368692649e+02
3.172627091408e+01	3.000000000000e+02	7.370368691414e+02
3.174624133110e+01	2.000000000000e+02	7.370368690546e+02
3.176713609695e+01	3.000000000000e+02	7.370368692055e+02
3.178708243370e+01	2.500000000000e+02	7.370368691290e+02
3.180702948570e+01	4.500000000000e+02	7.370368689659e+02
3.182697606087e+01	3.000000000000e+02	7.370368690943e+02
3.184692263603e+01	2.500000000000e+02	7.370368691602e+02
3.186689209938e+01	5.000000000000e+01	7.370368688709e+02
3.188683867455e+01	3.000000000000e+02	7.370368687556e+02
3.190776205063e+01	6.000000000000e+02	7.370368688390e+02
3.192670989037e+01	2.000000000000e+02	7.370368691560e+02
