time(ps)	counts
0	1071
5000	1099
10000	1102
15000	1004
20000	1042
25000	1125
30000	1004
35000	1013
40000	1021
45000	1032
50000	1040
55000	1084
60000	1014
65000	1071
70000	968
75000	1051
80000	994
85000	1137
90000	1268
95000	1217
100000	1210
105000	1186
110000	1256
115000	1233
120000	1166
125000	1185
130000	1167
135000	1142
140000	1187
145000	1206
150000	1265
155000	1211
160000	1182
165000	1208
170000	1299
175000	1172
180000	1201
185000	1204
190000	1151
195000	1153
200000	1126
205000	1176
210000	1262
215000	1196
220000	1152
225000	1278
230000	1239
235000	1185
240000	1113
245000	1160
250000	1147
255000	1178
260000	1203
265000	1174
270000	1096
275000	1099
280000	1095
285000	1159
290000	1284
295000	1304
300000	1250
305000	1240
310000	1290
315000	1215
320000	1237
325000	1270
330000	1219
335000	1184
340000	1180
345000	1172
350000	1186
355000	1160
360000	1123
365000	1132
370000	1135
375000	1195
380000	1175
385000	1155
390000	1265
395000	1370
400000	1231
405000	1272
410000	1354
415000	1236
420000	1281
425000	1198
430000	1207
435000	1199
440000	1146
445000	1200
450000	1184
455000	1208
460000	1181
465000	1176
470000	1223
475000	1212
480000	1162
485000	1116
490000	1118
495000	1157
500000	1126
505000	1084
510000	1288
515000	1243
520000	1280
525000	1287
530000	1187
535000	1195
540000	1162
545000	1266
550000	1181
555000	1161
560000	1186
565000	1185
570000	1179
575000	1208
580000	1184
585000	1154
590000	1176
595000	1101
600000	1119
605000	1131
610000	1103
615000	1125
620000	1161
625000	1124
630000	1137
635000	1100
640000	1052
645000	1096
650000	1228
655000	1289
660000	1249
665000	1165
670000	1203
675000	1247
680000	1184
685000	1259
690000	1272
695000	1158
700000	1098
705000	1192
710000	1167
715000	1181
720000	1159
725000	1184
730000	1157
735000	1062
740000	1152
745000	1182
750000	1194
755000	1204
760000	1177
765000	1137
770000	1209
775000	1098
780000	1136
785000	1089
790000	1110
795000	1099
800000	1095
805000	1104
810000	1217
815000	1214
820000	1133
825000	1181
830000	1155
835000	1161
840000	1131
845000	1202
850000	1150
855000	1137
860000	1096
865000	1177
870000	1159
875000	1189
880000	1095
885000	1202
890000	1161
895000	1115
900000	1193
905000	1126
910000	1190
915000	1098
920000	1140
925000	1128
930000	1056
935000	1109
940000	1111
945000	1118
950000	1086
955000	1112
960000	1152
965000	1133
970000	1054
975000	1167
980000	1147
985000	1101
990000	1114
995000	1161
1000000	1118
1005000	1152
1010000	1158
1015000	1097
1020000	1131
1025000	1095
1030000	1146
1035000	1141
1040000	1140
1045000	1065
1050000	1113
1055000	1173
1060000	1125
1065000	1136
1070000	1126
1075000	1123
1080000	1124
1085000	1124
1090000	1151
1095000	1142
1100000	1075
1105000	1095
1110000	1103
1115000	1143
1120000	1095
1125000	1125
1130000	1083
1135000	1103
1140000	1096
1145000	1138
1150000	1140
1155000	1102
1160000	1162
1165000	1078
1170000	1126
1175000	1097
1180000	1120
1185000	1061
1190000	1128
1195000	1097
1200000	1149
1205000	1131
1210000	1137
1215000	1049
1220000	1059
1225000	1072
1230000	1101
1235000	1114
1240000	1147
1245000	1114
1250000	1157
1255000	1049
1260000	1161
1265000	1085
1270000	1104
1275000	1124
1280000	1077
1285000	1024
1290000	1124
1295000	1083
1300000	1132
1305000	1072
1310000	1057
1315000	1087
1320000	1122
1325000	1028
1330000	1080
1335000	1098
1340000	1099
1345000	1078
1350000	1053
1355000	1087
1360000	1151
1365000	1127
1370000	1070
1375000	1071
1380000	1141
1385000	1194
1390000	1115
1395000	1071
1400000	1082
1405000	1136
1410000	1095
1415000	1105
1420000	1142
1425000	1085
1430000	1076
1435000	1051
1440000	1085
1445000	1161
1450000	1088
1455000	1134
1460000	1144
1465000	1122
1470000	1096
1475000	1082
1480000	1107
1485000	1039
1490000	1147
1495000	1121
1500000	1056
1505000	1082
1510000	1054
1515000	1132
1520000	1102
1525000	1027
1530000	1060
1535000	1082
1540000	982
1545000	1047
1550000	1119
1555000	1109
1560000	1104
1565000	1073
1570000	1105
1575000	1093
1580000	1059
1585000	1120
1590000	1085
1595000	1143
1600000	1036
1605000	1027
1610000	1118
1615000	1138
1620000	1072
1625000	1049
1630000	1102
1635000	1135
1640000	1096
1645000	1091
1650000	1175
1655000	1113
1660000	1152
1665000	1126
1670000	1124
1675000	1149
1680000	1160
1685000	1050
1690000	1183
1695000	1080
1700000	1112
1705000	1062
1710000	1092
1715000	1132
1720000	1109
1725000	1139
1730000	1122
1735000	1088
1740000	1143
1745000	1084
1750000	1133
1755000	1113
1760000	1103
1765000	1076
1770000	1163
1775000	1109
1780000	1075
1785000	1137
1790000	1113
1795000	1130
1800000	1134
1805000	1083
1810000	1117
1815000	1089
1820000	1094
1825000	1099
1830000	1134
1835000	1085
1840000	1125
1845000	1074
1850000	1099
1855000	1103
1860000	1126
1865000	1059
1870000	1103
1875000	1040
1880000	1094
1885000	1056
1890000	1106
1895000	1079
1900000	1142
1905000	1127
1910000	1161
1915000	1193
1920000	1166
1925000	1124
1930000	1165
1935000	1189
1940000	1126
1945000	1170
1950000	1160
1955000	1083
1960000	1085
1965000	1124
1970000	1065
1975000	1126
1980000	1130
1985000	1092
1990000	1109
1995000	1131
2000000	1090
2005000	1106
2010000	1084
2015000	1075
2020000	1111
2025000	1176
2030000	1116
2035000	1127
2040000	1114
2045000	1084
2050000	1145
2055000	1110
2060000	1088
2065000	1111
2070000	1082
2075000	1153
2080000	1073
2085000	1088
2090000	1082
2095000	1105
2100000	1128
2105000	1150
2110000	1090
2115000	1088
2120000	1105
2125000	1086
2130000	1111
2135000	1108
2140000	1126
2145000	1050
2150000	1096
2155000	1059
2160000	1083
2165000	1145
2170000	1101
2175000	1129
2180000	1064
2185000	1138
2190000	1232
2195000	1217
2200000	1232
2205000	1287
2210000	1218
2215000	1184
2220000	1191
2225000	1183
2230000	1202
2235000	1196
2240000	1150
2245000	1125
2250000	1134
2255000	1167
2260000	1139
2265000	1147
2270000	1119
2275000	1089
2280000	1114
2285000	1096
2290000	1179
2295000	1180
2300000	1100
2305000	1105
2310000	1148
2315000	1115
2320000	1135
2325000	1157
2330000	1029
2335000	1106
2340000	1098
2345000	1140
2350000	1097
2355000	1079
2360000	1084
2365000	1096
2370000	1100
2375000	1137
2380000	1205
2385000	1099
2390000	1058
2395000	1085
2400000	1116
2405000	1113
2410000	1118
2415000	1143
2420000	1083
2425000	1064
2430000	1131
2435000	1129
2440000	1166
2445000	1101
2450000	1091
2455000	1098
2460000	1158
2465000	1085
2470000	1086
2475000	1097
2480000	1063
2485000	1152
2490000	1293
2495000	1303
2500000	1299
2505000	1288
2510000	1196
2515000	1279
2520000	1167
2525000	1154
2530000	1180
2535000	1225
2540000	1204
2545000	1137
2550000	1117
2555000	1140
2560000	1161
2565000	1154
2570000	1136
2575000	1177
2580000	1144
2585000	1153
2590000	1158
2595000	1147
2600000	1133
2605000	1141
2610000	1154
2615000	1140
2620000	1105
2625000	1128
2630000	1145
2635000	1063
2640000	1116
2645000	1115
2650000	1123
2655000	1117
2660000	1105
2665000	1062
2670000	1114
2675000	1068
2680000	1119
2685000	1108
2690000	1083
2695000	1110
2700000	1158
2705000	1097
2710000	1109
2715000	1039
2720000	1119
2725000	1140
2730000	1095
2735000	1113
2740000	1109
2745000	1110
2750000	1107
2755000	1087
2760000	1203
2765000	1090
2770000	1109
2775000	1081
2780000	1126
2785000	988
2790000	1120
2795000	1100
2800000	1116
2805000	1125
2810000	1243
2815000	1247
2820000	1247
2825000	1241
2830000	1197
2835000	1193
2840000	1211
2845000	1247
2850000	1220
2855000	1255
2860000	1184
2865000	1159
2870000	1234
2875000	1087
2880000	1165
2885000	1145
2890000	1126
2895000	1224
2900000	1174
2905000	1087
2910000	1129
2915000	1149
2920000	1118
2925000	1151
2930000	1114
2935000	1106
2940000	1123
2945000	1154
2950000	1080
2955000	1110
2960000	1189
2965000	1146
2970000	1107
2975000	1152
2980000	1148
2985000	1112
2990000	1110
2995000	1051
3000000	1092
3005000	1057
3010000	1081
3015000	1134
3020000	1151
3025000	1185
3030000	1078
3035000	1141
3040000	1093
3045000	1091
3050000	1065
3055000	1146
3060000	1072
3065000	1091
3070000	1111
3075000	1079
3080000	1152
3085000	1124
3090000	1089
3095000	1114
3100000	1112
3105000	1059
3110000	1083
3115000	1125
3120000	1088
3125000	1123
3130000	1101
3135000	1086
3140000	982
3145000	1120
3150000	1265
3155000	1259
3160000	1160
3165000	1298
3170000	1216
3175000	1169
3180000	1252
3185000	1145
3190000	1218
3195000	1268
3200000	1150
3205000	1182
3210000	1119
3215000	1149
3220000	1160
3225000	1157
3230000	1165
3235000	1279
3240000	1137
3245000	1114
3250000	1179
3255000	1123
3260000	1133
3265000	1150
3270000	1085
3275000	1110
3280000	1115
3285000	1149
3290000	1158
3295000	1134
3300000	1101
3305000	1137
3310000	1117
3315000	1146
3320000	1126
3325000	1073
3330000	1053
3335000	1086
3340000	1134
3345000	1106
3350000	1091
3355000	1099
3360000	1108
3365000	1112
3370000	1116
3375000	1056
3380000	1097
3385000	1102
3390000	1193
3395000	1131
3400000	1101
3405000	1129
3410000	1081
3415000	1027
3420000	1151
3425000	1143
3430000	1150
3435000	1074
3440000	1083
3445000	1057
3450000	1132
3455000	1097
3460000	1144
3465000	1127
3470000	1086
3475000	1084
3480000	1039
3485000	1055
3490000	1108
3495000	1157
3500000	1114
3505000	1091
3510000	1175
3515000	1178
3520000	1211
3525000	1174
3530000	1195
3535000	1152
3540000	1225
3545000	1225
3550000	1132
3555000	1171
3560000	1158
3565000	1113
3570000	1155
3575000	1092
3580000	1087
3585000	1155
3590000	1164
3595000	1091
3600000	1147
3605000	1080
3610000	1131
3615000	1132
3620000	1071
3625000	1136
3630000	1090
3635000	1149
3640000	1079
3645000	1063
3650000	1097
3655000	1134
3660000	1138
3665000	1117
3670000	1119
3675000	1052
3680000	1063
3685000	1116
3690000	1126
3695000	1083
3700000	1090
3705000	1109
3710000	1136
3715000	1119
3720000	1138
3725000	1078
3730000	1150
3735000	1128
3740000	1114
3745000	1116
3750000	1147
3755000	1028
3760000	1117
3765000	1102
3770000	1087
3775000	1093
3780000	1133
3785000	1104
3790000	1069
3795000	1133
3800000	1106
3805000	1081
3810000	1088
3815000	1071
3820000	1088
3825000	1050
3830000	1137
3835000	1084
3840000	1065
3845000	1125
3850000	1107
3855000	1080
3860000	1043
3865000	1076
3870000	1176
3875000	1108
3880000	1125
3885000	1036
3890000	1129
3895000	1070
3900000	1184
3905000	1166
3910000	1109
3915000	1028
3920000	1153
3925000	1114
3930000	1175
3935000	1089
3940000	1112
3945000	1141
3950000	1075
3955000	1084
3960000	1100
3965000	1070
3970000	1184
3975000	1097
3980000	1129
3985000	1197
3990000	1189
3995000	1125
4000000	1088
4005000	1082
4010000	1105
4015000	1138
4020000	1063
4025000	1107
4030000	1063
4035000	1147
4040000	1130
4045000	1058
4050000	1076
4055000	1153
4060000	1105
4065000	1124
4070000	1083
4075000	1165
4080000	1141
4085000	1167
4090000	1121
4095000	1128
4100000	1178
4105000	1127
4110000	1126
4115000	1099
4120000	1112
4125000	1107
4130000	1092
4135000	1084
4140000	1015
4145000	1084
4150000	1102
4155000	1142
4160000	1063
4165000	1086
4170000	1082
4175000	1043
4180000	1140
4185000	1086
4190000	1101
4195000	1056
4200000	1104
4205000	1125
4210000	1075
4215000	1043
4220000	1090
4225000	1175
4230000	1128
4235000	1112
4240000	1131
4245000	1021
4250000	1051
4255000	1056
4260000	1123
4265000	1114
4270000	1059
4275000	1090
4280000	1106
4285000	1157
4290000	1071
4295000	1073
4300000	1126
4305000	1137
4310000	1078
4315000	1130
4320000	1159
4325000	1050
4330000	1137
4335000	1060
4340000	1089
4345000	1094
4350000	1105
4355000	1106
4360000	1095
4365000	1144
4370000	1115
4375000	1086
4380000	1084
4385000	1097
4390000	1103
4395000	1174
4400000	1159
4405000	1053
4410000	1104
4415000	1083
4420000	1096
4425000	1081
4430000	1112
4435000	1055
4440000	1122
4445000	1080
4450000	1131
4455000	1073
4460000	1113
4465000	1101
4470000	1155
4475000	1097
4480000	1107
4485000	1082
4490000	1070
4495000	1116
4500000	1069
4505000	1047
4510000	1056
4515000	1134
4520000	1100
4525000	1070
4530000	1068
4535000	1126
4540000	1110
4545000	1069
4550000	1118
4555000	1107
4560000	1125
4565000	1037
4570000	1073
4575000	1101
4580000	1087
4585000	1110
4590000	1037
4595000	1105
4600000	1062
4605000	1126
4610000	1092
4615000	1072
4620000	1151
4625000	1018
4630000	1107
4635000	1093
4640000	1104
4645000	1114
4650000	1109
4655000	1057
4660000	1121
4665000	1112
4670000	1110
4675000	1077
4680000	1109
4685000	1116
4690000	1132
4695000	1074
4700000	1074
4705000	1059
4710000	1139
4715000	1066
4720000	1108
4725000	1172
4730000	1080
4735000	1115
4740000	1076
4745000	1078
4750000	1150
4755000	1065
4760000	1099
4765000	1089
4770000	1067
4775000	1089
4780000	1077
4785000	1075
4790000	1053
4795000	1077
4800000	1106
4805000	1134
4810000	1105
4815000	1088
4820000	1101
4825000	1156
4830000	1112
4835000	1119
4840000	1099
4845000	1149
4850000	1110
4855000	1089
4860000	1057
4865000	1135
4870000	1108
4875000	1065
4880000	1118
4885000	1105
4890000	1133
4895000	1109
4900000	1061
4905000	1097
4910000	1132
4915000	1121
4920000	1114
4925000	1089
4930000	1109
4935000	1143
4940000	1158
4945000	1082
4950000	1088
4955000	1108
4960000	1128
4965000	1070
4970000	1109
4975000	1123
4980000	1096
4985000	1084
4990000	1117
4995000	1065
5000000	1079
5005000	1088
5010000	1073
5015000	1066
5020000	1098
5025000	1118
5030000	1083
5035000	1145
5040000	1058
5045000	1102
5050000	1059
5055000	1118
5060000	1096
5065000	1055
5070000	1153
5075000	1039
5080000	1082
5085000	1086
5090000	1087
5095000	1099
5100000	1118
5105000	1058
5110000	1121
5115000	1063
5120000	1107
5125000	1110
5130000	1085
5135000	1138
5140000	1114
5145000	1098
5150000	1194
5155000	1183
5160000	1109
5165000	1125
5170000	1155
5175000	1150
5180000	1143
5185000	1070
5190000	1154
5195000	1062
5200000	1091
5205000	1071
5210000	1074
5215000	1090
5220000	1135
5225000	1105
5230000	1128
5235000	1103
5240000	1171
5245000	1123
5250000	1058
5255000	1092
5260000	1085
5265000	1084
5270000	1097
5275000	1159
5280000	1106
5285000	1060
5290000	1119
5295000	1134
5300000	1121
5305000	1086
5310000	1126
5315000	1111
5320000	1113
5325000	1097
5330000	1156
5335000	1068
5340000	1090
5345000	1074
5350000	1101
5355000	1146
5360000	1130
5365000	1106
5370000	1081
5375000	1105
5380000	1087
5385000	1083
5390000	1083
5395000	1117
5400000	1090
5405000	1095
5410000	1037
5415000	1031
5420000	1129
5425000	1110
5430000	1074
5435000	1111
5440000	1087
5445000	1102
5450000	1084
5455000	1140
5460000	1088
5465000	1076
5470000	1108
5475000	1092
5480000	1065
5485000	1116
5490000	1164
5495000	1065
5500000	1159
5505000	1060
5510000	1155
5515000	1124
5520000	1086
5525000	1065
5530000	1059
5535000	1029
5540000	1052
5545000	1078
5550000	1096
5555000	1155
5560000	1038
5565000	1096
5570000	1101
5575000	1116
5580000	1086
5585000	1114
5590000	1092
5595000	1090
5600000	1121
5605000	1118
5610000	1176
5615000	1171
5620000	1128
5625000	1178
5630000	1225
5635000	1114
5640000	1118
5645000	1152
5650000	1191
5655000	1017
5660000	1156
5665000	1091
5670000	1091
5675000	1053
5680000	1089
5685000	1132
5690000	1089
5695000	1109
5700000	1101
5705000	1173
5710000	1105
5715000	1109
5720000	1093
5725000	1121
5730000	1123
5735000	1080
5740000	1117
5745000	1146
5750000	1032
5755000	1061
5760000	1139
5765000	1061
5770000	1126
5775000	1136
5780000	1141
5785000	1163
5790000	1130
5795000	1088
5800000	1079
5805000	1117
5810000	1113
5815000	1024
5820000	1130
5825000	1180
5830000	1124
5835000	1104
5840000	1133
5845000	1102
5850000	1119
5855000	1101
5860000	1074
5865000	1131
5870000	1124
5875000	1103
5880000	1086
5885000	1044
5890000	1120
5895000	1085
5900000	1107
5905000	1116
5910000	1090
5915000	1106
5920000	1090
5925000	1096
5930000	1082
5935000	1054
5940000	1091
5945000	1096
5950000	1115
5955000	1139
5960000	1095
5965000	1089
5970000	1111
5975000	1156
5980000	1130
5985000	1066
5990000	1094
5995000	1100
6000000	1121
6005000	1110
6010000	1102
6015000	1108
6020000	1107
6025000	1102
6030000	1058
6035000	1101
6040000	1099
6045000	1055
6050000	1117
6055000	1070
6060000	1074
6065000	1130
6070000	1106
6075000	1110
6080000	1045
6085000	1149
6090000	1170
6095000	1164
6100000	1272
6105000	1179
6110000	1199
6115000	1166
6120000	1172
6125000	1213
6130000	1192
6135000	1106
6140000	1149
6145000	1131
6150000	1162
6155000	1127
6160000	1093
6165000	1087
6170000	1133
6175000	1149
6180000	1114
6185000	1124
6190000	1098
6195000	1153
6200000	1022
6205000	1108
6210000	1108
6215000	1087
6220000	1191
6225000	1112
6230000	1124
6235000	1140
6240000	1125
6245000	1132
6250000	1140
6255000	1124
6260000	1109
6265000	1110
6270000	1129
6275000	1090
6280000	1109
6285000	1103
6290000	1161
6295000	1123
6300000	1066
6305000	1046
6310000	1068
6315000	1117
6320000	1114
6325000	1143
6330000	1099
6335000	1022
6340000	1112
6345000	1116
6350000	1082
6355000	1080
6360000	1130
6365000	1077
6370000	1059
6375000	1125
6380000	1082
6385000	1068
6390000	1103
6395000	1101
6400000	1108
6405000	1117
6410000	1092
6415000	1086
6420000	1108
6425000	1091
6430000	1079
6435000	1153
6440000	1067
6445000	1156
6450000	1106
6455000	1093
6460000	1055
6465000	1127
6470000	1115
6475000	1133
6480000	1088
6485000	1118
6490000	1093
6495000	1069
6500000	1065
6505000	1100
6510000	1048
6515000	1082
6520000	1075
6525000	1052
6530000	1082
6535000	1121
6540000	1053
6545000	1076
6550000	1077
6555000	1151
6560000	1122
6565000	1102
6570000	1096
6575000	1055
6580000	1060
6585000	1150
6590000	1284
6595000	1297
6600000	1248
6605000	1222
6610000	1203
6615000	1198
6620000	1215
6625000	1160
6630000	1158
6635000	1177
6640000	1178
6645000	1163
6650000	1174
6655000	1149
6660000	1130
6665000	1170
6670000	1124
6675000	1177
6680000	1140
6685000	1101
6690000	1120
6695000	1139
6700000	1171
6705000	1124
6710000	1192
6715000	1092
6720000	1097
6725000	1145
6730000	1130
6735000	1096
6740000	1115
6745000	1124
6750000	1159
6755000	1117
6760000	1072
6765000	1055
6770000	1155
6775000	1119
6780000	1112
6785000	1098
6790000	1159
6795000	1047
6800000	1097
6805000	1140
6810000	1108
6815000	1110
6820000	1102
6825000	1052
6830000	1076
6835000	1108
6840000	1111
6845000	1061
6850000	1093
6855000	1066
6860000	1130
6865000	1097
6870000	1145
6875000	1117
6880000	1100
6885000	1136
6890000	1123
6895000	1087
6900000	1040
6905000	1094
6910000	1099
6915000	1129
6920000	1127
6925000	1085
6930000	1048
6935000	1081
6940000	1095
6945000	1106
6950000	1170
6955000	1095
6960000	1093
6965000	1043
6970000	1124
6975000	1126
6980000	1109
6985000	1134
6990000	1125
6995000	1103
7000000	1085
7005000	1041
7010000	1117
7015000	1059
7020000	1114
7025000	1137
7030000	1150
7035000	1052
7040000	1100
7045000	1118
7050000	1094
7055000	1047
7060000	1091
7065000	1073
7070000	1107
7075000	1074
7080000	1055
7085000	1010
7090000	1145
7095000	1108
7100000	1026
7105000	1197
7110000	1277
7115000	1252
7120000	1273
7125000	1210
7130000	1253
7135000	1189
7140000	1273
7145000	1239
7150000	1236
7155000	1208
7160000	1187
7165000	1151
7170000	1185
7175000	1194
7180000	1182
7185000	1098
7190000	1075
7195000	1128
7200000	1132
7205000	1176
7210000	1171
7215000	1162
7220000	1064
7225000	1135
7230000	1059
7235000	1134
7240000	1067
7245000	1079
7250000	1142
7255000	1135
7260000	1150
7265000	1091
7270000	1073
7275000	1131
7280000	1117
7285000	1047
7290000	1100
7295000	1105
7300000	1144
7305000	1106
7310000	1143
7315000	1086
7320000	1137
7325000	1104
7330000	1048
7335000	1074
7340000	1057
7345000	1103
7350000	1133
7355000	1072
7360000	1070
7365000	1068
7370000	1095
7375000	1136
7380000	1068
7385000	1041
7390000	1069
7395000	1094
7400000	1094
7405000	1095
7410000	1117
7415000	1075
7420000	1089
7425000	1053
7430000	1131
7435000	1089
7440000	1134
7445000	1081
7450000	1082
7455000	1136
7460000	1073
7465000	1106
7470000	1069
7475000	1125
7480000	1120
7485000	1083
7490000	1087
7495000	1081
7500000	1146
7505000	1161
7510000	1112
7515000	1097
7520000	1088
7525000	1100
7530000	1059
7535000	1051
7540000	1137
7545000	1105
7550000	1109
7555000	1106
7560000	1164
7565000	1084
7570000	1077
7575000	1133
7580000	1162
7585000	1118
7590000	1079
7595000	1111
7600000	1068
7605000	1139
7610000	1103
7615000	1119
7620000	1068
7625000	1060
7630000	1029
7635000	1103
7640000	1040
7645000	1075
7650000	1229
7655000	1228
7660000	1235
7665000	1224
7670000	1213
7675000	1207
7680000	1169
7685000	1225
7690000	1294
7695000	1253
7700000	1085
7705000	1178
7710000	1187
7715000	1173
7720000	1210
7725000	1169
7730000	1111
7735000	1200
7740000	1093
7745000	1084
7750000	1124
7755000	1106
7760000	1199
7765000	1134
7770000	1102
7775000	1112
7780000	1164
7785000	1134
7790000	1114
7795000	1139
7800000	1118
7805000	1112
7810000	1119
7815000	1135
7820000	1155
7825000	1149
7830000	1115
7835000	1129
7840000	1119
7845000	1121
7850000	1084
7855000	1059
7860000	1088
7865000	1086
7870000	1141
7875000	1152
7880000	1056
7885000	1105
7890000	1133
7895000	1131
7900000	1099
7905000	1150
7910000	1083
7915000	1112
7920000	1114
7925000	1079
7930000	1102
7935000	1147
7940000	1144
7945000	1056
7950000	1123
7955000	1094
7960000	1084
7965000	1108
7970000	1073
7975000	1107
7980000	1103
7985000	1065
7990000	1103
7995000	1053
8000000	1050
8005000	1073
8010000	1061
8015000	1090
8020000	1081
8025000	1108
8030000	1118
8035000	1102
8040000	1078
8045000	1080
8050000	1115
8055000	1068
8060000	1122
8065000	1055
8070000	1067
8075000	1124
8080000	1182
8085000	1108
8090000	1103
8095000	1094
8100000	1110
8105000	1120
8110000	1090
8115000	1092
8120000	1125
8125000	1090
8130000	1138
8135000	1097
8140000	1092
8145000	1071
8150000	1126
8155000	1098
8160000	1063
8165000	1142
8170000	1123
8175000	1117
8180000	1069
8185000	1093
8190000	1106
8195000	1156
8200000	1075
8205000	1166
8210000	1193
8215000	1178
8220000	1241
8225000	1207
8230000	1203
8235000	1181
8240000	1146
8245000	1188
8250000	1193
8255000	1161
8260000	1121
8265000	1184
8270000	1156
8275000	1137
8280000	1210
8285000	1167
8290000	1152
8295000	1170
8300000	1142
8305000	1146
8310000	1088
8315000	1142
8320000	1029
8325000	1078
8330000	1259
8335000	1172
8340000	1107
8345000	1212
8350000	1170
8355000	1140
8360000	1101
8365000	1142
8370000	1086
8375000	1118
8380000	1122
8385000	1123
8390000	1100
8395000	1063
8400000	1180
8405000	1101
8410000	1125
8415000	1104
8420000	1139
8425000	1112
8430000	1119
8435000	1140
8440000	1049
8445000	1113
8450000	1085
8455000	1092
8460000	1098
8465000	1155
8470000	1105
8475000	1107
8480000	1173
8485000	1169
8490000	1091
8495000	1126
8500000	1071
8505000	1098
8510000	1130
8515000	1156
8520000	1057
8525000	1115
8530000	1065
8535000	1106
8540000	1164
8545000	1130
8550000	1097
8555000	1128
8560000	1057
8565000	1062
8570000	1112
8575000	1049
8580000	1104
8585000	1107
8590000	1065
8595000	1127
8600000	1065
8605000	1090
8610000	1148
8615000	1065
8620000	1078
8625000	1049
8630000	1096
8635000	1111
8640000	1156
8645000	1078
8650000	1072
8655000	1130
8660000	1089
8665000	1061
8670000	1061
8675000	1028
8680000	1060
8685000	1094
8690000	1113
8695000	1127
8700000	1100
8705000	1120
8710000	1071
8715000	1094
8720000	1114
8725000	1111
8730000	1099
8735000	1110
8740000	1147
8745000	1108
8750000	1137
8755000	1121
8760000	1079
8765000	1098
8770000	1078
8775000	1103
8780000	1103
8785000	1083
8790000	1107
8795000	1177
8800000	1151
8805000	1195
8810000	1109
8815000	1190
8820000	1119
8825000	1108
8830000	1193
8835000	1130
8840000	1143
8845000	1088
8850000	1174
8855000	1051
8860000	1092
8865000	1147
8870000	1111
8875000	1169
8880000	1135
8885000	1124
8890000	1077
8895000	1113
8900000	1133
8905000	1177
8910000	1107
8915000	1018
8920000	1145
8925000	1090
8930000	1077
8935000	1148
8940000	1097
8945000	1103
8950000	1136
8955000	1163
8960000	1123
8965000	1055
8970000	1124
8975000	1036
8980000	1122
8985000	1083
8990000	1089
8995000	1076
9000000	1075
9005000	1111
9010000	1134
9015000	1089
9020000	1155
9025000	1074
9030000	1097
9035000	1096
9040000	1184
9045000	1077
9050000	1063
9055000	1139
9060000	1117
9065000	1072
9070000	1081
9075000	1026
9080000	1071
9085000	1154
9090000	1074
9095000	1098
9100000	1074
9105000	1130
9110000	1067
9115000	1056
9120000	1077
9125000	1084
9130000	1066
9135000	1137
9140000	1099
9145000	1108
9150000	1074
9155000	1060
9160000	1079
9165000	1099
9170000	1100
9175000	1032
9180000	1109
9185000	1111
9190000	1108
9195000	1090
9200000	1102
9205000	1075
9210000	1076
9215000	1078
9220000	1084
9225000	1146
9230000	1141
9235000	1076
9240000	1088
9245000	1084
9250000	1116
9255000	1095
9260000	1091
9265000	1073
9270000	1089
9275000	1089
9280000	1074
9285000	1101
9290000	1104
9295000	1087
9300000	1080
9305000	1077
9310000	1110
9315000	1107
9320000	1081
9325000	1100
9330000	1116
9335000	1131
9340000	1109
9345000	1145
9350000	1127
9355000	1119
9360000	1098
9365000	983
9370000	1099
9375000	1070
9380000	1072
9385000	1109
9390000	1145
9395000	1103
9400000	1121
9405000	1097
9410000	1079
9415000	1045
9420000	1087
9425000	1096
9430000	1126
9435000	1111
9440000	1124
9445000	1094
9450000	1057
9455000	1119
9460000	1147
9465000	1083
9470000	1156
9475000	1132
9480000	1108
9485000	1076
9490000	1166
9495000	1086
9500000	1161
9505000	1113
9510000	1129
9515000	1074
9520000	1052
9525000	1053
9530000	1096
9535000	1121
9540000	1102
9545000	1161
9550000	1105
9555000	1147
9560000	1088
9565000	1079
9570000	1096
9575000	1095
9580000	1085
9585000	1105
9590000	1099
9595000	1122
9600000	1041
9605000	1072
9610000	1092
9615000	1115
9620000	1130
9625000	1102
9630000	1105
9635000	1112
9640000	1132
9645000	1107
9650000	1058
9655000	1042
9660000	1076
9665000	1082
9670000	1045
9675000	1121
9680000	1116
9685000	1128
9690000	1060
9695000	1110
9700000	1070
9705000	1055
9710000	1077
9715000	1094
9720000	1117
9725000	1065
9730000	1108
9735000	1045
9740000	1124
9745000	1102
9750000	1149
9755000	1135
9760000	1106
9765000	1098
9770000	1112
9775000	1105
9780000	1180
9785000	1068
9790000	1087
9795000	1065
9800000	1078
9805000	1107
9810000	1098
9815000	1099
9820000	1074
9825000	1110
9830000	1106
9835000	1128
9840000	1114
9845000	1183
9850000	1066
9855000	1087
9860000	1081
9865000	1125
9870000	1083
9875000	1109
9880000	1120
9885000	1086
9890000	1079
9895000	1086
9900000	1112
9905000	1066
9910000	1142
9915000	1096
9920000	1063
9925000	1076
9930000	1039
9935000	1163
9940000	1114
9945000	1098
9950000	1045
9955000	1078
9960000	1083
9965000	1090
9970000	1056
9975000	1103
9980000	1083
9985000	1124
9990000	1102
9995000	1104
10000000	1175
10005000	1131
10010000	1132
10015000	1132
10020000	1076
10025000	1033
10030000	1042
10035000	1172
10040000	1090
10045000	1133
10050000	1067
10055000	1160
10060000	1093
10065000	1115
10070000	1068
10075000	1056
10080000	1140
10085000	1136
10090000	1129
10095000	1093
10100000	1050
10105000	1122
10110000	1115
10115000	1104
10120000	1089
10125000	1065
10130000	1132
10135000	1065
10140000	1115
10145000	1113
10150000	1102
10155000	1075
10160000	1108
10165000	1103
10170000	1033
10175000	1072
10180000	1075
10185000	1103
10190000	1022
10195000	1161
10200000	1081
10205000	1153
10210000	1126
10215000	1118
10220000	1135
10225000	1060
10230000	1037
10235000	1147
10240000	1119
10245000	1090
10250000	1098
10255000	1125
10260000	1071
10265000	1142
10270000	1108
10275000	1099
10280000	1129
10285000	1112
10290000	1080
10295000	1064
10300000	1113
10305000	1138
10310000	1102
10315000	1095
10320000	1066
10325000	1137
10330000	1104
10335000	1092
10340000	1072
10345000	1061
10350000	1100
10355000	1119
10360000	1078
10365000	1105
10370000	1095
10375000	1130
10380000	1028
10385000	1041
10390000	1125
10395000	1110
10400000	1080
10405000	1057
10410000	1059
10415000	1140
10420000	1114
10425000	1085
10430000	1127
10435000	1107
10440000	1069
10445000	1094
10450000	1099
10455000	1086
10460000	1081
10465000	1129
10470000	1127
10475000	1107
10480000	1063
10485000	1029
10490000	1078
10495000	1104
10500000	1119
10505000	1099
10510000	1150
10515000	1091
10520000	1103
10525000	1104
10530000	1078
10535000	1166
10540000	1089
10545000	1066
10550000	1144
10555000	1109
10560000	1057
10565000	1097
10570000	1054
10575000	1113
10580000	1071
10585000	1063
10590000	1046
10595000	1030
10600000	1155
10605000	1105
10610000	1085
10615000	1121
10620000	1108
10625000	1104
10630000	1112
10635000	1099
10640000	1104
10645000	1087
10650000	1099
10655000	1104
10660000	1092
10665000	1144
10670000	1143
10675000	1041
10680000	1102
10685000	1110
10690000	1062
10695000	1179
10700000	1172
10705000	1088
10710000	1073
10715000	1146
10720000	1154
10725000	1186
10730000	1115
10735000	1072
10740000	1112
10745000	1048
10750000	1107
10755000	1028
10760000	1075
10765000	1087
10770000	1108
10775000	1085
10780000	1088
10785000	1101
10790000	1103
10795000	1119
10800000	1116
10805000	1089
10810000	1113
10815000	1096
10820000	1078
10825000	1096
10830000	1077
10835000	1150
10840000	1085
10845000	1153
10850000	1083
10855000	1131
10860000	1113
10865000	1075
10870000	1101
10875000	1024
10880000	1143
10885000	1059
10890000	1061
10895000	1118
10900000	1110
10905000	1134
10910000	1042
10915000	1086
10920000	1052
10925000	1162
10930000	1112
10935000	1095
10940000	1124
10945000	1176
10950000	1069
10955000	1112
10960000	1065
10965000	1183
10970000	1098
10975000	1142
10980000	1072
10985000	1097
10990000	1118
10995000	1132
11000000	1122
11005000	1030
11010000	1062
11015000	1085
11020000	1160
11025000	1083
11030000	1097
11035000	1064
11040000	1137
11045000	1109
11050000	1054
11055000	1155
11060000	1101
11065000	1099
11070000	1115
11075000	1059
11080000	1078
11085000	1102
11090000	1074
11095000	1092
11100000	1126
11105000	1110
11110000	1065
11115000	1057
11120000	1116
11125000	1057
11130000	1089
11135000	1041
11140000	1115
11145000	1050
11150000	1106
11155000	1117
11160000	1073
11165000	1105
11170000	1080
11175000	1081
11180000	1087
11185000	1083
11190000	1159
11195000	1121
11200000	1093
11205000	1099
11210000	1106
11215000	1092
11220000	1126
11225000	1065
11230000	1069
11235000	1110
11240000	1106
11245000	1088
11250000	1109
11255000	1085
11260000	1078
11265000	1112
11270000	1100
11275000	1070
11280000	1087
11285000	1096
11290000	1120
11295000	1044
11300000	1103
11305000	1124
11310000	1148
11315000	1129
11320000	1111
11325000	1153
11330000	1079
11335000	1164
11340000	1121
11345000	1122
11350000	1080
11355000	1142
11360000	1092
11365000	1099
11370000	1103
11375000	1118
11380000	1047
11385000	1126
11390000	1116
11395000	1086
11400000	1093
11405000	1073
11410000	1114
11415000	1102
11420000	1067
11425000	1123
11430000	1050
11435000	1109
11440000	1081
11445000	1093
11450000	1056
11455000	1085
11460000	1108
11465000	1129
11470000	1082
11475000	1141
11480000	1146
11485000	1178
11490000	1066
11495000	1132
11500000	1044
11505000	1118
11510000	1122
11515000	1102
11520000	1109
11525000	1165
11530000	1130
11535000	1147
11540000	1091
11545000	1039
11550000	1084
11555000	1005
11560000	1148
11565000	1157
11570000	1085
11575000	1176
11580000	1032
11585000	1109
11590000	1073
11595000	1097
11600000	1090
11605000	1117
11610000	1063
11615000	1089
11620000	1158
11625000	1120
11630000	1121
11635000	1124
11640000	1070
11645000	1118
11650000	1049
11655000	1066
11660000	1107
11665000	1142
11670000	1081
11675000	1088
11680000	1147
11685000	1128
11690000	1125
11695000	1096
11700000	1058
11705000	1093
11710000	1102
11715000	1071
11720000	1109
11725000	1059
11730000	1111
11735000	1090
11740000	1114
11745000	1056
11750000	1122
11755000	1117
11760000	1022
11765000	1069
11770000	1047
11775000	1101
11780000	1066
11785000	1036
11790000	1093
11795000	1073
11800000	1058
11805000	1058
11810000	1079
11815000	1101
11820000	1120
11825000	1129
11830000	1070
11835000	1096
11840000	1105
11845000	1108
11850000	1129
11855000	1097
11860000	1096
11865000	1060
11870000	1066
11875000	1086
11880000	1066
11885000	1096
11890000	1112
11895000	1100
11900000	1041
11905000	1089
11910000	1041
11915000	1084
11920000	1101
11925000	1062
11930000	1154
11935000	1085
11940000	1092
11945000	1089
11950000	1100
11955000	1113
11960000	1065
11965000	1123
11970000	1124
11975000	1091
11980000	1060
11985000	1163
11990000	1220
11995000	1105
12000000	1216
12005000	1175
12010000	1158
12015000	1164
12020000	1181
12025000	1143
12030000	1155
12035000	1186
12040000	1100
12045000	1197
12050000	1111
12055000	1167
12060000	1136
12065000	1073
12070000	1087
12075000	1134
12080000	1138
12085000	1127
12090000	1154
12095000	1123
12100000	1071
12105000	1096
12110000	1117
12115000	1123
12120000	1035
12125000	1122
12130000	1104
12135000	1104
12140000	1066
12145000	1118
12150000	1009
12155000	1097
12160000	1083
12165000	1101
12170000	1108
12175000	1103
12180000	1040
12185000	1129
12190000	1103
12195000	1112
12200000	1095
12205000	1123
12210000	1113
12215000	1045
12220000	1100
12225000	1095
12230000	1060
12235000	1079
12240000	1060
12245000	1075
12250000	1162
12255000	1105
12260000	1045
12265000	1076
12270000	1082
12275000	1127
12280000	1134
12285000	1082
12290000	1054
12295000	1132
12300000	1098
12305000	1047
12310000	1100
12315000	1073
12320000	1042
12325000	1025
12330000	1113
12335000	1085
12340000	1101
12345000	1083
12350000	1137
12355000	1173
12360000	1117
12365000	1095
12370000	1106
12375000	1095
12380000	1104
12385000	1075
12390000	1071
12395000	1121
12400000	1093
12405000	1053
12410000	1118
12415000	1133
12420000	1123
12425000	1062
12430000	1068
12435000	1100
12440000	1051
12445000	1122
12450000	1104
12455000	1111
12460000	1031
12465000	1096
12470000	1103
12475000	1039
12480000	1097
12485000	1078
12490000	1046
12495000	1066
12500000	1071
12505000	1128
12510000	1119
12515000	1081
12520000	1126
12525000	1116
12530000	1135
12535000	1003
12540000	1155
12545000	1042
12550000	1087
12555000	1097
12560000	1056
12565000	1099
12570000	1093
12575000	1145
12580000	1116
12585000	1103
12590000	1091
12595000	1076
12600000	1090
12605000	1041
12610000	1087
12615000	1069
12620000	1090
12625000	1089
12630000	1087
12635000	1107
12640000	1087
12645000	1080
12650000	1156
12655000	1009
12660000	1095
12665000	1111
12670000	1073
12675000	1083
12680000	1072
12685000	1226
12690000	1219
12695000	1242
12700000	1198
12705000	1264
12710000	1258
12715000	1220
12720000	1198
12725000	1283
12730000	1176
12735000	1220
12740000	1128
12745000	1149
12750000	1159
12755000	1139
12760000	1199
12765000	1110
12770000	1165
12775000	1161
12780000	1110
12785000	1186
12790000	1058
12795000	1138
12800000	1159
12805000	1101
12810000	1110
12815000	1139
12820000	1140
12825000	1086
12830000	1124
12835000	1125
12840000	1141
12845000	1088
12850000	1146
12855000	1077
12860000	1163
12865000	1131
12870000	1127
12875000	1142
12880000	1125
12885000	1148
12890000	1089
12895000	1043
12900000	1103
12905000	1131
12910000	1104
12915000	1051
12920000	1080
12925000	1084
12930000	1107
12935000	1053
12940000	1113
12945000	1112
12950000	1047
12955000	1155
12960000	1091
12965000	1120
12970000	1070
12975000	1057
12980000	1078
12985000	1091
12990000	1102
12995000	1112
13000000	1107
13005000	1123
13010000	1087
13015000	1075
13020000	1068
13025000	1097
13030000	1030
13035000	1142
13040000	1112
13045000	1121
13050000	1085
13055000	1146
13060000	1120
13065000	1125
13070000	1144
13075000	1131
13080000	1104
13085000	1129
13090000	1124
13095000	1094
13100000	1044
13105000	1046
13110000	1103
13115000	1122
13120000	1091
13125000	1091
13130000	1124
13135000	1108
13140000	1120
13145000	1117
13150000	1052
13155000	1074
13160000	1129
13165000	1095
13170000	1058
13175000	1086
13180000	1041
13185000	1072
13190000	1119
13195000	1120
13200000	1124
13205000	1036
13210000	1146
13215000	1160
13220000	1092
13225000	1034
13230000	1141
13235000	1095
13240000	1012
13245000	1126
13250000	1084
13255000	1035
13260000	1050
13265000	1111
13270000	1104
13275000	1144
13280000	1120
13285000	1135
13290000	1049
13295000	1012
13300000	1082
13305000	1056
13310000	1120
13315000	1068
13320000	1131
13325000	1092
13330000	1100
13335000	1112
13340000	1048
13345000	1100
13350000	1111
13355000	1119
13360000	1119
13365000	1065
13370000	1187
13375000	1070
13380000	1164
13385000	1127
13390000	1081
13395000	1069
13400000	1108
13405000	1121
13410000	1257
13415000	1255
13420000	1331
13425000	1269
13430000	1254
13435000	1210
13440000	1170
13445000	1216
13450000	1185
13455000	1168
13460000	1177
13465000	1195
13470000	1136
13475000	1263
13480000	1154
13485000	1138
13490000	1133
13495000	1150
13500000	1150
13505000	1120
13510000	1178
13515000	1161
13520000	1124
13525000	1128
13530000	1112
13535000	1108
13540000	1086
13545000	1114
13550000	1054
13555000	1115
13560000	1115
13565000	1076
13570000	1206
13575000	1195
13580000	1095
13585000	1135
13590000	1112
13595000	1157
13600000	1100
13605000	1167
13610000	1068
13615000	1078
13620000	1112
13625000	1156
13630000	1125
13635000	1061
13640000	1104
13645000	1073
13650000	1104
13655000	1059
13660000	1123
13665000	1031
13670000	1077
13675000	1127
13680000	1138
13685000	1122
13690000	1054
13695000	1061
13700000	1106
13705000	1153
13710000	1090
13715000	1068
13720000	1150
13725000	1055
13730000	1078
13735000	1045
13740000	1112
13745000	1052
13750000	1076
13755000	1082
13760000	1080
13765000	1095
13770000	1095
13775000	1060
13780000	1074
13785000	1146
13790000	1145
13795000	1067
13800000	1115
13805000	1096
13810000	1134
13815000	1109
13820000	1089
13825000	1078
13830000	1104
13835000	1131
13840000	1076
13845000	1034
13850000	1052
13855000	1054
13860000	1105
13865000	1068
13870000	1122
13875000	1031
13880000	1117
13885000	1089
13890000	1116
13895000	1068
13900000	1119
13905000	1062
13910000	1094
13915000	1113
13920000	1085
13925000	1132
13930000	1109
13935000	1127
13940000	1003
13945000	1178
13950000	1055
13955000	1046
13960000	1079
13965000	1125
13970000	1041
13975000	1064
13980000	1086
13985000	1139
13990000	1087
13995000	1066
14000000	1098
14005000	1098
14010000	1124
14015000	1128
14020000	1099
14025000	1175
14030000	1087
14035000	1130
14040000	1118
14045000	1103
14050000	1094
14055000	1104
14060000	1052
14065000	1039
14070000	1143
14075000	1140
14080000	1130
14085000	1110
14090000	1127
14095000	1091
14100000	1097
14105000	1156
14110000	1080
14115000	1113
14120000	1061
14125000	1132
14130000	1078
14135000	1090
14140000	1067
14145000	1134
14150000	1281
14155000	1266
14160000	1280
14165000	1175
14170000	1201
14175000	1226
14180000	1208
14185000	1197
14190000	1223
14195000	1260
14200000	1164
14205000	1172
14210000	1195
14215000	1164
14220000	1206
14225000	1135
14230000	1185
14235000	1161
14240000	1109
14245000	1128
14250000	1145
14255000	1169
14260000	1099
14265000	1133
14270000	1140
14275000	1187
14280000	1095
14285000	1162
14290000	1107
14295000	1140
14300000	1109
14305000	1135
14310000	1099
14315000	1093
14320000	1093
14325000	1105
14330000	1116
14335000	1126
14340000	1130
14345000	1058
14350000	1090
14355000	1072
14360000	1091
14365000	1141
14370000	1193
14375000	1180
14380000	1110
14385000	1202
14390000	1083
14395000	1109
14400000	1169
14405000	1092
14410000	1100
14415000	1123
14420000	1064
14425000	1075
14430000	1101
14435000	1140
14440000	1084
14445000	1081
14450000	1135
14455000	1178
14460000	1085
14465000	1079
14470000	1065
14475000	1078
14480000	1082
14485000	1099
14490000	1181
14495000	1082
14500000	1068
14505000	1048
14510000	1125
14515000	1045
14520000	1099
14525000	1095
14530000	1137
14535000	1091
14540000	1126
14545000	1100
14550000	1103
14555000	1089
14560000	1092
14565000	1049
14570000	1111
14575000	1119
14580000	1099
14585000	1062
14590000	1045
14595000	1071
14600000	1119
14605000	1054
14610000	1084
14615000	1086
14620000	1103
14625000	1155
14630000	1080
14635000	1129
14640000	1054
14645000	1107
14650000	1100
14655000	1103
14660000	1107
14665000	1118
14670000	1091
14675000	1080
14680000	1097
14685000	1070
14690000	1143
14695000	1104
14700000	1059
14705000	1063
14710000	1124
14715000	1038
14720000	1048
14725000	1073
14730000	1118
14735000	1073
14740000	1108
14745000	1087
14750000	1106
14755000	1119
14760000	1131
14765000	1097
14770000	1124
14775000	1109
14780000	1038
14785000	1118
14790000	1064
14795000	1131
14800000	1125
14805000	1080
14810000	1087
14815000	1046
14820000	1092
14825000	1028
14830000	1055
14835000	1088
14840000	1066
14845000	1066
14850000	1118
14855000	1106
14860000	1072
14865000	1142
14870000	1148
14875000	1056
14880000	1132
14885000	1062
14890000	1109
14895000	1087
14900000	1105
14905000	1027
14910000	1173
14915000	1298
14920000	1175
14925000	1176
14930000	1215
14935000	1170
14940000	1149
14945000	1185
14950000	1164
14955000	1191
14960000	1122
14965000	1223
14970000	1113
14975000	1150
14980000	1172
14985000	1158
14990000	1185
14995000	1240
15000000	1174
15005000	1064
15010000	1158
15015000	1154
15020000	1140
15025000	1168
15030000	1158
15035000	1081
15040000	1116
15045000	1139
15050000	1173
15055000	1073
15060000	1104
15065000	1083
15070000	1118
15075000	1152
15080000	1083
15085000	1094
15090000	1062
15095000	1130
15100000	1093
15105000	1138
15110000	1044
15115000	1083
15120000	1079
15125000	1148
15130000	1114
15135000	1080
15140000	1142
15145000	1126
15150000	1086
15155000	1114
15160000	1126
15165000	1074
15170000	1137
15175000	1074
15180000	1096
15185000	1109
15190000	1137
15195000	1100
15200000	1115
15205000	1124
15210000	1082
15215000	1089
15220000	1128
15225000	1093
15230000	1039
15235000	1105
15240000	1096
15245000	1047
15250000	1051
15255000	1176
15260000	1063
15265000	1098
15270000	1103
15275000	1041
15280000	1031
15285000	1060
15290000	1072
15295000	1054
15300000	1096
15305000	1132
15310000	1143
15315000	1070
15320000	1074
15325000	1090
15330000	1057
15335000	1090
15340000	1139
15345000	1086
15350000	1059
15355000	1129
15360000	1106
15365000	1103
15370000	1122
15375000	1064
15380000	1123
15385000	1106
15390000	1118
15395000	1073
15400000	1042
15405000	1139
15410000	1075
15415000	1104
15420000	1071
15425000	1012
15430000	1125
15435000	1129
15440000	1140
15445000	1112
15450000	1035
15455000	1118
15460000	1123
15465000	1131
15470000	1148
15475000	1066
15480000	1029
15485000	1020
15490000	1081
15495000	1013
15500000	1153
15505000	1146
15510000	1079
15515000	1143
15520000	1085
15525000	1101
15530000	1100
15535000	1102
15540000	1097
15545000	1093
15550000	1150
15555000	1101
15560000	1033
15565000	1128
15570000	1082
15575000	1108
15580000	1096
15585000	1057
15590000	1131
15595000	1091
15600000	1048
15605000	1107
15610000	1114
15615000	1089
15620000	1111
15625000	1156
15630000	1094
15635000	1069
15640000	1102
15645000	1064
15650000	1083
15655000	1106
15660000	1081
15665000	1151
15670000	1159
15675000	1097
15680000	1031
15685000	1083
15690000	1194
15695000	1203
15700000	1192
15705000	1226
15710000	1146
15715000	1144
15720000	1092
15725000	1133
15730000	1128
15735000	1141
15740000	1128
15745000	1159
15750000	1171
15755000	1154
15760000	1190
15765000	1149
15770000	1189
15775000	1094
15780000	1154
15785000	1169
15790000	1132
15795000	1112
15800000	1183
15805000	1121
15810000	1186
15815000	1130
15820000	1072
15825000	1113
15830000	1116
15835000	1159
15840000	1092
15845000	1093
15850000	1051
15855000	1139
15860000	1064
15865000	1079
15870000	1047
15875000	1116
15880000	1079
15885000	1063
15890000	1103
15895000	1116
15900000	1084
15905000	1037
15910000	1118
15915000	1105
15920000	1108
15925000	1090
15930000	1117
15935000	1058
15940000	1130
15945000	1095
15950000	1146
15955000	1093
15960000	1153
15965000	1073
15970000	1139
15975000	1064
15980000	1042
15985000	1013
15990000	1080
15995000	1106
16000000	1084
16005000	1109
16010000	1080
16015000	1046
16020000	1103
16025000	1086
16030000	1190
16035000	1075
16040000	1051
16045000	1095
16050000	1131
16055000	1125
16060000	1132
16065000	1078
16070000	1052
16075000	1162
16080000	1029
16085000	1082
16090000	1074
16095000	1104
16100000	1099
16105000	1048
16110000	1093
16115000	1061
16120000	1141
16125000	1098
16130000	1041
16135000	1045
16140000	1114
16145000	1128
16150000	1052
16155000	1154
16160000	1071
16165000	1104
16170000	1113
16175000	1079
16180000	1078
16185000	1098
16190000	1099
16195000	1170
16200000	1104
16205000	1142
16210000	1050
16215000	1070
16220000	1088
16225000	1113
16230000	1115
16235000	1085
16240000	1088
16245000	1094
16250000	1095
16255000	1075
16260000	1112
16265000	1066
16270000	1043
16275000	1123
16280000	1075
16285000	1047
16290000	1126
16295000	1082
16300000	1136
16305000	1120
16310000	1112
16315000	1091
16320000	1030
16325000	1030
16330000	1078
16335000	1115
16340000	1111
16345000	1099
16350000	1116
16355000	1105
16360000	1125
16365000	1135
16370000	1116
16375000	1137
16380000	1151
16385000	1123
16390000	1100
16395000	1128
16400000	1146
16405000	1049
16410000	1113
16415000	1097
16420000	1117
16425000	1099
16430000	1107
16435000	1068
16440000	1173
16445000	1099
16450000	1109
16455000	1092
16460000	1032
16465000	1052
16470000	1155
16475000	1115
16480000	1045
16485000	1071
16490000	1074
16495000	1118
16500000	1105
16505000	1065
16510000	1157
16515000	1197
16520000	1131
16525000	1166
16530000	1063
16535000	1098
16540000	1083
16545000	1102
16550000	1126
16555000	1201
16560000	1081
16565000	1144
16570000	1097
16575000	1116
16580000	1068
16585000	1112
16590000	1121
16595000	1111
16600000	1091
16605000	1153
16610000	1078
16615000	1126
16620000	1141
16625000	1118
16630000	1093
16635000	1097
16640000	1093
16645000	1075
16650000	1082
16655000	1106
16660000	1082
16665000	1104
16670000	1093
16675000	1060
16680000	1144
16685000	1131
16690000	1082
16695000	1117
16700000	1104
16705000	1032
16710000	1079
16715000	1135
16720000	1150
16725000	1053
16730000	1099
16735000	1147
16740000	1131
16745000	1069
16750000	1108
16755000	1152
16760000	1045
16765000	1059
16770000	1094
16775000	1095
16780000	1118
16785000	1130
16790000	1123
16795000	1073
16800000	1127
16805000	1064
16810000	1062
16815000	1168
16820000	1126
16825000	1084
16830000	1093
16835000	1101
16840000	1111
16845000	1057
16850000	1070
16855000	1143
16860000	1158
16865000	1095
16870000	1067
16875000	1072
16880000	1103
16885000	1085
16890000	1070
16895000	1052
16900000	1094
16905000	1087
16910000	1200
16915000	1135
16920000	1108
16925000	1088
16930000	1124
16935000	1073
16940000	1171
16945000	1117
16950000	1101
16955000	1051
16960000	1160
16965000	1084
16970000	1112
16975000	1122
16980000	1089
16985000	1110
16990000	1062
16995000	999
17000000	1128
17005000	1065
17010000	1103
17015000	1116
17020000	1069
17025000	1119
17030000	1122
17035000	1064
17040000	1098
17045000	1042
17050000	1105
17055000	1094
17060000	1015
17065000	1142
17070000	1063
17075000	1073
17080000	1096
17085000	1102
17090000	1106
17095000	1026
17100000	1036
17105000	1040
17110000	1140
17115000	1061
17120000	1042
17125000	1019
17130000	1086
17135000	1140
17140000	1088
17145000	1112
17150000	1062
17155000	1056
17160000	1021
17165000	1110
17170000	1094
17175000	1099
17180000	1068
17185000	1074
17190000	1109
17195000	1107
17200000	1065
17205000	1077
17210000	1065
17215000	1139
17220000	1062
17225000	1098
17230000	1090
17235000	1158
17240000	1103
17245000	1085
17250000	1095
17255000	1102
17260000	1039
17265000	1055
17270000	1053
17275000	1126
17280000	1072
17285000	1062
17290000	1060
17295000	967
17300000	1118
17305000	1116
17310000	1082
17315000	1076
17320000	1083
17325000	1073
17330000	1106
17335000	1066
17340000	1049
17345000	1097
17350000	1092
17355000	1059
17360000	1040
17365000	1086
17370000	1036
17375000	987
17380000	1028
17385000	1031
17390000	1053
17395000	1063
17400000	1024
17405000	1078
17410000	977
17415000	1066
17420000	982
17425000	1083
17430000	1256
17435000	1234
17440000	1237
17445000	1146
17450000	1239
17455000	1277
17460000	1173
17465000	1182
17470000	1163
17475000	1150
17480000	1179
17485000	1197
17490000	1244
17495000	1240
17500000	1176
17505000	1203
17510000	1258
17515000	1213
17520000	1195
17525000	1204
17530000	1166
17535000	1181
17540000	1116
17545000	1135
17550000	1267
17555000	1204
17560000	1165
17565000	1273
17570000	1244
17575000	1170
17580000	1134
17585000	1149
17590000	1145
17595000	1146
17600000	1224
17605000	1182
17610000	1108
17615000	1100
17620000	1123
17625000	1108
17630000	1284
17635000	1291
17640000	1269
17645000	1247
17650000	1262
17655000	1224
17660000	1277
17665000	1244
17670000	1211
17675000	1196
17680000	1196
17685000	1174
17690000	1151
17695000	1190
17700000	1119
17705000	1150
17710000	1131
17715000	1165
17720000	1206
17725000	1110
17730000	1270
17735000	1358
17740000	1242
17745000	1284
17750000	1315
17755000	1279
17760000	1260
17765000	1225
17770000	1192
17775000	1210
17780000	1151
17785000	1192
17790000	1195
17795000	1198
17800000	1181
17805000	1185
17810000	1207
17815000	1201
17820000	1192
17825000	1120
17830000	1132
17835000	1123
17840000	1149
17845000	1104
17850000	1195
17855000	1283
17860000	1258
17865000	1308
17870000	1230
17875000	1180
17880000	1129
17885000	1279
17890000	1196
17895000	1172
17900000	1170
17905000	1226
17910000	1160
17915000	1166
17920000	1208
17925000	1159
17930000	1164
17935000	1137
17940000	1110
17945000	1116
17950000	1106
17955000	1105
17960000	1151
17965000	1136
17970000	1137
17975000	1123
17980000	1093
17985000	1040
17990000	1218
17995000	1271
18000000	1287
18005000	1188
18010000	1189
18015000	1191
18020000	1219
18025000	1235
18030000	1281
18035000	1187
18040000	1127
18045000	1140
18050000	1151
18055000	1223
18060000	1152
18065000	1170
18070000	1161
18075000	1086
18080000	1120
18085000	1195
18090000	1172
18095000	1226
18100000	1215
18105000	1093
18110000	1239
18115000	1076
18120000	1146
18125000	1069
18130000	1136
18135000	1089
18140000	1124
18145000	1050
18150000	1236
18155000	1183
18160000	1157
18165000	1173
18170000	1165
18175000	1145
18180000	1152
18185000	1167
18190000	1175
18195000	1158
18200000	1081
18205000	1142
18210000	1197
18215000	1189
18220000	1104
18225000	1185
18230000	1151
18235000	1150
18240000	1182
18245000	1143
18250000	1157
18255000	1119
18260000	1126
18265000	1139
18270000	1066
18275000	1087
18280000	1154
18285000	1105
18290000	1068
18295000	1106
18300000	1140
18305000	1145
18310000	1047
18315000	1163
18320000	1151
18325000	1122
18330000	1091
18335000	1161
18340000	1136
18345000	1150
18350000	1145
18355000	1119
18360000	1135
18365000	1085
18370000	1146
18375000	1169
18380000	1086
18385000	1118
18390000	1094
18395000	1149
18400000	1152
18405000	1089
18410000	1169
18415000	1117
18420000	1122
18425000	1111
18430000	1140
18435000	1173
18440000	1079
18445000	1087
18450000	1091
18455000	1139
18460000	1104
18465000	1134
18470000	1077
18475000	1100
18480000	1102
18485000	1132
18490000	1132
18495000	1096
18500000	1188
18505000	1089
18510000	1103
18515000	1109
18520000	1077
18525000	1106
18530000	1091
18535000	1140
18540000	1125
18545000	1137
18550000	1131
18555000	1055
18560000	1090
18565000	1043
18570000	1106
18575000	1114
18580000	1141
18585000	1100
18590000	1188
18595000	1046
18600000	1132
18605000	1088
18610000	1123
18615000	1105
18620000	1087
18625000	1037
18630000	1101
18635000	1120
18640000	1111
18645000	1069
18650000	1063
18655000	1075
18660000	1142
18665000	1023
18670000	1088
18675000	1078
18680000	1083
18685000	1080
18690000	1073
18695000	1082
18700000	1144
18705000	1090
18710000	1110
18715000	1070
18720000	1160
18725000	1191
18730000	1125
18735000	1065
18740000	1081
18745000	1114
18750000	1090
18755000	1129
18760000	1112
18765000	1124
18770000	1054
18775000	1067
18780000	1088
18785000	1142
18790000	1062
18795000	1171
18800000	1120
18805000	1135
18810000	1107
18815000	1050
18820000	1114
18825000	1062
18830000	1145
18835000	1121
18840000	1059
18845000	1058
18850000	1087
18855000	1092
18860000	1107
18865000	1045
18870000	1068
18875000	1090
18880000	1007
18885000	1024
18890000	1117
18895000	1087
18900000	1101
18905000	1082
18910000	1128
18915000	1089
18920000	1072
18925000	1074
18930000	1093
18935000	1122
18940000	1065
18945000	1031
18950000	1116
18955000	1128
18960000	1074
18965000	1073
18970000	1114
18975000	1098
18980000	1097
18985000	1088
18990000	1171
18995000	1120
19000000	1131
19005000	1163
19010000	1102
19015000	1149
19020000	1162
19025000	1071
19030000	1172
19035000	1097
19040000	1093
19045000	1078
19050000	1074
19055000	1147
19060000	1098
19065000	1108
19070000	1135
19075000	1080
19080000	1155
19085000	1094
19090000	1130
19095000	1128
19100000	1098
19105000	1083
19110000	1139
19115000	1137
19120000	1049
19125000	1145
19130000	1121
19135000	1143
19140000	1133
19145000	1075
19150000	1106
19155000	1077
19160000	1087
19165000	1137
19170000	1098
19175000	1110
19180000	1128
19185000	1071
19190000	1075
19195000	1112
19200000	1137
19205000	1055
19210000	1110
19215000	1026
19220000	1102
19225000	1062
19230000	1098
19235000	1072
19240000	1144
19245000	1128
19250000	1146
19255000	1198
19260000	1193
19265000	1103
19270000	1164
19275000	1167
19280000	1152
19285000	1164
19290000	1161
19295000	1103
19300000	1087
19305000	1102
19310000	1076
19315000	1109
19320000	1140
19325000	1119
19330000	1078
19335000	1129
19340000	1102
19345000	1121
19350000	1084
19355000	1073
19360000	1077
19365000	1195
19370000	1118
19375000	1128
19380000	1110
19385000	1110
19390000	1134
19395000	1109
19400000	1069
19405000	1129
19410000	1109
19415000	1124
19420000	1071
19425000	1091
19430000	1090
19435000	1070
19440000	1151
19445000	1142
19450000	1106
19455000	1084
19460000	1101
19465000	1064
19470000	1133
19475000	1101
19480000	1132
19485000	1083
19490000	1060
19495000	1066
19500000	1081
19505000	1122
19510000	1113
19515000	1114
19520000	1118
19525000	1092
19530000	1224
19535000	1189
19540000	1274
19545000	1268
19550000	1218
19555000	1183
19560000	1194
19565000	1170
19570000	1201
19575000	1195
19580000	1178
19585000	1119
19590000	1137
19595000	1167
19600000	1129
19605000	1150
19610000	1130
19615000	1105
19620000	1115
19625000	1125
19630000	1121
19635000	1171
19640000	1146
19645000	1093
19650000	1152
19655000	1105
19660000	1135
19665000	1164
19670000	1036
19675000	1095
19680000	1108
19685000	1109
19690000	1127
19695000	1077
19700000	1076
19705000	1097
19710000	1107
19715000	1126
19720000	1193
19725000	1126
19730000	1065
19735000	1083
19740000	1066
19745000	1137
19750000	1115
19755000	1134
19760000	1113
19765000	1052
19770000	1132
19775000	1129
19780000	1150
19785000	1115
19790000	1087
19795000	1107
19800000	1133
19805000	1128
19810000	1047
19815000	1125
19820000	1082
19825000	1101
19830000	1261
19835000	1342
19840000	1288
19845000	1300
19850000	1214
19855000	1226
19860000	1223
19865000	1151
19870000	1182
19875000	1206
19880000	1183
19885000	1157
19890000	1126
19895000	1141
19900000	1146
19905000	1184
19910000	1119
19915000	1150
19920000	1162
19925000	1169
19930000	1147
19935000	1181
19940000	1108
19945000	1125
19950000	1184
19955000	1109
19960000	1123
19965000	1125
19970000	1132
19975000	1104
19980000	1096
19985000	1126
19990000	1089
19995000	1141
