time(ps)	counts
0	1225
2000	1284
4000	1232
6000	1260
8000	1259
10000	1270
12000	1242
14000	1226
16000	1279
18000	1233
20000	1282
22000	1177
24000	1229
26000	1222
28000	1250
30000	1280
32000	1250
34000	1215
36000	1194
38000	1351
40000	1262
42000	1211
44000	1216
46000	1249
48000	1244
50000	1274
52000	1244
54000	1234
56000	1211
58000	1242
60000	1255
62000	1260
64000	1268
66000	1258
68000	1200
70000	1267
72000	1288
74000	1255
76000	1138
78000	1268
80000	1250
82000	1162
84000	1175
86000	1267
88000	1484
90000	1430
92000	1518
94000	1487
96000	1538
98000	1491
100000	1444
102000	1461
104000	1416
106000	1433
108000	1398
110000	1456
112000	1374
114000	1501
116000	1395
118000	1446
120000	1404
122000	1431
124000	1392
126000	1400
128000	1400
130000	1378
132000	1466
134000	1419
136000	1431
138000	1328
140000	1373
142000	1413
144000	1415
146000	1361
148000	1383
150000	1363
152000	1492
154000	1463
156000	1514
158000	1444
160000	1424
162000	1446
164000	1421
166000	1443
168000	1398
170000	1411
172000	1331
174000	1362
176000	1435
178000	1332
180000	1380
182000	1395
184000	1349
186000	1416
188000	1420
190000	1360
192000	1373
194000	1375
196000	1362
198000	1401
200000	1380
202000	1419
204000	1322
206000	1333
208000	1410
210000	1402
212000	1413
214000	1499
216000	1477
218000	1519
220000	1532
222000	1389
224000	1462
226000	1397
228000	1409
230000	1410
232000	1408
234000	1418
236000	1340
238000	1358
240000	1385
242000	1413
244000	1386
246000	1380
248000	1389
250000	1365
252000	1361
254000	1404
256000	1307
258000	1368
260000	1345
262000	1391
264000	1384
266000	1358
268000	1373
270000	1403
272000	1348
274000	1334
276000	1356
278000	1351
280000	1313
282000	1393
284000	1215
286000	1351
288000	1438
290000	1443
292000	1431
294000	1495
296000	1506
298000	1509
300000	1478
302000	1563
304000	1515
306000	1452
308000	1436
310000	1397
312000	1408
314000	1345
316000	1412
318000	1412
320000	1438
322000	1490
324000	1431
326000	1429
328000	1419
330000	1306
332000	1437
334000	1337
336000	1419
338000	1363
340000	1392
342000	1360
344000	1373
346000	1367
348000	1450
350000	1359
352000	1379
354000	1291
356000	1426
358000	1372
360000	1316
362000	1352
364000	1318
366000	1386
368000	1303
370000	1373
372000	1342
374000	1313
376000	1321
378000	1358
380000	1335
382000	1398
384000	1219
386000	1318
388000	1408
390000	1433
392000	1482
394000	1529
396000	1504
398000	1514
400000	1487
402000	1541
404000	1477
406000	1497
408000	1405
410000	1519
412000	1443
414000	1445
416000	1451
418000	1389
420000	1382
422000	1504
424000	1359
426000	1398
428000	1424
430000	1424
432000	1415
434000	1422
436000	1376
438000	1419
440000	1500
442000	1411
444000	1357
446000	1361
448000	1345
450000	1421
452000	1390
454000	1396
456000	1475
458000	1338
460000	1426
462000	1312
464000	1372
466000	1369
468000	1410
470000	1335
472000	1408
474000	1390
476000	1345
478000	1367
480000	1350
482000	1371
484000	1380
486000	1363
488000	1351
490000	1335
492000	1345
494000	1301
496000	1367
498000	1268
500000	1292
502000	1334
504000	1233
506000	1333
508000	1425
510000	1532
512000	1518
514000	1437
516000	1497
518000	1527
520000	1436
522000	1431
524000	1408
526000	1434
528000	1475
530000	1397
532000	1477
534000	1432
536000	1519
538000	1361
540000	1431
542000	1486
544000	1432
546000	1466
548000	1390
550000	1449
552000	1453
554000	1402
556000	1397
558000	1417
560000	1420
562000	1350
564000	1351
566000	1393
568000	1370
570000	1405
572000	1380
574000	1357
576000	1390
578000	1471
580000	1388
582000	1353
584000	1384
586000	1347
588000	1355
590000	1301
592000	1342
594000	1416
596000	1363
598000	1296
600000	1344
602000	1346
604000	1316
606000	1390
608000	1319
610000	1346
612000	1316
614000	1348
616000	1367
618000	1336
620000	1383
622000	1360
624000	1373
626000	1315
628000	1312
630000	1370
632000	1334
634000	1352
636000	1323
638000	1336
640000	1295
642000	1267
644000	1247
646000	1354
648000	1400
650000	1403
652000	1451
654000	1370
656000	1450
658000	1493
660000	1456
662000	1407
664000	1419
666000	1478
668000	1449
670000	1422
672000	1357
674000	1317
676000	1382
678000	1379
680000	1399
682000	1413
684000	1421
686000	1380
688000	1378
690000	1365
692000	1302
694000	1371
696000	1392
698000	1361
700000	1343
702000	1380
704000	1338
706000	1347
708000	1322
710000	1304
712000	1343
714000	1368
716000	1353
718000	1319
720000	1306
722000	1338
724000	1309
726000	1392
728000	1348
730000	1338
732000	1357
734000	1305
736000	1360
738000	1346
740000	1304
742000	1305
744000	1349
746000	1357
748000	1343
750000	1352
752000	1315
754000	1336
756000	1302
758000	1327
760000	1345
762000	1323
764000	1352
766000	1299
768000	1310
770000	1372
772000	1311
774000	1293
776000	1326
778000	1282
780000	1334
782000	1300
784000	1246
786000	1340
788000	1251
790000	1249
792000	1341
794000	1273
796000	1299
798000	1355
800000	1332
802000	1249
804000	1227
806000	1228
808000	1301
810000	1335
812000	1388
814000	1330
816000	1469
818000	1422
820000	1393
822000	1325
824000	1334
826000	1335
828000	1444
830000	1331
832000	1404
834000	1317
836000	1327
838000	1382
840000	1371
842000	1396
844000	1448
846000	1302
848000	1327
850000	1392
852000	1332
854000	1367
856000	1356
858000	1337
860000	1338
862000	1284
864000	1350
866000	1358
868000	1350
870000	1319
872000	1378
874000	1370
876000	1351
878000	1341
880000	1374
882000	1350
884000	1388
886000	1321
888000	1322
890000	1314
892000	1315
894000	1361
896000	1290
898000	1296
900000	1353
902000	1367
904000	1327
906000	1314
908000	1355
910000	1409
912000	1349
914000	1330
916000	1316
918000	1275
920000	1291
922000	1278
924000	1304
926000	1341
928000	1346
930000	1225
932000	1250
934000	1284
936000	1276
938000	1309
940000	1344
942000	1324
944000	1359
946000	1307
948000	1290
950000	1361
952000	1323
954000	1310
956000	1347
958000	1294
960000	1360
962000	1246
964000	1277
966000	1291
968000	1359
970000	1339
972000	1296
974000	1332
976000	1281
978000	1312
980000	1262
982000	1290
984000	1293
986000	1284
988000	1270
990000	1314
992000	1370
994000	1364
996000	1337
998000	1286
1000000	1310
1002000	1321
1004000	1317
1006000	1357
1008000	1385
1010000	1273
1012000	1281
1014000	1322
1016000	1283
1018000	1395
1020000	1352
1022000	1349
1024000	1322
1026000	1326
1028000	1350
1030000	1276
1032000	1297
1034000	1298
1036000	1290
1038000	1270
1040000	1358
1042000	1278
1044000	1287
1046000	1283
1048000	1308
1050000	1250
1052000	1380
1054000	1342
1056000	1265
1058000	1230
1060000	1261
1062000	1382
1064000	1276
1066000	1331
1068000	1363
1070000	1317
1072000	1376
1074000	1297
1076000	1281
1078000	1342
1080000	1359
1082000	1316
1084000	1356
1086000	1212
1088000	1388
1090000	1227
1092000	1277
1094000	1272
1096000	1336
1098000	1292
1100000	1325
1102000	1270
1104000	1314
1106000	1316
1108000	1232
1110000	1238
1112000	1271
1114000	1292
1116000	1342
1118000	1282
1120000	1273
1122000	1244
1124000	1250
1126000	1283
1128000	1275
1130000	1321
1132000	1337
1134000	1325
1136000	1327
1138000	1294
1140000	1251
1142000	1293
1144000	1279
1146000	1285
1148000	1251
1150000	1313
1152000	1370
1154000	1343
1156000	1267
1158000	1323
1160000	1242
1162000	1349
1164000	1256
1166000	1278
1168000	1248
1170000	1241
1172000	1275
1174000	1274
1176000	1332
1178000	1292
1180000	1271
1182000	1336
1184000	1299
1186000	1177
1188000	1319
1190000	1297
1192000	1292
1194000	1267
1196000	1326
1198000	1270
1200000	1270
1202000	1292
1204000	1378
1206000	1349
1208000	1381
1210000	1274
1212000	1301
1214000	1342
1216000	1289
1218000	1300
1220000	1283
1222000	1369
1224000	1243
1226000	1301
1228000	1314
1230000	1260
1232000	1295
1234000	1295
1236000	1265
1238000	1321
1240000	1266
1242000	1315
1244000	1330
1246000	1276
1248000	1311
1250000	1301
1252000	1302
1254000	1301
1256000	1360
1258000	1349
1260000	1342
1262000	1341
1264000	1329
1266000	1289
1268000	1312
1270000	1351
1272000	1249
1274000	1320
1276000	1296
1278000	1253
1280000	1306
1282000	1335
1284000	1227
1286000	1293
1288000	1313
1290000	1292
1292000	1298
1294000	1296
1296000	1289
1298000	1224
1300000	1263
1302000	1246
1304000	1252
1306000	1295
1308000	1282
1310000	1263
1312000	1223
1314000	1251
1316000	1248
1318000	1274
1320000	1309
1322000	1345
1324000	1321
1326000	1313
1328000	1336
1330000	1319
1332000	1327
1334000	1273
1336000	1296
1338000	1339
1340000	1347
1342000	1237
1344000	1310
1346000	1307
1348000	1286
1350000	1317
1352000	1237
1354000	1285
1356000	1296
1358000	1306
1360000	1276
1362000	1258
1364000	1317
1366000	1310
1368000	1303
1370000	1338
1372000	1347
1374000	1350
1376000	1272
1378000	1242
1380000	1239
1382000	1278
1384000	1254
1386000	1276
1388000	1242
1390000	1306
1392000	1329
1394000	1279
1396000	1315
1398000	1286
1400000	1305
1402000	1305
1404000	1287
1406000	1355
1408000	1270
1410000	1322
1412000	1245
1414000	1333
1416000	1348
1418000	1244
1420000	1411
1422000	1276
1424000	1321
1426000	1307
1428000	1314
1430000	1325
1432000	1300
1434000	1288
1436000	1293
1438000	1323
1440000	1291
1442000	1321
1444000	1314
1446000	1299
1448000	1384
1450000	1288
1452000	1302
1454000	1328
1456000	1311
1458000	1342
1460000	1293
1462000	1327
1464000	1246
1466000	1245
1468000	1345
1470000	1297
1472000	1330
1474000	1318
1476000	1328
1478000	1303
1480000	1306
1482000	1328
1484000	1315
1486000	1313
1488000	1378
1490000	1308
1492000	1243
1494000	1228
1496000	1300
1498000	1229
1500000	1267
1502000	1309
1504000	1284
1506000	1304
1508000	1253
1510000	1368
1512000	1229
1514000	1338
1516000	1331
1518000	1342
1520000	1267
1522000	1253
1524000	1297
1526000	1302
1528000	1236
1530000	1290
1532000	1300
1534000	1240
1536000	1300
1538000	1276
1540000	1276
1542000	1272
1544000	1308
1546000	1284
1548000	1338
1550000	1307
1552000	1301
1554000	1274
1556000	1267
1558000	1366
1560000	1313
1562000	1251
1564000	1249
1566000	1286
1568000	1315
1570000	1296
1572000	1260
1574000	1270
1576000	1288
1578000	1263
1580000	1305
1582000	1323
1584000	1230
1586000	1268
1588000	1250
1590000	1334
1592000	1332
1594000	1299
1596000	1249
1598000	1282
1600000	1298
1602000	1377
1604000	1357
1606000	1289
1608000	1331
1610000	1235
1612000	1299
1614000	1297
1616000	1315
1618000	1294
1620000	1325
1622000	1254
1624000	1332
1626000	1279
1628000	1303
1630000	1316
1632000	1342
1634000	1341
1636000	1324
1638000	1330
1640000	1315
1642000	1265
1644000	1249
1646000	1308
1648000	1335
1650000	1371
1652000	1393
1654000	1412
1656000	1367
1658000	1310
1660000	1360
1662000	1346
1664000	1324
1666000	1265
1668000	1322
1670000	1333
1672000	1329
1674000	1319
1676000	1296
1678000	1445
1680000	1295
1682000	1317
1684000	1372
1686000	1281
1688000	1300
1690000	1271
1692000	1349
1694000	1345
1696000	1323
1698000	1323
1700000	1305
1702000	1363
1704000	1270
1706000	1307
1708000	1334
1710000	1303
1712000	1303
1714000	1294
1716000	1339
1718000	1302
1720000	1233
1722000	1318
1724000	1385
1726000	1332
1728000	1276
1730000	1333
1732000	1291
1734000	1326
1736000	1269
1738000	1357
1740000	1343
1742000	1273
1744000	1345
1746000	1293
1748000	1273
1750000	1341
1752000	1240
1754000	1310
1756000	1326
1758000	1268
1760000	1282
1762000	1276
1764000	1276
1766000	1326
1768000	1259
1770000	1294
1772000	1314
1774000	1323
1776000	1298
1778000	1265
1780000	1291
1782000	1284
1784000	1257
1786000	1282
1788000	1286
1790000	1336
1792000	1362
1794000	1316
1796000	1293
1798000	1349
1800000	1315
1802000	1316
1804000	1321
1806000	1270
1808000	1297
1810000	1264
1812000	1343
1814000	1305
1816000	1280
1818000	1309
1820000	1229
1822000	1297
1824000	1315
1826000	1349
1828000	1297
1830000	1345
1832000	1301
1834000	1281
1836000	1278
1838000	1327
1840000	1259
1842000	1294
1844000	1293
1846000	1339
1848000	1309
1850000	1376
1852000	1297
1854000	1334
1856000	1322
1858000	1303
1860000	1309
1862000	1303
1864000	1267
1866000	1300
1868000	1306
1870000	1328
1872000	1262
1874000	1301
1876000	1348
1878000	1357
1880000	1357
1882000	1244
1884000	1277
1886000	1226
1888000	1289
1890000	1299
1892000	1301
1894000	1369
1896000	1295
1898000	1309
1900000	1299
1902000	1283
1904000	1310
1906000	1391
1908000	1396
1910000	1426
1912000	1441
1914000	1440
1916000	1462
1918000	1450
1920000	1444
1922000	1349
1924000	1328
1926000	1343
1928000	1381
1930000	1315
1932000	1372
1934000	1335
1936000	1344
1938000	1359
1940000	1341
1942000	1315
1944000	1290
1946000	1265
1948000	1364
1950000	1302
1952000	1327
1954000	1319
1956000	1345
1958000	1330
1960000	1340
1962000	1387
1964000	1314
1966000	1352
1968000	1370
1970000	1333
1972000	1332
1974000	1313
1976000	1268
1978000	1330
1980000	1394
1982000	1372
1984000	1311
1986000	1308
1988000	1279
1990000	1308
1992000	1322
1994000	1346
1996000	1286
1998000	1340
2000000	1329
2002000	1329
2004000	1282
2006000	1279
2008000	1333
2010000	1236
2012000	1268
2014000	1332
2016000	1300
2018000	1266
2020000	1375
2022000	1380
2024000	1248
2026000	1330
2028000	1282
2030000	1263
2032000	1306
2034000	1301
2036000	1336
2038000	1290
2040000	1338
2042000	1288
2044000	1283
2046000	1368
2048000	1350
2050000	1319
2052000	1340
2054000	1279
2056000	1279
2058000	1328
2060000	1325
2062000	1283
2064000	1261
2066000	1238
2068000	1269
2070000	1298
2072000	1279
2074000	1274
2076000	1298
2078000	1238
2080000	1269
2082000	1343
2084000	1269
2086000	1331
2088000	1363
2090000	1334
2092000	1278
2094000	1241
2096000	1288
2098000	1324
2100000	1279
2102000	1290
2104000	1355
2106000	1256
2108000	1265
2110000	1332
2112000	1246
2114000	1305
2116000	1283
2118000	1289
2120000	1302
2122000	1265
2124000	1333
2126000	1333
2128000	1273
2130000	1360
2132000	1275
2134000	1330
2136000	1331
2138000	1247
2140000	1271
2142000	1275
2144000	1273
2146000	1219
2148000	1244
2150000	1221
2152000	1329
2154000	1311
2156000	1321
2158000	1334
2160000	1273
2162000	1286
2164000	1297
2166000	1326
2168000	1220
2170000	1259
2172000	1240
2174000	1275
2176000	1282
2178000	1338
2180000	1286
2182000	1261
2184000	1253
2186000	1350
2188000	1393
2190000	1415
2192000	1402
2194000	1437
2196000	1470
2198000	1477
2200000	1449
2202000	1448
2204000	1460
2206000	1448
2208000	1397
2210000	1361
2212000	1374
2214000	1404
2216000	1362
2218000	1339
2220000	1396
2222000	1368
2224000	1386
2226000	1425
2228000	1375
2230000	1379
2232000	1436
2234000	1344
2236000	1386
2238000	1387
2240000	1379
2242000	1395
2244000	1355
2246000	1424
2248000	1399
2250000	1393
2252000	1328
2254000	1309
2256000	1367
2258000	1337
2260000	1328
2262000	1369
2264000	1344
2266000	1347
2268000	1276
2270000	1313
2272000	1346
2274000	1349
2276000	1315
2278000	1327
2280000	1395
2282000	1277
2284000	1375
2286000	1315
2288000	1376
2290000	1364
2292000	1366
2294000	1341
2296000	1300
2298000	1326
2300000	1260
2302000	1330
2304000	1269
2306000	1236
2308000	1259
2310000	1334
2312000	1305
2314000	1296
2316000	1285
2318000	1324
2320000	1287
2322000	1354
2324000	1322
2326000	1306
2328000	1315
2330000	1265
2332000	1230
2334000	1309
2336000	1279
2338000	1291
2340000	1258
2342000	1316
2344000	1375
2346000	1301
2348000	1270
2350000	1355
2352000	1313
2354000	1315
2356000	1320
2358000	1320
2360000	1298
2362000	1296
2364000	1335
2366000	1361
2368000	1317
2370000	1337
2372000	1271
2374000	1248
2376000	1267
2378000	1282
2380000	1335
2382000	1285
2384000	1244
2386000	1318
2388000	1389
2390000	1272
2392000	1338
2394000	1286
2396000	1310
2398000	1255
2400000	1328
2402000	1283
2404000	1279
2406000	1313
2408000	1284
2410000	1278
2412000	1286
2414000	1268
2416000	1256
2418000	1290
2420000	1262
2422000	1280
2424000	1261
2426000	1307
2428000	1338
2430000	1256
2432000	1276
2434000	1278
2436000	1296
2438000	1320
2440000	1353
2442000	1257
2444000	1369
2446000	1337
2448000	1253
2450000	1343
2452000	1347
2454000	1284
2456000	1278
2458000	1300
2460000	1376
2462000	1255
2464000	1311
2466000	1313
2468000	1252
2470000	1337
2472000	1292
2474000	1317
2476000	1268
2478000	1268
2480000	1272
2482000	1288
2484000	1297
2486000	1375
2488000	1426
2490000	1466
2492000	1489
2494000	1526
2496000	1441
2498000	1472
2500000	1519
2502000	1502
2504000	1484
2506000	1427
2508000	1476
2510000	1440
2512000	1467
2514000	1441
2516000	1347
2518000	1382
2520000	1419
2522000	1434
2524000	1405
2526000	1387
2528000	1358
2530000	1436
2532000	1463
2534000	1362
2536000	1393
2538000	1361
2540000	1391
2542000	1362
2544000	1329
2546000	1372
2548000	1387
2550000	1371
2552000	1376
2554000	1255
2556000	1372
2558000	1347
2560000	1377
2562000	1362
2564000	1311
2566000	1407
2568000	1378
2570000	1383
2572000	1356
2574000	1377
2576000	1397
2578000	1288
2580000	1323
2582000	1345
2584000	1284
2586000	1293
2588000	1345
2590000	1349
2592000	1356
2594000	1348
2596000	1364
2598000	1295
2600000	1298
2602000	1280
2604000	1236
2606000	1324
2608000	1250
2610000	1289
2612000	1327
2614000	1250
2616000	1356
2618000	1315
2620000	1327
2622000	1328
2624000	1287
2626000	1307
2628000	1252
2630000	1308
2632000	1299
2634000	1284
2636000	1323
2638000	1368
2640000	1265
2642000	1354
2644000	1305
2646000	1342
2648000	1261
2650000	1276
2652000	1308
2654000	1290
2656000	1398
2658000	1248
2660000	1248
2662000	1238
2664000	1282
2666000	1288
2668000	1278
2670000	1287
2672000	1246
2674000	1328
2676000	1278
2678000	1292
2680000	1288
2682000	1299
2684000	1295
2686000	1243
2688000	1274
2690000	1331
2692000	1304
2694000	1337
2696000	1322
2698000	1328
2700000	1270
2702000	1273
2704000	1240
2706000	1275
2708000	1341
2710000	1334
2712000	1242
2714000	1292
2716000	1276
2718000	1307
2720000	1342
2722000	1367
2724000	1318
2726000	1282
2728000	1284
2730000	1309
2732000	1337
2734000	1313
2736000	1282
2738000	1278
2740000	1248
2742000	1259
2744000	1252
2746000	1264
2748000	1308
2750000	1317
2752000	1252
2754000	1302
2756000	1265
2758000	1332
2760000	1292
2762000	1279
2764000	1270
2766000	1287
2768000	1275
2770000	1371
2772000	1318
2774000	1372
2776000	1265
2778000	1336
2780000	1288
2782000	1282
2784000	1302
2786000	1251
2788000	1327
2790000	1284
2792000	1303
2794000	1244
2796000	1262
2798000	1360
2800000	1269
2802000	1308
2804000	1202
2806000	1306
2808000	1427
2810000	1426
2812000	1525
2814000	1491
2816000	1460
2818000	1463
2820000	1477
2822000	1409
2824000	1423
2826000	1428
2828000	1478
2830000	1387
2832000	1488
2834000	1400
2836000	1420
2838000	1362
2840000	1364
2842000	1467
2844000	1455
2846000	1429
2848000	1435
2850000	1365
2852000	1436
2854000	1408
2856000	1344
2858000	1393
2860000	1350
2862000	1440
2864000	1332
2866000	1392
2868000	1375
2870000	1334
2872000	1374
2874000	1429
2876000	1301
2878000	1366
2880000	1340
2882000	1405
2884000	1385
2886000	1298
2888000	1332
2890000	1329
2892000	1376
2894000	1348
2896000	1314
2898000	1351
2900000	1385
2902000	1335
2904000	1324
2906000	1322
2908000	1343
2910000	1389
2912000	1373
2914000	1272
2916000	1252
2918000	1300
2920000	1405
2922000	1347
2924000	1331
2926000	1291
2928000	1342
2930000	1350
2932000	1345
2934000	1334
2936000	1360
2938000	1328
2940000	1327
2942000	1292
2944000	1301
2946000	1303
2948000	1307
2950000	1254
2952000	1329
2954000	1246
2956000	1330
2958000	1322
2960000	1363
2962000	1346
2964000	1361
2966000	1261
2968000	1256
2970000	1258
2972000	1232
2974000	1356
2976000	1354
2978000	1302
2980000	1297
2982000	1311
2984000	1302
2986000	1378
2988000	1270
2990000	1319
2992000	1339
2994000	1264
2996000	1317
2998000	1269
3000000	1356
3002000	1263
3004000	1312
3006000	1331
3008000	1296
3010000	1279
3012000	1344
3014000	1204
3016000	1309
3018000	1325
3020000	1313
3022000	1319
3024000	1326
3026000	1388
3028000	1294
3030000	1278
3032000	1311
3034000	1280
3036000	1330
3038000	1266
3040000	1274
3042000	1325
3044000	1290
3046000	1361
3048000	1287
3050000	1316
3052000	1301
3054000	1323
3056000	1288
3058000	1314
3060000	1289
3062000	1300
3064000	1290
3066000	1309
3068000	1292
3070000	1294
3072000	1276
3074000	1287
3076000	1277
3078000	1247
3080000	1297
3082000	1303
3084000	1335
3086000	1291
3088000	1296
3090000	1313
3092000	1318
3094000	1292
3096000	1277
3098000	1295
3100000	1337
3102000	1254
3104000	1270
3106000	1276
3108000	1327
3110000	1268
3112000	1346
3114000	1330
3116000	1295
3118000	1326
3120000	1288
3122000	1255
3124000	1290
3126000	1329
3128000	1247
3130000	1317
3132000	1369
3134000	1299
3136000	1273
3138000	1313
3140000	1302
3142000	1342
3144000	1159
3146000	1260
3148000	1359
3150000	1378
3152000	1473
3154000	1485
3156000	1481
3158000	1423
3160000	1374
3162000	1445
3164000	1435
3166000	1510
3168000	1397
3170000	1437
3172000	1440
3174000	1377
3176000	1426
3178000	1428
3180000	1334
3182000	1419
3184000	1396
3186000	1376
3188000	1386
3190000	1372
3192000	1464
3194000	1397
3196000	1407
3198000	1365
3200000	1359
3202000	1360
3204000	1262
3206000	1371
3208000	1335
3210000	1374
3212000	1396
3214000	1345
3216000	1319
3218000	1357
3220000	1321
3222000	1339
3224000	1355
3226000	1372
3228000	1464
3230000	1313
3232000	1404
3234000	1303
3236000	1318
3238000	1363
3240000	1318
3242000	1389
3244000	1362
3246000	1316
3248000	1267
3250000	1329
3252000	1350
3254000	1388
3256000	1375
3258000	1310
3260000	1330
3262000	1305
3264000	1273
3266000	1332
3268000	1334
3270000	1330
3272000	1385
3274000	1388
3276000	1281
3278000	1319
3280000	1355
3282000	1321
3284000	1336
3286000	1328
3288000	1278
3290000	1362
3292000	1363
3294000	1290
3296000	1263
3298000	1257
3300000	1283
3302000	1312
3304000	1254
3306000	1294
3308000	1395
3310000	1341
3312000	1270
3314000	1343
3316000	1245
3318000	1221
3320000	1255
3322000	1335
3324000	1260
3326000	1314
3328000	1300
3330000	1287
3332000	1301
3334000	1305
3336000	1253
3338000	1277
3340000	1217
3342000	1279
3344000	1349
3346000	1323
3348000	1334
3350000	1273
3352000	1329
3354000	1256
3356000	1279
3358000	1267
3360000	1293
3362000	1272
3364000	1366
3366000	1270
3368000	1372
3370000	1290
3372000	1227
3374000	1327
3376000	1328
3378000	1285
3380000	1345
3382000	1300
3384000	1228
3386000	1283
3388000	1246
3390000	1302
3392000	1306
3394000	1287
3396000	1245
3398000	1212
3400000	1282
3402000	1264
3404000	1202
3406000	1345
3408000	1285
3410000	1261
3412000	1331
3414000	1248
3416000	1286
3418000	1299
3420000	1234
3422000	1276
3424000	1349
3426000	1290
3428000	1297
3430000	1267
3432000	1276
3434000	1293
3436000	1346
3438000	1305
3440000	1263
3442000	1284
3444000	1219
3446000	1341
3448000	1221
3450000	1339
3452000	1350
3454000	1313
3456000	1285
3458000	1316
3460000	1279
3462000	1274
3464000	1294
3466000	1337
3468000	1363
3470000	1287
3472000	1255
3474000	1254
3476000	1259
3478000	1238
3480000	1289
3482000	1289
3484000	1274
3486000	1299
3488000	1293
3490000	1243
3492000	1316
3494000	1296
3496000	1313
3498000	1368
3500000	1363
3502000	1310
3504000	1231
3506000	1301
3508000	1355
3510000	1307
3512000	1387
3514000	1423
3516000	1390
3518000	1402
3520000	1416
3522000	1423
3524000	1398
3526000	1450
3528000	1402
3530000	1338
3532000	1399
3534000	1369
3536000	1451
3538000	1302
3540000	1341
3542000	1348
3544000	1417
3546000	1340
3548000	1357
3550000	1290
3552000	1368
3554000	1315
3556000	1333
3558000	1368
3560000	1320
3562000	1337
3564000	1323
3566000	1396
3568000	1351
3570000	1312
3572000	1440
3574000	1342
3576000	1297
3578000	1331
3580000	1326
3582000	1369
3584000	1368
3586000	1349
3588000	1307
3590000	1365
3592000	1308
3594000	1376
3596000	1292
3598000	1310
3600000	1337
3602000	1309
3604000	1327
3606000	1294
3608000	1334
3610000	1317
3612000	1327
3614000	1348
3616000	1317
3618000	1273
3620000	1307
3622000	1285
3624000	1366
3626000	1318
3628000	1252
3630000	1366
3632000	1290
3634000	1266
3636000	1324
3638000	1351
3640000	1306
3642000	1335
3644000	1380
3646000	1238
3648000	1275
3650000	1345
3652000	1326
3654000	1372
3656000	1229
3658000	1327
3660000	1290
3662000	1299
3664000	1300
3666000	1319
3668000	1376
3670000	1303
3672000	1319
3674000	1310
3676000	1309
3678000	1375
3680000	1309
3682000	1343
3684000	1295
3686000	1331
3688000	1297
3690000	1270
3692000	1273
3694000	1283
3696000	1325
3698000	1279
3700000	1277
3702000	1316
3704000	1313
3706000	1319
3708000	1297
3710000	1304
3712000	1254
3714000	1326
3716000	1288
3718000	1261
3720000	1306
3722000	1333
3724000	1244
3726000	1270
3728000	1295
3730000	1258
3732000	1332
3734000	1282
3736000	1272
3738000	1310
3740000	1312
3742000	1279
3744000	1292
3746000	1354
3748000	1303
3750000	1263
3752000	1272
3754000	1313
3756000	1269
3758000	1347
3760000	1292
3762000	1323
3764000	1325
3766000	1269
3768000	1283
3770000	1245
3772000	1293
3774000	1364
3776000	1244
3778000	1328
3780000	1276
3782000	1278
3784000	1375
3786000	1264
3788000	1331
3790000	1301
3792000	1253
3794000	1280
3796000	1248
3798000	1278
3800000	1232
3802000	1316
3804000	1273
3806000	1282
3808000	1298
3810000	1320
3812000	1291
3814000	1315
3816000	1366
3818000	1269
3820000	1285
3822000	1320
3824000	1260
3826000	1258
3828000	1296
3830000	1302
3832000	1256
3834000	1355
3836000	1312
3838000	1322
3840000	1299
3842000	1225
3844000	1278
3846000	1246
3848000	1323
3850000	1303
3852000	1311
3854000	1338
3856000	1407
3858000	1277
3860000	1290
3862000	1285
3864000	1254
3866000	1321
3868000	1286
3870000	1318
3872000	1345
3874000	1295
3876000	1315
3878000	1356
3880000	1234
3882000	1273
3884000	1213
3886000	1264
3888000	1337
3890000	1316
3892000	1343
3894000	1423
3896000	1329
3898000	1370
3900000	1415
3902000	1285
3904000	1349
3906000	1323
3908000	1334
3910000	1316
3912000	1317
3914000	1282
3916000	1365
3918000	1299
3920000	1273
3922000	1305
3924000	1301
3926000	1346
3928000	1334
3930000	1300
3932000	1350
3934000	1356
3936000	1346
3938000	1308
3940000	1267
3942000	1278
3944000	1324
3946000	1328
3948000	1321
3950000	1224
3952000	1297
3954000	1342
3956000	1343
3958000	1299
3960000	1288
3962000	1343
3964000	1272
3966000	1241
3968000	1316
3970000	1358
3972000	1327
3974000	1334
3976000	1350
3978000	1363
3980000	1301
3982000	1277
3984000	1266
3986000	1294
3988000	1353
3990000	1289
3992000	1276
3994000	1281
3996000	1359
3998000	1305
4000000	1279
4002000	1315
4004000	1285
4006000	1349
4008000	1341
4010000	1305
4012000	1308
4014000	1266
4016000	1264
4018000	1294
4020000	1344
4022000	1380
4024000	1282
4026000	1292
4028000	1271
4030000	1258
4032000	1316
4034000	1318
4036000	1333
4038000	1250
4040000	1294
4042000	1280
4044000	1271
4046000	1310
4048000	1330
4050000	1250
4052000	1232
4054000	1281
4056000	1305
4058000	1227
4060000	1226
4062000	1356
4064000	1300
4066000	1322
4068000	1289
4070000	1287
4072000	1275
4074000	1266
4076000	1264
4078000	1235
4080000	1288
4082000	1320
4084000	1297
4086000	1329
4088000	1259
4090000	1281
4092000	1247
4094000	1296
4096000	1263
4098000	1265
4100000	1314
4102000	1275
4104000	1298
4106000	1329
4108000	1333
4110000	1319
4112000	1290
4114000	1333
4116000	1334
4118000	1278
4120000	1327
4122000	1221
4124000	1287
4126000	1254
4128000	1291
4130000	1261
4132000	1245
4134000	1293
4136000	1295
4138000	1267
4140000	1316
4142000	1295
4144000	1254
4146000	1271
4148000	1265
4150000	1316
4152000	1279
4154000	1220
4156000	1294
4158000	1362
4160000	1340
4162000	1284
4164000	1335
4166000	1281
4168000	1292
4170000	1333
4172000	1232
4174000	1322
4176000	1270
4178000	1243
4180000	1271
4182000	1280
4184000	1297
4186000	1289
4188000	1343
4190000	1365
4192000	1316
4194000	1344
4196000	1321
4198000	1268
4200000	1311
4202000	1311
4204000	1286
4206000	1309
4208000	1295
4210000	1300
4212000	1258
4214000	1359
4216000	1281
4218000	1328
4220000	1319
4222000	1266
4224000	1218
4226000	1300
4228000	1272
4230000	1311
4232000	1340
4234000	1278
4236000	1228
4238000	1318
4240000	1318
4242000	1235
4244000	1310
4246000	1298
4248000	1290
4250000	1266
4252000	1355
4254000	1301
4256000	1269
4258000	1262
4260000	1281
4262000	1326
4264000	1334
4266000	1301
4268000	1267
4270000	1332
4272000	1258
4274000	1316
4276000	1278
4278000	1249
4280000	1346
4282000	1274
4284000	1259
4286000	1219
4288000	1337
4290000	1284
4292000	1294
4294000	1291
4296000	1291
4298000	1302
4300000	1230
4302000	1360
4304000	1260
4306000	1272
4308000	1273
4310000	1281
4312000	1229
4314000	1285
4316000	1291
4318000	1244
4320000	1279
4322000	1316
4324000	1345
4326000	1251
4328000	1299
4330000	1315
4332000	1282
4334000	1281
4336000	1277
4338000	1328
4340000	1255
4342000	1293
4344000	1286
4346000	1296
4348000	1255
4350000	1262
4352000	1325
4354000	1334
4356000	1254
4358000	1276
4360000	1268
4362000	1296
4364000	1315
4366000	1272
4368000	1339
4370000	1320
4372000	1337
4374000	1308
4376000	1310
4378000	1373
4380000	1246
4382000	1270
4384000	1305
4386000	1288
4388000	1292
4390000	1241
4392000	1317
4394000	1305
4396000	1303
4398000	1263
4400000	1317
4402000	1303
4404000	1201
4406000	1290
4408000	1270
4410000	1289
4412000	1289
4414000	1333
4416000	1287
4418000	1334
4420000	1295
4422000	1262
4424000	1301
4426000	1266
4428000	1356
4430000	1239
4432000	1239
4434000	1264
4436000	1284
4438000	1327
4440000	1193
4442000	1299
4444000	1302
4446000	1337
4448000	1296
4450000	1245
4452000	1285
4454000	1271
4456000	1261
4458000	1308
4460000	1339
4462000	1297
4464000	1322
4466000	1235
4468000	1294
4470000	1324
4472000	1285
4474000	1219
4476000	1330
4478000	1295
4480000	1250
4482000	1300
4484000	1310
4486000	1296
4488000	1339
4490000	1292
4492000	1291
4494000	1312
4496000	1295
4498000	1294
4500000	1325
4502000	1297
4504000	1303
4506000	1292
4508000	1230
4510000	1310
4512000	1350
4514000	1285
4516000	1247
4518000	1356
4520000	1296
4522000	1236
4524000	1329
4526000	1207
4528000	1282
4530000	1284
4532000	1307
4534000	1316
4536000	1274
4538000	1250
4540000	1299
4542000	1318
4544000	1287
4546000	1253
4548000	1240
4550000	1275
4552000	1350
4554000	1334
4556000	1318
4558000	1336
4560000	1315
4562000	1222
4564000	1249
4566000	1360
4568000	1271
4570000	1311
4572000	1304
4574000	1280
4576000	1319
4578000	1260
4580000	1376
4582000	1258
4584000	1291
4586000	1228
4588000	1302
4590000	1280
4592000	1274
4594000	1276
4596000	1191
4598000	1315
4600000	1285
4602000	1254
4604000	1245
4606000	1247
4608000	1279
4610000	1293
4612000	1296
4614000	1233
4616000	1292
4618000	1317
4620000	1247
4622000	1270
4624000	1337
4626000	1288
4628000	1288
4630000	1235
4632000	1302
4634000	1287
4636000	1281
4638000	1248
4640000	1272
4642000	1292
4644000	1307
4646000	1255
4648000	1317
4650000	1257
4652000	1262
4654000	1267
4656000	1307
4658000	1274
4660000	1285
4662000	1344
4664000	1281
4666000	1305
4668000	1273
4670000	1348
4672000	1242
4674000	1289
4676000	1350
4678000	1277
4680000	1225
4682000	1340
4684000	1277
4686000	1289
4688000	1294
4690000	1338
4692000	1337
4694000	1264
4696000	1339
4698000	1244
4700000	1258
4702000	1291
4704000	1264
4706000	1280
4708000	1315
4710000	1269
4712000	1247
4714000	1281
4716000	1340
4718000	1299
4720000	1345
4722000	1232
4724000	1279
4726000	1338
4728000	1259
4730000	1308
4732000	1269
4734000	1270
4736000	1270
4738000	1258
4740000	1351
4742000	1311
4744000	1250
4746000	1282
4748000	1284
4750000	1239
4752000	1218
4754000	1270
4756000	1338
4758000	1274
4760000	1230
4762000	1274
4764000	1277
4766000	1280
4768000	1324
4770000	1210
4772000	1295
4774000	1312
4776000	1357
4778000	1348
4780000	1264
4782000	1250
4784000	1285
4786000	1351
4788000	1288
4790000	1314
4792000	1300
4794000	1232
4796000	1283
4798000	1329
4800000	1294
4802000	1240
4804000	1266
4806000	1367
4808000	1261
4810000	1285
4812000	1330
4814000	1297
4816000	1294
4818000	1313
4820000	1241
4822000	1259
4824000	1305
4826000	1354
4828000	1310
4830000	1260
4832000	1303
4834000	1312
4836000	1279
4838000	1289
4840000	1362
4842000	1307
4844000	1317
4846000	1277
4848000	1268
4850000	1226
4852000	1296
4854000	1326
4856000	1349
4858000	1239
4860000	1332
4862000	1287
4864000	1294
4866000	1328
4868000	1267
4870000	1326
4872000	1268
4874000	1229
4876000	1303
4878000	1288
4880000	1270
4882000	1287
4884000	1263
4886000	1340
4888000	1250
4890000	1208
4892000	1320
4894000	1322
4896000	1317
4898000	1273
4900000	1296
4902000	1296
4904000	1292
4906000	1283
4908000	1257
4910000	1263
4912000	1207
4914000	1260
4916000	1328
4918000	1279
4920000	1273
4922000	1253
4924000	1276
4926000	1288
4928000	1310
4930000	1244
4932000	1261
4934000	1316
4936000	1216
4938000	1292
4940000	1273
4942000	1294
4944000	1294
4946000	1270
4948000	1307
4950000	1261
4952000	1276
4954000	1241
4956000	1329
4958000	1261
4960000	1322
4962000	1326
4964000	1296
4966000	1303
4968000	1235
4970000	1327
4972000	1290
4974000	1246
4976000	1323
4978000	1217
4980000	1265
4982000	1297
4984000	1347
4986000	1296
4988000	1329
4990000	1292
4992000	1303
4994000	1276
4996000	1363
4998000	1300
5000000	1274
5002000	1289
5004000	1297
5006000	1299
5008000	1288
5010000	1313
5012000	1341
5014000	1273
5016000	1252
5018000	1256
5020000	1313
5022000	1288
5024000	1321
5026000	1263
5028000	1336
5030000	1253
5032000	1333
5034000	1309
5036000	1289
5038000	1287
5040000	1298
5042000	1271
5044000	1360
5046000	1297
5048000	1232
5050000	1324
5052000	1236
5054000	1351
5056000	1292
5058000	1365
5060000	1325
5062000	1265
5064000	1272
5066000	1223
5068000	1258
5070000	1340
5072000	1261
5074000	1331
5076000	1271
5078000	1294
5080000	1221
5082000	1356
5084000	1233
5086000	1277
5088000	1236
5090000	1218
5092000	1263
5094000	1283
5096000	1281
5098000	1250
5100000	1278
5102000	1286
5104000	1319
5106000	1273
5108000	1271
5110000	1277
5112000	1284
5114000	1318
5116000	1275
5118000	1334
5120000	1293
5122000	1293
5124000	1265
5126000	1227
5128000	1274
5130000	1315
5132000	1307
5134000	1262
5136000	1349
5138000	1248
5140000	1366
5142000	1257
5144000	1258
5146000	1361
5148000	1300
5150000	1305
5152000	1385
5154000	1299
5156000	1315
5158000	1349
5160000	1287
5162000	1364
5164000	1244
5166000	1319
5168000	1324
5170000	1304
5172000	1316
5174000	1276
5176000	1251
5178000	1256
5180000	1322
5182000	1290
5184000	1257
5186000	1331
5188000	1315
5190000	1287
5192000	1246
5194000	1285
5196000	1299
5198000	1327
5200000	1239
5202000	1303
5204000	1287
5206000	1305
5208000	1341
5210000	1322
5212000	1337
5214000	1297
5216000	1346
5218000	1304
5220000	1303
5222000	1320
5224000	1321
5226000	1278
5228000	1254
5230000	1283
5232000	1320
5234000	1262
5236000	1293
5238000	1359
5240000	1337
5242000	1352
5244000	1254
5246000	1347
5248000	1325
5250000	1266
5252000	1298
5254000	1276
5256000	1306
5258000	1287
5260000	1313
5262000	1279
5264000	1264
5266000	1303
5268000	1282
5270000	1301
5272000	1295
5274000	1321
5276000	1304
5278000	1324
5280000	1272
5282000	1329
5284000	1343
5286000	1258
5288000	1317
5290000	1354
5292000	1322
5294000	1302
5296000	1279
5298000	1310
5300000	1301
5302000	1249
5304000	1292
5306000	1316
5308000	1296
5310000	1289
5312000	1227
5314000	1320
5316000	1311
5318000	1325
5320000	1224
5322000	1320
5324000	1328
5326000	1292
5328000	1288
5330000	1295
5332000	1320
5334000	1223
5336000	1261
5338000	1233
5340000	1269
5342000	1335
5344000	1245
5346000	1285
5348000	1301
5350000	1274
5352000	1326
5354000	1268
5356000	1239
5358000	1275
5360000	1279
5362000	1305
5364000	1291
5366000	1290
5368000	1316
5370000	1275
5372000	1336
5374000	1222
5376000	1216
5378000	1278
5380000	1338
5382000	1259
5384000	1313
5386000	1277
5388000	1322
5390000	1295
5392000	1264
5394000	1342
5396000	1255
5398000	1295
5400000	1304
5402000	1289
5404000	1256
5406000	1256
5408000	1309
5410000	1347
5412000	1277
5414000	1227
5416000	1365
5418000	1316
5420000	1341
5422000	1243
5424000	1282
5426000	1285
5428000	1264
5430000	1327
5432000	1244
5434000	1294
5436000	1257
5438000	1237
5440000	1290
5442000	1244
5444000	1291
5446000	1293
5448000	1310
5450000	1274
5452000	1271
5454000	1275
5456000	1327
5458000	1307
5460000	1337
5462000	1266
5464000	1271
5466000	1314
5468000	1314
5470000	1299
5472000	1313
5474000	1292
5476000	1292
5478000	1276
5480000	1308
5482000	1261
5484000	1281
5486000	1273
5488000	1291
5490000	1300
5492000	1247
5494000	1283
5496000	1323
5498000	1276
5500000	1294
5502000	1317
5504000	1299
5506000	1261
5508000	1216
5510000	1271
5512000	1355
5514000	1309
5516000	1281
5518000	1233
5520000	1281
5522000	1232
5524000	1246
5526000	1309
5528000	1298
5530000	1212
5532000	1248
5534000	1252
5536000	1257
5538000	1332
5540000	1259
5542000	1248
5544000	1222
5546000	1277
5548000	1238
5550000	1320
5552000	1308
5554000	1236
5556000	1229
5558000	1279
5560000	1299
5562000	1367
5564000	1271
5566000	1263
5568000	1274
5570000	1214
5572000	1266
5574000	1263
5576000	1275
5578000	1266
5580000	1213
5582000	1237
5584000	1311
5586000	1265
5588000	1359
5590000	1234
5592000	1354
5594000	1285
5596000	1290
5598000	1308
5600000	1355
5602000	1262
5604000	1318
5606000	1371
5608000	1362
5610000	1338
5612000	1299
5614000	1366
5616000	1328
5618000	1348
5620000	1391
5622000	1337
5624000	1395
5626000	1329
5628000	1329
5630000	1380
5632000	1311
5634000	1320
5636000	1436
5638000	1331
5640000	1348
5642000	1358
5644000	1373
5646000	1386
5648000	1351
5650000	1325
5652000	1251
5654000	1273
5656000	1290
5658000	1314
5660000	1388
5662000	1337
5664000	1307
5666000	1345
5668000	1312
5670000	1348
5672000	1326
5674000	1308
5676000	1309
5678000	1346
5680000	1318
5682000	1272
5684000	1333
5686000	1313
5688000	1287
5690000	1254
5692000	1249
5694000	1335
5696000	1261
5698000	1293
5700000	1272
5702000	1303
5704000	1248
5706000	1264
5708000	1251
5710000	1340
5712000	1277
5714000	1313
5716000	1380
5718000	1304
5720000	1311
5722000	1273
5724000	1387
5726000	1411
5728000	1345
5730000	1302
5732000	1227
5734000	1298
5736000	1289
5738000	1348
5740000	1304
5742000	1250
5744000	1360
5746000	1304
5748000	1300
5750000	1321
5752000	1305
5754000	1313
5756000	1273
5758000	1343
5760000	1341
5762000	1287
5764000	1297
5766000	1340
5768000	1274
5770000	1343
5772000	1290
5774000	1304
5776000	1308
5778000	1267
5780000	1327
5782000	1254
5784000	1270
5786000	1307
5788000	1277
5790000	1342
5792000	1318
5794000	1325
5796000	1280
5798000	1306
5800000	1308
5802000	1238
5804000	1304
5806000	1237
5808000	1273
5810000	1341
5812000	1324
5814000	1247
5816000	1299
5818000	1342
5820000	1255
5822000	1322
5824000	1291
5826000	1316
5828000	1221
5830000	1334
5832000	1273
5834000	1291
5836000	1302
5838000	1248
5840000	1330
5842000	1329
5844000	1261
5846000	1395
5848000	1318
5850000	1282
5852000	1267
5854000	1346
5856000	1357
5858000	1253
5860000	1331
5862000	1321
5864000	1428
5866000	1290
5868000	1286
5870000	1270
5872000	1293
5874000	1293
5876000	1255
5878000	1304
5880000	1289
5882000	1266
5884000	1331
5886000	1296
5888000	1334
5890000	1286
5892000	1287
5894000	1292
5896000	1282
5898000	1296
5900000	1329
5902000	1305
5904000	1255
5906000	1273
5908000	1257
5910000	1361
5912000	1342
5914000	1295
5916000	1285
5918000	1243
5920000	1274
5922000	1253
5924000	1304
5926000	1311
5928000	1310
5930000	1322
5932000	1264
5934000	1332
5936000	1304
5938000	1252
5940000	1298
5942000	1219
5944000	1301
5946000	1281
5948000	1302
5950000	1295
5952000	1332
5954000	1258
5956000	1320
5958000	1227
5960000	1323
5962000	1278
5964000	1353
5966000	1310
5968000	1242
5970000	1329
5972000	1257
5974000	1330
5976000	1265
5978000	1297
5980000	1305
5982000	1247
5984000	1244
5986000	1274
5988000	1272
5990000	1303
5992000	1282
5994000	1292
5996000	1282
5998000	1328
6000000	1273
6002000	1306
6004000	1320
6006000	1246
6008000	1317
6010000	1271
6012000	1301
6014000	1275
6016000	1261
6018000	1272
6020000	1287
6022000	1338
6024000	1266
6026000	1308
6028000	1279
6030000	1194
6032000	1300
6034000	1313
6036000	1326
6038000	1292
6040000	1275
6042000	1239
6044000	1323
6046000	1267
6048000	1255
6050000	1255
6052000	1302
6054000	1285
6056000	1335
6058000	1250
6060000	1341
6062000	1318
6064000	1302
6066000	1281
6068000	1263
6070000	1263
6072000	1311
6074000	1265
6076000	1275
6078000	1294
6080000	1241
6082000	1273
6084000	1266
6086000	1284
6088000	1428
6090000	1444
6092000	1427
6094000	1400
6096000	1465
6098000	1414
6100000	1467
6102000	1456
6104000	1386
6106000	1378
6108000	1402
6110000	1414
6112000	1390
6114000	1373
6116000	1401
6118000	1385
6120000	1397
6122000	1369
6124000	1390
6126000	1427
6128000	1307
6130000	1376
6132000	1410
6134000	1356
6136000	1346
6138000	1330
6140000	1269
6142000	1326
6144000	1379
6146000	1346
6148000	1386
6150000	1361
6152000	1393
6154000	1319
6156000	1311
6158000	1332
6160000	1297
6162000	1355
6164000	1292
6166000	1337
6168000	1443
6170000	1362
6172000	1328
6174000	1420
6176000	1287
6178000	1319
6180000	1333
6182000	1385
6184000	1386
6186000	1387
6188000	1332
6190000	1335
6192000	1393
6194000	1290
6196000	1287
6198000	1315
6200000	1352
6202000	1335
6204000	1334
6206000	1301
6208000	1281
6210000	1293
6212000	1267
6214000	1326
6216000	1320
6218000	1388
6220000	1288
6222000	1245
6224000	1342
6226000	1293
6228000	1291
6230000	1262
6232000	1330
6234000	1307
6236000	1326
6238000	1344
6240000	1318
6242000	1321
6244000	1248
6246000	1349
6248000	1251
6250000	1233
6252000	1351
6254000	1353
6256000	1238
6258000	1268
6260000	1286
6262000	1292
6264000	1296
6266000	1326
6268000	1340
6270000	1282
6272000	1268
6274000	1330
6276000	1244
6278000	1348
6280000	1310
6282000	1346
6284000	1383
6286000	1244
6288000	1294
6290000	1369
6292000	1229
6294000	1304
6296000	1244
6298000	1260
6300000	1297
6302000	1340
6304000	1347
6306000	1337
6308000	1320
6310000	1254
6312000	1362
6314000	1270
6316000	1252
6318000	1356
6320000	1234
6322000	1322
6324000	1312
6326000	1295
6328000	1228
6330000	1329
6332000	1318
6334000	1250
6336000	1324
6338000	1321
6340000	1335
6342000	1265
6344000	1348
6346000	1381
6348000	1262
6350000	1259
6352000	1248
6354000	1321
6356000	1322
6358000	1300
6360000	1252
6362000	1245
6364000	1263
6366000	1296
6368000	1205
6370000	1352
6372000	1333
6374000	1279
6376000	1332
6378000	1278
6380000	1256
6382000	1254
6384000	1242
6386000	1268
6388000	1310
6390000	1301
6392000	1281
6394000	1303
6396000	1216
6398000	1286
6400000	1306
6402000	1298
6404000	1257
6406000	1296
6408000	1340
6410000	1315
6412000	1276
6414000	1306
6416000	1276
6418000	1248
6420000	1254
6422000	1285
6424000	1368
6426000	1313
6428000	1274
6430000	1297
6432000	1318
6434000	1289
6436000	1240
6438000	1275
6440000	1271
6442000	1273
6444000	1270
6446000	1265
6448000	1289
6450000	1314
6452000	1283
6454000	1237
6456000	1250
6458000	1286
6460000	1269
6462000	1313
6464000	1288
6466000	1238
6468000	1266
6470000	1290
6472000	1278
6474000	1273
6476000	1270
6478000	1296
6480000	1308
6482000	1292
6484000	1297
6486000	1287
6488000	1305
6490000	1279
6492000	1284
6494000	1331
6496000	1361
6498000	1296
6500000	1282
6502000	1267
6504000	1358
6506000	1326
6508000	1226
6510000	1237
6512000	1347
6514000	1295
6516000	1262
6518000	1281
6520000	1301
6522000	1316
6524000	1266
6526000	1306
6528000	1284
6530000	1279
6532000	1261
6534000	1310
6536000	1352
6538000	1296
6540000	1379
6542000	1348
6544000	1304
6546000	1261
6548000	1268
6550000	1238
6552000	1274
6554000	1250
6556000	1281
6558000	1293
6560000	1325
6562000	1312
6564000	1367
6566000	1311
6568000	1310
6570000	1279
6572000	1300
6574000	1322
6576000	1308
6578000	1327
6580000	1290
6582000	1203
6584000	1261
6586000	1402
6588000	1361
6590000	1391
6592000	1453
6594000	1460
6596000	1434
6598000	1508
6600000	1533
6602000	1403
6604000	1501
6606000	1468
6608000	1449
6610000	1435
6612000	1392
6614000	1410
6616000	1472
6618000	1396
6620000	1428
6622000	1359
6624000	1407
6626000	1448
6628000	1475
6630000	1420
6632000	1374
6634000	1388
6636000	1359
6638000	1386
6640000	1405
6642000	1377
6644000	1346
6646000	1417
6648000	1360
6650000	1343
6652000	1314
6654000	1382
6656000	1339
6658000	1411
6660000	1370
6662000	1338
6664000	1354
6666000	1327
6668000	1372
6670000	1396
6672000	1313
6674000	1376
6676000	1348
6678000	1336
6680000	1279
6682000	1364
6684000	1333
6686000	1381
6688000	1342
6690000	1268
6692000	1311
6694000	1331
6696000	1280
6698000	1303
6700000	1338
6702000	1331
6704000	1349
6706000	1293
6708000	1340
6710000	1289
6712000	1344
6714000	1249
6716000	1281
6718000	1343
6720000	1252
6722000	1320
6724000	1349
6726000	1266
6728000	1297
6730000	1251
6732000	1306
6734000	1396
6736000	1367
6738000	1353
6740000	1296
6742000	1228
6744000	1231
6746000	1278
6748000	1344
6750000	1286
6752000	1311
6754000	1282
6756000	1271
6758000	1259
6760000	1372
6762000	1285
6764000	1347
6766000	1294
6768000	1333
6770000	1335
6772000	1286
6774000	1353
6776000	1316
6778000	1286
6780000	1241
6782000	1271
6784000	1288
6786000	1246
6788000	1252
6790000	1263
6792000	1260
6794000	1292
6796000	1367
6798000	1301
6800000	1310
6802000	1381
6804000	1275
6806000	1324
6808000	1317
6810000	1329
6812000	1324
6814000	1249
6816000	1285
6818000	1242
6820000	1208
6822000	1311
6824000	1308
6826000	1290
6828000	1297
6830000	1294
6832000	1346
6834000	1285
6836000	1285
6838000	1289
6840000	1262
6842000	1249
6844000	1333
6846000	1252
6848000	1297
6850000	1260
6852000	1274
6854000	1320
6856000	1308
6858000	1317
6860000	1292
6862000	1291
6864000	1347
6866000	1218
6868000	1237
6870000	1277
6872000	1341
6874000	1268
6876000	1243
6878000	1293
6880000	1325
6882000	1255
6884000	1199
6886000	1269
6888000	1294
6890000	1249
6892000	1297
6894000	1341
6896000	1284
6898000	1245
6900000	1297
6902000	1259
6904000	1301
6906000	1288
6908000	1235
6910000	1291
6912000	1324
6914000	1331
6916000	1290
6918000	1252
6920000	1328
6922000	1346
6924000	1244
6926000	1306
6928000	1317
6930000	1256
6932000	1283
6934000	1243
6936000	1216
6938000	1279
6940000	1274
6942000	1267
6944000	1283
6946000	1238
6948000	1286
6950000	1328
6952000	1255
6954000	1321
6956000	1321
6958000	1349
6960000	1295
6962000	1281
6964000	1312
6966000	1275
6968000	1304
6970000	1304
6972000	1254
6974000	1267
6976000	1297
6978000	1213
6980000	1267
6982000	1276
6984000	1228
6986000	1314
6988000	1341
6990000	1247
6992000	1253
6994000	1283
6996000	1288
6998000	1300
7000000	1308
7002000	1298
7004000	1320
7006000	1248
7008000	1297
7010000	1316
7012000	1282
7014000	1304
7016000	1355
7018000	1294
7020000	1335
7022000	1306
7024000	1324
7026000	1308
7028000	1296
7030000	1333
7032000	1238
7034000	1240
7036000	1293
7038000	1258
7040000	1333
7042000	1313
7044000	1290
7046000	1356
7048000	1310
7050000	1310
7052000	1295
7054000	1284
7056000	1303
7058000	1297
7060000	1280
7062000	1314
7064000	1337
7066000	1244
7068000	1306
7070000	1321
7072000	1267
7074000	1313
7076000	1313
7078000	1283
7080000	1239
7082000	1304
7084000	1290
7086000	1331
7088000	1304
7090000	1209
7092000	1358
7094000	1295
7096000	1305
7098000	1255
7100000	1320
7102000	1288
7104000	1211
7106000	1315
7108000	1409
7110000	1510
7112000	1434
7114000	1447
7116000	1478
7118000	1433
7120000	1434
7122000	1530
7124000	1476
7126000	1517
7128000	1452
7130000	1468
7132000	1429
7134000	1456
7136000	1449
7138000	1450
7140000	1421
7142000	1516
7144000	1475
7146000	1478
7148000	1416
7150000	1366
7152000	1387
7154000	1352
7156000	1424
7158000	1466
7160000	1393
7162000	1385
7164000	1461
7166000	1391
7168000	1355
7170000	1406
7172000	1344
7174000	1364
7176000	1372
7178000	1388
7180000	1378
7182000	1381
7184000	1372
7186000	1353
7188000	1343
7190000	1348
7192000	1293
7194000	1310
7196000	1306
7198000	1356
7200000	1361
7202000	1298
7204000	1321
7206000	1329
7208000	1380
7210000	1302
7212000	1302
7214000	1383
7216000	1248
7218000	1349
7220000	1333
7222000	1335
7224000	1356
7226000	1370
7228000	1319
7230000	1293
7232000	1351
7234000	1363
7236000	1271
7238000	1281
7240000	1317
7242000	1367
7244000	1285
7246000	1296
7248000	1351
7250000	1320
7252000	1311
7254000	1339
7256000	1239
7258000	1379
7260000	1313
7262000	1336
7264000	1287
7266000	1324
7268000	1357
7270000	1332
7272000	1281
7274000	1256
7276000	1360
7278000	1330
7280000	1293
7282000	1323
7284000	1275
7286000	1283
7288000	1263
7290000	1413
7292000	1308
7294000	1303
7296000	1272
7298000	1278
7300000	1286
7302000	1295
7304000	1235
7306000	1308
7308000	1270
7310000	1304
7312000	1280
7314000	1249
7316000	1269
7318000	1275
7320000	1226
7322000	1327
7324000	1345
7326000	1296
7328000	1258
7330000	1310
7332000	1292
7334000	1341
7336000	1381
7338000	1309
7340000	1333
7342000	1241
7344000	1261
7346000	1247
7348000	1325
7350000	1339
7352000	1307
7354000	1307
7356000	1314
7358000	1241
7360000	1358
7362000	1189
7364000	1283
7366000	1261
7368000	1187
7370000	1204
7372000	1338
7374000	1286
7376000	1247
7378000	1264
7380000	1249
7382000	1277
7384000	1329
7386000	1349
7388000	1334
7390000	1322
7392000	1325
7394000	1280
7396000	1362
7398000	1263
7400000	1251
7402000	1332
7404000	1284
7406000	1309
7408000	1377
7410000	1332
7412000	1258
7414000	1306
7416000	1239
7418000	1294
7420000	1300
7422000	1321
7424000	1312
7426000	1305
7428000	1212
7430000	1292
7432000	1271
7434000	1318
7436000	1308
7438000	1309
7440000	1249
7442000	1290
7444000	1292
7446000	1315
7448000	1242
7450000	1233
7452000	1198
7454000	1311
7456000	1335
7458000	1274
7460000	1280
7462000	1302
7464000	1311
7466000	1264
7468000	1299
7470000	1286
7472000	1333
7474000	1307
7476000	1339
7478000	1268
7480000	1330
7482000	1264
7484000	1254
7486000	1284
7488000	1319
7490000	1267
7492000	1272
7494000	1230
7496000	1278
7498000	1296
7500000	1252
7502000	1321
7504000	1240
7506000	1314
7508000	1305
7510000	1314
7512000	1259
7514000	1303
7516000	1282
7518000	1283
7520000	1197
7522000	1268
7524000	1265
7526000	1347
7528000	1266
7530000	1311
7532000	1308
7534000	1285
7536000	1267
7538000	1299
7540000	1294
7542000	1237
7544000	1323
7546000	1288
7548000	1263
7550000	1307
7552000	1243
7554000	1361
7556000	1262
7558000	1323
7560000	1288
7562000	1308
7564000	1273
7566000	1277
7568000	1292
7570000	1281
7572000	1294
7574000	1278
7576000	1256
7578000	1283
7580000	1324
7582000	1280
7584000	1258
7586000	1320
7588000	1211
7590000	1288
7592000	1296
7594000	1371
7596000	1268
7598000	1312
7600000	1297
7602000	1287
7604000	1308
7606000	1346
7608000	1281
7610000	1280
7612000	1278
7614000	1329
7616000	1308
7618000	1257
7620000	1321
7622000	1238
7624000	1285
7626000	1263
7628000	1349
7630000	1278
7632000	1262
7634000	1330
7636000	1246
7638000	1335
7640000	1326
7642000	1283
7644000	1257
7646000	1288
7648000	1439
7650000	1404
7652000	1524
7654000	1460
7656000	1531
7658000	1408
7660000	1462
7662000	1464
7664000	1419
7666000	1422
7668000	1515
7670000	1419
7672000	1472
7674000	1444
7676000	1424
7678000	1424
7680000	1439
7682000	1392
7684000	1335
7686000	1387
7688000	1388
7690000	1430
7692000	1415
7694000	1408
7696000	1416
7698000	1498
7700000	1401
7702000	1406
7704000	1401
7706000	1434
7708000	1369
7710000	1352
7712000	1397
7714000	1346
7716000	1392
7718000	1390
7720000	1375
7722000	1426
7724000	1379
7726000	1331
7728000	1342
7730000	1389
7732000	1423
7734000	1422
7736000	1368
7738000	1328
7740000	1323
7742000	1398
7744000	1382
7746000	1314
7748000	1350
7750000	1291
7752000	1332
7754000	1298
7756000	1353
7758000	1270
7760000	1262
7762000	1385
7764000	1316
7766000	1333
7768000	1353
7770000	1341
7772000	1246
7774000	1361
7776000	1307
7778000	1310
7780000	1346
7782000	1335
7784000	1283
7786000	1396
7788000	1347
7790000	1348
7792000	1334
7794000	1314
7796000	1294
7798000	1342
7800000	1271
7802000	1392
7804000	1347
7806000	1315
7808000	1293
7810000	1346
7812000	1294
7814000	1369
7816000	1267
7818000	1233
7820000	1292
7822000	1326
7824000	1257
7826000	1344
7828000	1311
7830000	1341
7832000	1319
7834000	1340
7836000	1288
7838000	1309
7840000	1275
7842000	1231
7844000	1317
7846000	1264
7848000	1330
7850000	1322
7852000	1313
7854000	1234
7856000	1349
7858000	1331
7860000	1270
7862000	1297
7864000	1271
7866000	1332
7868000	1278
7870000	1287
7872000	1235
7874000	1354
7876000	1232
7878000	1285
7880000	1251
7882000	1266
7884000	1253
7886000	1240
7888000	1235
7890000	1284
7892000	1306
7894000	1299
7896000	1257
7898000	1341
7900000	1257
7902000	1312
7904000	1321
7906000	1273
7908000	1273
7910000	1339
7912000	1257
7914000	1269
7916000	1266
7918000	1183
7920000	1265
7922000	1252
7924000	1238
7926000	1309
7928000	1303
7930000	1280
7932000	1248
7934000	1324
7936000	1317
7938000	1311
7940000	1376
7942000	1314
7944000	1343
7946000	1314
7948000	1224
7950000	1238
7952000	1300
7954000	1287
7956000	1290
7958000	1297
7960000	1254
7962000	1280
7964000	1310
7966000	1232
7968000	1301
7970000	1276
7972000	1269
7974000	1238
7976000	1314
7978000	1276
7980000	1297
7982000	1298
7984000	1250
7986000	1282
7988000	1289
7990000	1324
7992000	1337
7994000	1281
7996000	1352
7998000	1296
