#Saved Data from the class wavemeter_logger_logic on 22.11.2022 at 14h14m06s.
#
#Parameters:
#===========
#
#Start Time (s): 22.11.2022 14h:13min:33s
#Stop Time (s): 22.11.2022 14h:14min:06s
#
#Data:
#=====
#Measurement Time (s)	Signal (counts/s)	Interpolated Wavelength (nm)
1.997089385986e-02	2.150000000000e+03	7.370756024087e+02
4.004788398743e-02	2.300000000000e+03	7.370756024087e+02
6.012010574341e-02	3.000000000000e+03	7.370756023391e+02
8.010005950928e-02	2.900000000000e+03	7.370756020493e+02
1.007039546967e-01	3.200000000000e+03	7.370756019603e+02
1.255674362183e-01	2.050000000000e+03	7.370756018801e+02
1.435217857361e-01	2.850000000000e+03	7.370756018222e+02
1.652917861938e-01	3.300000000000e+03	7.370756017807e+02
1.821167469025e-01	2.650000000000e+03	7.370756017570e+02
2.051491737366e-01	2.350000000000e+03	7.370756017584e+02
2.221851348877e-01	2.900000000000e+03	7.370756018304e+02
2.401208877563e-01	2.900000000000e+03	7.370756019063e+02
2.971351146698e-01	1.700000000000e+03	7.370756021475e+02
3.260595798492e-01	2.350000000000e+03	7.370756020563e+02
3.579473495483e-01	2.450000000000e+03	7.370756019188e+02
3.689177036285e-01	3.100000000000e+03	7.370756018334e+02
3.928539752960e-01	3.000000000000e+03	7.370756016469e+02
4.028522968292e-01	2.800000000000e+03	7.370756015691e+02
4.038245677948e-01	3.000000000000e+03	7.370756015615e+02
4.048211574554e-01	2.500000000000e+03	7.370756015757e+02
4.198048114777e-01	2.100000000000e+03	7.370756017892e+02
4.397475719452e-01	2.600000000000e+03	7.370756019604e+02
4.597907066345e-01	2.350000000000e+03	7.370756011230e+02
4.800002574921e-01	3.150000000000e+03	7.370756010396e+02
5.002746582031e-01	2.850000000000e+03	7.370756010978e+02
5.202608108521e-01	1.700000000000e+03	7.370756016819e+02
5.401914119720e-01	2.150000000000e+03	7.370756017965e+02
5.601334571838e-01	2.900000000000e+03	7.370756015573e+02
5.800948143005e-01	3.000000000000e+03	7.370756015573e+02
6.003563404083e-01	3.200000000000e+03	7.370756015084e+02
6.196753978729e-01	2.850000000000e+03	7.370756014076e+02
6.402292251587e-01	2.300000000000e+03	7.370756014620e+02
6.601231098175e-01	2.700000000000e+03	7.370756014968e+02
6.801998615265e-01	2.200000000000e+03	7.370756014830e+02
7.001466751099e-01	2.550000000000e+03	7.370756013442e+02
7.200942039490e-01	7.000000000000e+02	7.370756012909e+02
7.400383949280e-01	2.400000000000e+03	7.370756014935e+02
7.601830959320e-01	3.200000000000e+03	7.370756015126e+02
7.794458866119e-01	2.650000000000e+03	7.370756014574e+02
8.002154827118e-01	2.500000000000e+03	7.370756012378e+02
8.193745613098e-01	1.800000000000e+03	7.370756011386e+02
8.398609161377e-01	2.250000000000e+03	7.370756010992e+02
8.601880073547e-01	2.850000000000e+03	7.370756010992e+02
8.794558048248e-01	2.450000000000e+03	7.370756009631e+02
9.002361297607e-01	2.500000000000e+03	7.370756007571e+02
9.199819564819e-01	2.250000000000e+03	7.370756007077e+02
9.398415088654e-01	2.850000000000e+03	7.370756007349e+02
9.593007564545e-01	2.600000000000e+03	7.370756008225e+02
9.794361591339e-01	2.900000000000e+03	7.370756008315e+02
1.000205278397e+00	3.200000000000e+03	7.370756000104e+02
1.019625425339e+00	1.850000000000e+03	7.370755976013e+02
1.039571285248e+00	2.150000000000e+03	7.370755934074e+02
1.059518098831e+00	2.600000000000e+03	7.370755896799e+02
1.079496145248e+00	2.950000000000e+03	7.370755896799e+02
1.099987030029e+00	3.100000000000e+03	7.370755887720e+02
1.119515895844e+00	2.100000000000e+03	7.370755834694e+02
1.140290975571e+00	2.850000000000e+03	7.370755767562e+02
1.160154819489e+00	3.050000000000e+03	7.370755703073e+02
1.180126428604e+00	1.550000000000e+03	7.370755651723e+02
1.200122117996e+00	1.950000000000e+03	7.370755626581e+02
1.219813346863e+00	2.750000000000e+03	7.370755626581e+02
1.240299940109e+00	2.250000000000e+03	7.370755534894e+02
1.259441852570e+00	2.100000000000e+03	7.370755487544e+02
1.280074834824e+00	2.800000000000e+03	7.370755439018e+02
1.300104856491e+00	1.900000000000e+03	7.370755431370e+02
1.319302558899e+00	2.500000000000e+03	7.370755412668e+02
1.340099573135e+00	2.300000000000e+03	7.370755347930e+02
1.360128402710e+00	2.400000000000e+03	7.370755288291e+02
1.380476474762e+00	2.100000000000e+03	7.370755234414e+02
1.400395393372e+00	2.050000000000e+03	7.370755234414e+02
1.419344425201e+00	2.100000000000e+03	7.370755234414e+02
1.440006017685e+00	2.750000000000e+03	7.370755173197e+02
1.459510326385e+00	1.700000000000e+03	7.370755040631e+02
1.480225086212e+00	2.250000000000e+03	7.370755032438e+02
1.500122547150e+00	2.300000000000e+03	7.370755014741e+02
1.519598245621e+00	2.350000000000e+03	7.370754957376e+02
1.540073633194e+00	2.100000000000e+03	7.370754895835e+02
1.560290813446e+00	2.700000000000e+03	7.370754833977e+02
1.580075502396e+00	2.500000000000e+03	7.370754760793e+02
1.599460363388e+00	2.450000000000e+03	7.370754721033e+02
1.619352817535e+00	2.350000000000e+03	7.370754721033e+02
1.640088319778e+00	2.500000000000e+03	7.370754660425e+02
1.660120010376e+00	2.400000000000e+03	7.370754594810e+02
1.680288553238e+00	2.200000000000e+03	7.370754534020e+02
1.700218677521e+00	2.700000000000e+03	7.370754521869e+02
1.720286607742e+00	3.150000000000e+03	7.370754498771e+02
1.739645481110e+00	2.150000000000e+03	7.370754428729e+02
1.759594202042e+00	1.750000000000e+03	7.370754372762e+02
1.779568433762e+00	2.400000000000e+03	7.370754328627e+02
1.800127267838e+00	2.400000000000e+03	7.370754328627e+02
1.819312810898e+00	6.000000000000e+02	7.370754288891e+02
1.840124368668e+00	1.650000000000e+03	7.370754221408e+02
1.859602212906e+00	2.550000000000e+03	7.370754163141e+02
1.880514144897e+00	2.450000000000e+03	7.370754135899e+02
1.899437427521e+00	3.400000000000e+03	7.370754135899e+02
1.919872522354e+00	2.600000000000e+03	7.370754071987e+02
1.940129756927e+00	2.100000000000e+03	7.370754014099e+02
1.960325956345e+00	2.500000000000e+03	7.370753966645e+02
1.979203939438e+00	1.800000000000e+03	7.370753945650e+02
1.999845504761e+00	1.500000000000e+03	7.370753919153e+02
2.020359754562e+00	2.050000000000e+03	7.370753861872e+02
2.040125370026e+00	2.350000000000e+03	7.370753804754e+02
2.060128688812e+00	2.600000000000e+03	7.370753761565e+02
2.080075740814e+00	1.950000000000e+03	7.370753761565e+02
2.100033521652e+00	1.850000000000e+03	7.370753717143e+02
2.120000839233e+00	2.200000000000e+03	7.370753651922e+02
2.139947414398e+00	2.200000000000e+03	7.370753596200e+02
2.160034179688e+00	2.100000000000e+03	7.370753534233e+02
2.180712938309e+00	1.900000000000e+03	7.370753473131e+02
2.200221538544e+00	2.250000000000e+03	7.370753473131e+02
2.219599008560e+00	2.100000000000e+03	7.370753441478e+02
2.240135431290e+00	1.750000000000e+03	7.370753381958e+02
2.259901285172e+00	2.050000000000e+03	7.370753341497e+02
2.280433654785e+00	1.900000000000e+03	7.370753300401e+02
2.300191164017e+00	2.250000000000e+03	7.370753286235e+02
2.320133686066e+00	1.900000000000e+03	7.370753257022e+02
2.340076923370e+00	1.950000000000e+03	7.370753203787e+02
2.359406471252e+00	2.250000000000e+03	7.370753130065e+02
2.380267381668e+00	2.050000000000e+03	7.370753079154e+02
2.400040626526e+00	1.550000000000e+03	7.370753079154e+02
2.420117139816e+00	1.750000000000e+03	7.370753016148e+02
2.439984798431e+00	1.600000000000e+03	7.370752950338e+02
2.459947824478e+00	1.650000000000e+03	7.370752887161e+02
2.479895591736e+00	1.600000000000e+03	7.370752880845e+02
2.499870300293e+00	1.250000000000e+03	7.370752859103e+02
2.520206451416e+00	1.550000000000e+03	7.370752809997e+02
2.540081501007e+00	1.800000000000e+03	7.370752756330e+02
2.560066938400e+00	1.350000000000e+03	7.370752691598e+02
2.580486536026e+00	1.450000000000e+03	7.370752673014e+02
2.600573301315e+00	1.700000000000e+03	7.370752632536e+02
2.620128631592e+00	1.700000000000e+03	7.370752581167e+02
2.639653205872e+00	2.350000000000e+03	7.370752508928e+02
2.659669399261e+00	1.700000000000e+03	7.370752434233e+02
2.679697275162e+00	1.450000000000e+03	7.370752376274e+02
2.700222015381e+00	1.500000000000e+03	7.370752309622e+02
2.720165252686e+00	1.700000000000e+03	7.370752243789e+02
2.739772319794e+00	1.900000000000e+03	7.370752243789e+02
2.759834289551e+00	1.600000000000e+03	7.370752196638e+02
2.779635429382e+00	1.300000000000e+03	7.370752144962e+02
2.800722837448e+00	1.450000000000e+03	7.370752077737e+02
2.820153951645e+00	1.350000000000e+03	7.370752036410e+02
2.839958906174e+00	1.300000000000e+03	7.370752036410e+02
2.859902620316e+00	1.500000000000e+03	7.370751977608e+02
2.880073308945e+00	1.350000000000e+03	7.370751912584e+02
2.900974988937e+00	1.350000000000e+03	7.370751847022e+02
2.920276880264e+00	1.600000000000e+03	7.370751830273e+02
2.940221786499e+00	1.200000000000e+03	7.370751812857e+02
2.960933923721e+00	1.250000000000e+03	7.370751740516e+02
2.979746103287e+00	1.300000000000e+03	7.370751668174e+02
2.999518394470e+00	4.000000000000e+02	7.370751624223e+02
3.020134449005e+00	1.500000000000e+03	7.370751624223e+02
3.039618730545e+00	1.300000000000e+03	7.370751578571e+02
3.060180664062e+00	1.500000000000e+03	7.370751508713e+02
3.080127716064e+00	1.150000000000e+03	7.370751441427e+02
3.100161075592e+00	1.050000000000e+03	7.370751414015e+02
3.120180130005e+00	9.500000000000e+02	7.370751408310e+02
3.139921665192e+00	1.400000000000e+03	7.370751351835e+02
3.160188674927e+00	1.150000000000e+03	7.370751286663e+02
3.179483890533e+00	1.400000000000e+03	7.370751211694e+02
3.199423074722e+00	1.200000000000e+03	7.370751211694e+02
3.220196723938e+00	1.100000000000e+03	7.370751182190e+02
3.239804029465e+00	8.000000000000e+02	7.370751123176e+02
3.259836912155e+00	1.000000000000e+03	7.370751059778e+02
3.280666589737e+00	1.250000000000e+03	7.370751015828e+02
3.300247669220e+00	1.200000000000e+03	7.370751015828e+02
3.320287466049e+00	7.500000000000e+02	7.370750962926e+02
3.340201616287e+00	1.050000000000e+03	7.370750899429e+02
3.359584569931e+00	8.000000000000e+02	7.370750834283e+02
3.380020141602e+00	1.000000000000e+03	7.370750817541e+02
3.400010824203e+00	5.500000000000e+02	7.370750808052e+02
3.420151233673e+00	8.500000000000e+02	7.370750737537e+02
3.440500736237e+00	5.000000000000e+02	7.370750683370e+02
3.460119247437e+00	6.000000000000e+02	7.370750642092e+02
3.481095790863e+00	8.000000000000e+02	7.370750591092e+02
3.500117540359e+00	6.000000000000e+02	7.370750525021e+02
3.520301580429e+00	1.050000000000e+03	7.370750507546e+02
3.540204524994e+00	1.750000000000e+03	7.370750495249e+02
3.560151100159e+00	1.000000000000e+03	7.370750413175e+02
3.580121278763e+00	1.150000000000e+03	7.370750334627e+02
3.600041627884e+00	9.500000000000e+02	7.370750295568e+02
3.620038270950e+00	9.500000000000e+02	7.370750295568e+02
3.640328168869e+00	1.000000000000e+03	7.370750242026e+02
3.659293174744e+00	8.000000000000e+02	7.370750189319e+02
3.680313587189e+00	6.500000000000e+02	7.370750121521e+02
3.699661254883e+00	4.500000000000e+02	7.370750057475e+02
3.720044374466e+00	7.000000000000e+02	7.370749988811e+02
3.739649295807e+00	9.000000000000e+02	7.370749988811e+02
3.760240077972e+00	1.150000000000e+03	7.370749957856e+02
3.780448913574e+00	1.100000000000e+03	7.370749894779e+02
3.800791978836e+00	9.000000000000e+02	7.370749832125e+02
3.820048332214e+00	9.500000000000e+02	7.370749790057e+02
3.840883970261e+00	9.000000000000e+02	7.370749790057e+02
3.860822439194e+00	6.000000000000e+02	7.370749729096e+02
3.879871368408e+00	4.500000000000e+02	7.370749661535e+02
3.900096416473e+00	7.500000000000e+02	7.370749604724e+02
3.919499874115e+00	7.500000000000e+02	7.370749592213e+02
3.939789056778e+00	5.500000000000e+02	7.370749573530e+02
3.959845304489e+00	9.000000000000e+02	7.370749495514e+02
3.979475259781e+00	4.500000000000e+02	7.370749442814e+02
4.000007390976e+00	1.100000000000e+03	7.370749400695e+02
4.020202875137e+00	7.500000000000e+02	7.370749400695e+02
4.040372848511e+00	7.500000000000e+02	7.370749359946e+02
4.060228347778e+00	7.000000000000e+02	7.370749298249e+02
4.080423831940e+00	9.000000000000e+02	7.370749235727e+02
4.099561929703e+00	7.500000000000e+02	7.370749173223e+02
4.119391202927e+00	9.500000000000e+02	7.370749103205e+02
4.140288114548e+00	6.500000000000e+02	7.370749092991e+02
4.159543275833e+00	4.000000000000e+02	7.370749077763e+02
4.179963827133e+00	7.000000000000e+02	7.370748999820e+02
4.200219392776e+00	8.000000000000e+02	7.370748936180e+02
4.220195531845e+00	9.000000000000e+02	7.370748893643e+02
4.240111589432e+00	5.000000000000e+02	7.370748893643e+02
4.262322187424e+00	8.500000000000e+02	7.370748830399e+02
4.280271530151e+00	2.000000000000e+02	7.370748765168e+02
4.300216674805e+00	7.000000000000e+02	7.370748699274e+02
4.320163965225e+00	4.500000000000e+02	7.370748689385e+02
4.340125799179e+00	5.500000000000e+02	7.370748683408e+02
4.360297203064e+00	6.500000000000e+02	7.370748617644e+02
4.380180835724e+00	4.500000000000e+02	7.370748552779e+02
4.399986267090e+00	7.500000000000e+02	7.370748488134e+02
4.419416427612e+00	4.500000000000e+02	7.370748484744e+02
4.440032482147e+00	9.000000000000e+02	7.370748458419e+02
4.460829496384e+00	9.000000000000e+02	7.370748394901e+02
4.480018138885e+00	4.500000000000e+02	7.370748325998e+02
4.500159740448e+00	5.000000000000e+02	7.370748271614e+02
4.520064830780e+00	6.500000000000e+02	7.370748271614e+02
4.540291309357e+00	4.500000000000e+02	7.370748220273e+02
4.560261964798e+00	5.000000000000e+02	7.370748152474e+02
4.580132484436e+00	6.500000000000e+02	7.370748082990e+02
4.599729537964e+00	4.500000000000e+02	7.370748016189e+02
4.620286464691e+00	6.000000000000e+02	7.370747950505e+02
4.640246391296e+00	5.000000000000e+02	7.370747950505e+02
4.660179615021e+00	5.500000000000e+02	7.370747911676e+02
4.679367542267e+00	6.000000000000e+02	7.370747843761e+02
4.700103044510e+00	5.000000000000e+02	7.370747771746e+02
4.720133781433e+00	7.500000000000e+02	7.370747734699e+02
4.740333318710e+00	1.050000000000e+03	7.370747734699e+02
4.759552955627e+00	6.000000000000e+02	7.370747672212e+02
4.779479980469e+00	8.000000000000e+02	7.370747607219e+02
4.799964427948e+00	4.500000000000e+02	7.370747540087e+02
4.820083379745e+00	6.000000000000e+02	7.370747490689e+02
4.840225696564e+00	6.000000000000e+02	7.370747444207e+02
4.860100507736e+00	3.000000000000e+02	7.370747418283e+02
4.880053281784e+00	2.500000000000e+02	7.370747413627e+02
4.900145053864e+00	6.000000000000e+02	7.370747344349e+02
4.920016765594e+00	2.000000000000e+02	7.370747279134e+02
4.940063238144e+00	3.000000000000e+02	7.370747216110e+02
4.959840774536e+00	4.500000000000e+02	7.370747212977e+02
4.980121135712e+00	5.500000000000e+02	7.370747161604e+02
5.000099658966e+00	1.500000000000e+02	7.370747108374e+02
5.020046472549e+00	5.000000000000e+02	7.370747039969e+02
5.040139198303e+00	5.000000000000e+02	7.370747001840e+02
5.059630393982e+00	6.500000000000e+02	7.370747001840e+02
5.079503536224e+00	3.000000000000e+02	7.370746952649e+02
5.099982261658e+00	4.500000000000e+02	7.370746888303e+02
5.120139122009e+00	3.500000000000e+02	7.370746817097e+02
5.140393257141e+00	4.000000000000e+02	7.370746795775e+02
5.160140752792e+00	5.000000000000e+02	7.370746777672e+02
5.179694890976e+00	7.500000000000e+02	7.370746716550e+02
5.200263023376e+00	5.000000000000e+02	7.370746651307e+02
5.220134973526e+00	5.000000000000e+02	7.370746596116e+02
5.240116357803e+00	5.000000000000e+02	7.370746596116e+02
5.259430408478e+00	3.500000000000e+02	7.370746548079e+02
5.279805421829e+00	6.000000000000e+02	7.370746473186e+02
5.300203323364e+00	2.000000000000e+02	7.370746417041e+02
5.320139169693e+00	5.000000000000e+02	7.370746353973e+02
5.340296268463e+00	5.500000000000e+02	7.370746286444e+02
5.360243082047e+00	3.000000000000e+02	7.370746286444e+02
5.380189657211e+00	6.000000000000e+02	7.370746257189e+02
5.399532556534e+00	2.500000000000e+02	7.370746200447e+02
5.420136451721e+00	5.500000000000e+02	7.370746136612e+02
5.440091133118e+00	7.500000000000e+02	7.370746094992e+02
5.459511280060e+00	4.000000000000e+02	7.370746094992e+02
5.480601072311e+00	2.500000000000e+02	7.370746028947e+02
5.499571800232e+00	3.500000000000e+02	7.370745965856e+02
5.520136117935e+00	6.000000000000e+02	7.370745893249e+02
5.539625167847e+00	3.000000000000e+02	7.370745871180e+02
5.560149908066e+00	3.500000000000e+02	7.370745866201e+02
5.580230951309e+00	5.500000000000e+02	7.370745807817e+02
5.601216554642e+00	3.000000000000e+02	7.370745736883e+02
5.620335817337e+00	4.000000000000e+02	7.370745653141e+02
5.640144109726e+00	2.000000000000e+02	7.370745653141e+02
5.659567594528e+00	4.500000000000e+02	7.370745618864e+02
5.680313825607e+00	5.500000000000e+02	7.370745555557e+02
5.700123071671e+00	6.000000000000e+02	7.370745486715e+02
5.720069885254e+00	4.000000000000e+02	7.370745452055e+02
5.740023136139e+00	2.500000000000e+02	7.370745452055e+02
5.760590791702e+00	4.000000000000e+02	7.370745385740e+02
5.779963731766e+00	5.500000000000e+02	7.370745323230e+02
5.801017522812e+00	4.000000000000e+02	7.370745260130e+02
5.820113658905e+00	4.500000000000e+02	7.370745244981e+02
5.840435981750e+00	5.500000000000e+02	7.370745226472e+02
5.860170125961e+00	4.500000000000e+02	7.370745158285e+02
5.879919528961e+00	5.000000000000e+02	7.370745108614e+02
5.900027990341e+00	3.000000000000e+02	7.370745064428e+02
5.919933319092e+00	2.500000000000e+02	7.370744996719e+02
5.939619064331e+00	4.000000000000e+02	7.370744934627e+02
5.960168838501e+00	3.500000000000e+02	7.370744934627e+02
5.980155467987e+00	6.000000000000e+02	7.370744910196e+02
6.000142574310e+00	2.000000000000e+02	7.370744848568e+02
6.020871400833e+00	1.500000000000e+02	7.370744781853e+02
6.039809226990e+00	4.500000000000e+02	7.370744736580e+02
6.059727907181e+00	2.000000000000e+02	7.370744718241e+02
6.079674959183e+00	6.000000000000e+02	7.370744657105e+02
6.099943637848e+00	3.500000000000e+02	7.370744596983e+02
6.119789361954e+00	3.000000000000e+02	7.370744539468e+02
6.140104770660e+00	2.500000000000e+02	7.370744481607e+02
6.159512281418e+00	2.000000000000e+02	7.370744429288e+02
6.180042505264e+00	4.000000000000e+02	7.370744429288e+02
6.200144052505e+00	5.500000000000e+02	7.370744380756e+02
6.220166206360e+00	4.000000000000e+02	7.370744328559e+02
6.240179300308e+00	5.000000000000e+02	7.370744266759e+02
6.260055303574e+00	3.000000000000e+02	7.370744226721e+02
6.280339241028e+00	3.000000000000e+02	7.370744226721e+02
6.300179719925e+00	4.000000000000e+02	7.370744161601e+02
6.320008039474e+00	7.500000000000e+02	7.370744091244e+02
6.340104579926e+00	3.500000000000e+02	7.370744028182e+02
6.359859466553e+00	5.000000000000e+02	7.370744018190e+02
6.380090475082e+00	2.500000000000e+02	7.370743995642e+02
6.400142908096e+00	2.000000000000e+02	7.370743925865e+02
6.420110225677e+00	3.000000000000e+02	7.370743862860e+02
6.440057039261e+00	4.500000000000e+02	7.370743819939e+02
6.459850788116e+00	3.000000000000e+02	7.370743819939e+02
6.480237960815e+00	3.000000000000e+02	7.370743818222e+02
6.500113010406e+00	2.500000000000e+02	7.370743825002e+02
6.520153760910e+00	3.500000000000e+02	7.370743858648e+02
6.539514064789e+00	3.500000000000e+02	7.370743902171e+02
6.559462070465e+00	3.000000000000e+02	7.370743948051e+02
6.580191850662e+00	4.000000000000e+02	7.370743948051e+02
6.599603652954e+00	3.000000000000e+02	7.370743980405e+02
6.619375705719e+00	8.000000000000e+02	7.370744032256e+02
6.640243768692e+00	3.000000000000e+02	7.370744096209e+02
6.660103797913e+00	2.000000000000e+02	7.370744120654e+02
6.679753541946e+00	5.500000000000e+02	7.370744120654e+02
6.700144529343e+00	1.500000000000e+02	7.370744177975e+02
6.720279693604e+00	2.500000000000e+02	7.370744227141e+02
6.745683193207e+00	5.000000000000e+01	7.370744278900e+02
6.759833812714e+00	4.500000000000e+02	7.370744293515e+02
6.780458211899e+00	5.000000000000e+02	7.370744322652e+02
6.799881219864e+00	3.000000000000e+02	7.370744379471e+02
6.819803714752e+00	4.000000000000e+02	7.370744385236e+02
6.840110063553e+00	4.000000000000e+02	7.370744413325e+02
6.859963655472e+00	2.500000000000e+02	7.370744493136e+02
6.879926204681e+00	4.000000000000e+02	7.370744565354e+02
6.899662971497e+00	7.000000000000e+02	7.370744565354e+02
6.920586109161e+00	2.000000000000e+02	7.370744612332e+02
6.939519166946e+00	4.500000000000e+02	7.370744656700e+02
6.960027694702e+00	6.000000000000e+02	7.370744656700e+02
6.980030059814e+00	1.000000000000e+02	7.370744699748e+02
6.999969244003e+00	5.000000000000e+02	7.370744744914e+02
7.019457101822e+00	5.500000000000e+02	7.370744803189e+02
7.039421558380e+00	4.500000000000e+02	7.370744863573e+02
7.059973955154e+00	4.000000000000e+02	7.370744925610e+02
7.080227136612e+00	4.000000000000e+02	7.370744931633e+02
7.100171566010e+00	5.000000000000e+02	7.370744956248e+02
7.120289802551e+00	3.000000000000e+02	7.370745019753e+02
7.140131235123e+00	3.500000000000e+02	7.370745078027e+02
7.160078048706e+00	3.000000000000e+02	7.370745110246e+02
7.180025815964e+00	7.000000000000e+02	7.370745110246e+02
7.199865102768e+00	4.000000000000e+02	7.370745171966e+02
7.220125675201e+00	3.500000000000e+02	7.370745231963e+02
7.240143060684e+00	3.000000000000e+02	7.370745285139e+02
7.260317087173e+00	5.000000000000e+02	7.370745300834e+02
7.280143022537e+00	3.000000000000e+02	7.370745316207e+02
7.300485134125e+00	4.000000000000e+02	7.370745380268e+02
7.324416637421e+00	3.500000000000e+02	7.370745452059e+02
7.339399099350e+00	3.500000000000e+02	7.370745493249e+02
7.359932422638e+00	4.000000000000e+02	7.370745493249e+02
7.380111694336e+00	4.000000000000e+02	7.370745533291e+02
7.399399995804e+00	4.000000000000e+02	7.370745593315e+02
7.419664382935e+00	4.500000000000e+02	7.370745661595e+02
7.440175533295e+00	4.000000000000e+02	7.370745686712e+02
7.460684299469e+00	4.000000000000e+02	7.370745686712e+02
7.480631589890e+00	3.500000000000e+02	7.370745750857e+02
7.500395059586e+00	3.500000000000e+02	7.370745818371e+02
7.519880056381e+00	4.000000000000e+02	7.370745878346e+02
7.540036916733e+00	8.000000000000e+02	7.370745881892e+02
7.560145139694e+00	3.000000000000e+02	7.370745906301e+02
7.580170154572e+00	3.000000000000e+02	7.370745967819e+02
7.599723815918e+00	6.500000000000e+02	7.370746027206e+02
7.620097398758e+00	4.000000000000e+02	7.370746087941e+02
7.640201807022e+00	6.500000000000e+02	7.370746144222e+02
7.660145759583e+00	4.500000000000e+02	7.370746169356e+02
7.680312633514e+00	7.000000000000e+02	7.370746169356e+02
7.700161457062e+00	4.500000000000e+02	7.370746231486e+02
7.719899654388e+00	8.000000000000e+02	7.370746285737e+02
7.744295835495e+00	7.500000000000e+02	7.370746338195e+02
7.760273456573e+00	6.000000000000e+02	7.370746363929e+02
7.779490709305e+00	5.500000000000e+02	7.370746376764e+02
7.800980329514e+00	5.000000000000e+02	7.370746441306e+02
7.820021390915e+00	4.000000000000e+02	7.370746498590e+02
7.839742660522e+00	7.000000000000e+02	7.370746557202e+02
7.861699581146e+00	5.000000000000e+02	7.370746557202e+02
7.879650115967e+00	6.500000000000e+02	7.370746589597e+02
7.899619340897e+00	2.000000000000e+02	7.370746643661e+02
7.919542789459e+00	7.000000000000e+02	7.370746712874e+02
7.940182447433e+00	5.500000000000e+02	7.370746749457e+02
7.961338043213e+00	5.500000000000e+02	7.370746749457e+02
7.980500221252e+00	5.500000000000e+02	7.370746794437e+02
7.999879121780e+00	5.000000000000e+02	7.370746845129e+02
8.020129203796e+00	6.500000000000e+02	7.370746912858e+02
8.040092229843e+00	6.000000000000e+02	7.370746939935e+02
8.059705972672e+00	3.000000000000e+02	7.370746946816e+02
8.079833984375e+00	1.500000000000e+02	7.370747016276e+02
8.100438833237e+00	3.000000000000e+02	7.370747081986e+02
8.119917631149e+00	5.000000000000e+02	7.370747141196e+02
8.140217542648e+00	5.500000000000e+02	7.370747202548e+02
8.159543752670e+00	2.500000000000e+02	7.370747235437e+02
8.180660724640e+00	3.000000000000e+02	7.370747235437e+02
8.200828790665e+00	2.000000000000e+02	7.370747284267e+02
8.219769239426e+00	3.500000000000e+02	7.370747352924e+02
8.239721059799e+00	5.500000000000e+02	7.370747420949e+02
8.260234832764e+00	5.500000000000e+02	7.370747441256e+02
8.280320882797e+00	7.000000000000e+02	7.370747445024e+02
8.300284624100e+00	5.000000000000e+02	7.370747520293e+02
8.320066452026e+00	6.500000000000e+02	7.370747587578e+02
8.340242624283e+00	6.000000000000e+02	7.370747640227e+02
8.360176563263e+00	4.500000000000e+02	7.370747640227e+02
8.380495548248e+00	7.500000000000e+02	7.370747684763e+02
8.400205373764e+00	7.000000000000e+02	7.370747746498e+02
8.420189380646e+00	4.000000000000e+02	7.370747808824e+02
8.440265178680e+00	3.000000000000e+02	7.370747864561e+02
8.460455894470e+00	3.000000000000e+02	7.370747914877e+02
8.480034351349e+00	2.500000000000e+02	7.370747939632e+02
8.499499320984e+00	5.000000000000e+02	7.370747967262e+02
8.520330667496e+00	5.000000000000e+02	7.370748035222e+02
8.540113210678e+00	4.500000000000e+02	7.370748099360e+02
8.559898614883e+00	7.000000000000e+02	7.370748140814e+02
8.579437732697e+00	5.500000000000e+02	7.370748140814e+02
8.600382566452e+00	1.000000000000e+03	7.370748190951e+02
8.619354963303e+00	4.500000000000e+02	7.370748251151e+02
8.640305757523e+00	3.000000000000e+02	7.370748320090e+02
8.660619258881e+00	2.500000000000e+02	7.370748342839e+02
8.680291652679e+00	7.000000000000e+02	7.370748346166e+02
8.700066804886e+00	6.000000000000e+02	7.370748412091e+02
8.720229864120e+00	4.000000000000e+02	7.370748476429e+02
8.740062952042e+00	7.500000000000e+02	7.370748537784e+02
8.760502099991e+00	5.000000000000e+02	7.370748540820e+02
8.780085802078e+00	5.500000000000e+02	7.370748559037e+02
8.800201177597e+00	9.500000000000e+02	7.370748603097e+02
8.820217609406e+00	6.000000000000e+02	7.370748651646e+02
8.840167522430e+00	4.500000000000e+02	7.370748718865e+02
8.859522819519e+00	6.500000000000e+02	7.370748777405e+02
8.880101442337e+00	1.150000000000e+03	7.370748837837e+02
8.900419950485e+00	5.500000000000e+02	7.370748906321e+02
8.920153856277e+00	9.500000000000e+02	7.370748929824e+02
8.939486265182e+00	6.500000000000e+02	7.370748934157e+02
8.959460020065e+00	6.500000000000e+02	7.370749020951e+02
8.979430437088e+00	6.500000000000e+02	7.370749066106e+02
9.000202894211e+00	6.000000000000e+02	7.370749110863e+02
9.020156860352e+00	6.000000000000e+02	7.370749115446e+02
9.039352655411e+00	3.000000000000e+02	7.370749136290e+02
9.060383319855e+00	7.000000000000e+02	7.370749194706e+02
9.080121040344e+00	1.000000000000e+03	7.370749208621e+02
9.100200414658e+00	7.500000000000e+02	7.370749234018e+02
9.120288372040e+00	8.000000000000e+02	7.370749297966e+02
9.139702081680e+00	6.000000000000e+02	7.370749357997e+02
9.160092592239e+00	8.000000000000e+02	7.370749398676e+02
9.180234909058e+00	5.500000000000e+02	7.370749398676e+02
9.200178623199e+00	5.000000000000e+02	7.370749444300e+02
9.220152616501e+00	9.500000000000e+02	7.370749504307e+02
9.241123676300e+00	4.500000000000e+02	7.370749553363e+02
9.260096311569e+00	9.500000000000e+02	7.370749607763e+02
9.280048131943e+00	5.000000000000e+02	7.370749682634e+02
9.300299406052e+00	1.300000000000e+03	7.370749682634e+02
9.320245504379e+00	8.500000000000e+02	7.370749715413e+02
9.341187238693e+00	7.000000000000e+02	7.370749777925e+02
9.359531641006e+00	8.000000000000e+02	7.370749841989e+02
9.380477428436e+00	8.000000000000e+02	7.370749884595e+02
9.400102138519e+00	8.000000000000e+02	7.370749884595e+02
9.419306278229e+00	1.100000000000e+03	7.370749937811e+02
9.440312147141e+00	1.100000000000e+03	7.370750013251e+02
9.459614276886e+00	1.400000000000e+03	7.370750086164e+02
9.480297088623e+00	1.000000000000e+03	7.370750086164e+02
9.500132560730e+00	1.250000000000e+03	7.370750102885e+02
9.519859075546e+00	8.500000000000e+02	7.370750169097e+02
9.539427995682e+00	7.500000000000e+02	7.370750236084e+02
9.560070276260e+00	1.050000000000e+03	7.370750305107e+02
9.579497814178e+00	8.500000000000e+02	7.370750361874e+02
9.600062608719e+00	1.150000000000e+03	7.370750390296e+02
9.620014429092e+00	8.500000000000e+02	7.370750390296e+02
9.640384674072e+00	1.100000000000e+03	7.370750456200e+02
9.659457683563e+00	7.500000000000e+02	7.370750518997e+02
9.680378437042e+00	1.200000000000e+03	7.370750585305e+02
9.699352264404e+00	8.000000000000e+02	7.370750588464e+02
9.720155000687e+00	9.000000000000e+02	7.370750610562e+02
9.740042209625e+00	9.500000000000e+02	7.370750665445e+02
9.760017156601e+00	1.150000000000e+03	7.370750736785e+02
9.780325412750e+00	9.500000000000e+02	7.370750783863e+02
9.800065755844e+00	1.200000000000e+03	7.370750783863e+02
9.820177793503e+00	1.300000000000e+03	7.370750833865e+02
9.839534044266e+00	6.000000000000e+02	7.370750898292e+02
9.859482288361e+00	9.500000000000e+02	7.370750965626e+02
9.879606723785e+00	1.300000000000e+03	7.370751018585e+02
9.900141000748e+00	1.150000000000e+03	7.370751066677e+02
9.920166254044e+00	1.250000000000e+03	7.370751086153e+02
9.939880609512e+00	1.350000000000e+03	7.370751099104e+02
9.959757804871e+00	1.000000000000e+03	7.370751184951e+02
9.979633092880e+00	1.350000000000e+03	7.370751184951e+02
1.000020217896e+01	1.050000000000e+03	7.370751184951e+02
1.002014899254e+01	1.300000000000e+03	7.370751184951e+02
1.004009699821e+01	8.500000000000e+02	7.370751279249e+02
1.006011939049e+01	1.150000000000e+03	7.370751388971e+02
1.008071875572e+01	1.100000000000e+03	7.370751451854e+02
1.010005640984e+01	9.000000000000e+02	7.370751482522e+02
1.012019896507e+01	1.050000000000e+03	7.370751482522e+02
1.013988232613e+01	1.350000000000e+03	7.370751543592e+02
1.015965008736e+01	1.800000000000e+03	7.370751609930e+02
1.018004369736e+01	1.250000000000e+03	7.370751679188e+02
1.020016503334e+01	8.500000000000e+02	7.370751686051e+02
1.022032117844e+01	1.900000000000e+03	7.370751702650e+02
1.024014139175e+01	1.450000000000e+03	7.370751766795e+02
1.026014280319e+01	1.600000000000e+03	7.370751831595e+02
1.027930617332e+01	1.250000000000e+03	7.370751890482e+02
1.030104708672e+01	1.350000000000e+03	7.370751890482e+02
1.032015705109e+01	1.150000000000e+03	7.370751923162e+02
1.034022378922e+01	1.350000000000e+03	7.370751981973e+02
1.035936474800e+01	1.550000000000e+03	7.370752054090e+02
1.037948656082e+01	1.450000000000e+03	7.370752099299e+02
1.040041708946e+01	1.550000000000e+03	7.370752099299e+02
1.041937971115e+01	1.800000000000e+03	7.370752162255e+02
1.043957400322e+01	1.250000000000e+03	7.370752231969e+02
1.046005296707e+01	9.000000000000e+02	7.370752301119e+02
1.048028898239e+01	1.550000000000e+03	7.370752304488e+02
1.050020551682e+01	2.150000000000e+03	7.370752327867e+02
1.052011442184e+01	1.700000000000e+03	7.370752393669e+02
1.053951382637e+01	2.100000000000e+03	7.370752459076e+02
1.055962800980e+01	1.050000000000e+03	7.370752510303e+02
1.058071231842e+01	1.200000000000e+03	7.370752510303e+02
1.059962224960e+01	2.450000000000e+03	7.370752557035e+02
1.062007284164e+01	5.000000000000e+01	7.370752633178e+02
1.064016032219e+01	1.850000000000e+03	7.370752693898e+02
1.066028666496e+01	1.350000000000e+03	7.370752761648e+02
1.067934393883e+01	1.800000000000e+03	7.370752825771e+02
1.070018386841e+01	1.650000000000e+03	7.370752825771e+02
1.071959114075e+01	1.400000000000e+03	7.370752861072e+02
1.073946571350e+01	2.050000000000e+03	7.370752923261e+02
1.075993061066e+01	2.050000000000e+03	7.370752977966e+02
1.078015565872e+01	2.000000000000e+03	7.370753032839e+02
1.079953193665e+01	1.650000000000e+03	7.370753089920e+02
1.081993699074e+01	1.650000000000e+03	7.370753113450e+02
1.084046530724e+01	1.850000000000e+03	7.370753113450e+02
1.085981965065e+01	1.750000000000e+03	7.370753163892e+02
1.088018918037e+01	1.500000000000e+03	7.370753230266e+02
1.090015649796e+01	1.400000000000e+03	7.370753284960e+02
1.092012166977e+01	2.250000000000e+03	7.370753309976e+02
1.093929433823e+01	1.450000000000e+03	7.370753309976e+02
1.095942378044e+01	2.200000000000e+03	7.370753394637e+02
1.098622608185e+01	1.850000000000e+03	7.370753459513e+02
1.100018239021e+01	2.150000000000e+03	7.370753491523e+02
1.102021265030e+01	2.000000000000e+03	7.370753493811e+02
1.104004931450e+01	2.350000000000e+03	7.370753522304e+02
1.106016063690e+01	2.100000000000e+03	7.370753580596e+02
1.107993912697e+01	2.050000000000e+03	7.370753640265e+02
1.110008978844e+01	1.800000000000e+03	7.370753683523e+02
1.112005949020e+01	2.300000000000e+03	7.370753683523e+02
1.114000272751e+01	2.500000000000e+03	7.370753724769e+02
1.116043019295e+01	2.150000000000e+03	7.370753783526e+02
1.118023753166e+01	2.050000000000e+03	7.370753854665e+02
1.119955039024e+01	2.300000000000e+03	7.370753911521e+02
1.122027659416e+01	1.650000000000e+03	7.370753961259e+02
1.124004626274e+01	1.500000000000e+03	7.370753961259e+02
1.125945544243e+01	2.500000000000e+03	7.370754010328e+02
1.127967810631e+01	1.550000000000e+03	7.370754062647e+02
1.130021548271e+01	1.900000000000e+03	7.370754062647e+02
1.132039046288e+01	2.050000000000e+03	7.370754096603e+02
1.134068036079e+01	2.350000000000e+03	7.370754151255e+02
1.135952782631e+01	2.200000000000e+03	7.370754230328e+02
1.137999200821e+01	2.550000000000e+03	7.370754308770e+02
1.140021157265e+01	2.500000000000e+03	7.370754374317e+02
1.142029666901e+01	2.250000000000e+03	7.370754377479e+02
1.144016075134e+01	2.900000000000e+03	7.370754412502e+02
1.145948600769e+01	2.300000000000e+03	7.370754470527e+02
1.147941088676e+01	2.450000000000e+03	7.370754536745e+02
1.149935650826e+01	2.100000000000e+03	7.370754588054e+02
1.152015948296e+01	1.950000000000e+03	7.370754588054e+02
1.154030513763e+01	2.600000000000e+03	7.370754634277e+02
1.156026077271e+01	2.800000000000e+03	7.370754696832e+02
1.157978200912e+01	2.550000000000e+03	7.370754769059e+02
1.160020112991e+01	2.900000000000e+03	7.370754802192e+02
1.161959075928e+01	2.650000000000e+03	7.370754802192e+02
1.164011549950e+01	3.150000000000e+03	7.370754854859e+02
1.166015267372e+01	2.600000000000e+03	7.370754915336e+02
1.167933154106e+01	1.750000000000e+03	7.370754997301e+02
1.170021414757e+01	2.050000000000e+03	7.370755011433e+02
1.172012305260e+01	2.350000000000e+03	7.370755033232e+02
1.173958420753e+01	2.650000000000e+03	7.370755097219e+02
1.176005125046e+01	2.900000000000e+03	7.370755167871e+02
1.178002738953e+01	3.000000000000e+03	7.370755233292e+02
1.180016303062e+01	2.800000000000e+03	7.370755280035e+02
1.182028007507e+01	2.400000000000e+03	7.370755326734e+02
1.184022641182e+01	2.900000000000e+03	7.370755336687e+02
1.186016869545e+01	0.000000000000e+00	7.370755403031e+02
1.187932157516e+01	2.000000000000e+03	7.370755462638e+02
1.189968061447e+01	3.050000000000e+03	7.370755523471e+02
1.192009758949e+01	8.000000000000e+02	7.370755523471e+02
1.194011092186e+01	2.600000000000e+03	7.370755558011e+02
1.196015620232e+01	2.750000000000e+03	7.370755621586e+02
1.198125433922e+01	2.800000000000e+03	7.370755695889e+02
1.200021028519e+01	2.550000000000e+03	7.370755724776e+02
1.202014136314e+01	2.800000000000e+03	7.370755724776e+02
1.204008674622e+01	2.350000000000e+03	7.370755724776e+02
1.206013631821e+01	3.000000000000e+03	7.370755724776e+02
1.208041048050e+01	2.050000000000e+03	7.370755839294e+02
1.209982728958e+01	2.550000000000e+03	7.370755938421e+02
1.212016201019e+01	2.150000000000e+03	7.370755998254e+02
1.214008402824e+01	1.950000000000e+03	7.370756050057e+02
1.216021871567e+01	2.600000000000e+03	7.370756096610e+02
1.218019986153e+01	3.050000000000e+03	7.370756128895e+02
1.220011281967e+01	2.600000000000e+03	7.370756172928e+02
1.222005629539e+01	2.600000000000e+03	7.370756232661e+02
1.224004030228e+01	2.600000000000e+03	7.370756232661e+02
1.226062750816e+01	2.300000000000e+03	7.370756283391e+02
1.227942824364e+01	2.700000000000e+03	7.370756329719e+02
1.230022716522e+01	2.400000000000e+03	7.370756400476e+02
1.232011270523e+01	2.350000000000e+03	7.370756434943e+02
1.234007644653e+01	2.000000000000e+03	7.370756434943e+02
1.235975408554e+01	2.600000000000e+03	7.370756488099e+02
1.237946724892e+01	2.800000000000e+03	7.370756560514e+02
1.240022468567e+01	2.550000000000e+03	7.370756625019e+02
1.241964244843e+01	2.750000000000e+03	7.370756640515e+02
1.244028735161e+01	2.100000000000e+03	7.370756650832e+02
1.246012425423e+01	2.300000000000e+03	7.370756719237e+02
1.247947478294e+01	2.100000000000e+03	7.370756780742e+02
1.250182342529e+01	2.200000000000e+03	7.370756849816e+02
1.252012944221e+01	2.800000000000e+03	7.370756911098e+02
1.253952312469e+01	2.100000000000e+03	7.370756942559e+02
1.255944228172e+01	2.600000000000e+03	7.370756945950e+02
1.257941150665e+01	1.750000000000e+03	7.370757013832e+02
1.260138249397e+01	1.900000000000e+03	7.370757084403e+02
1.262030220032e+01	1.950000000000e+03	7.370757142734e+02
1.263949418068e+01	1.950000000000e+03	7.370757148886e+02
1.265955328941e+01	2.200000000000e+03	7.370757173735e+02
1.268031239510e+01	1.200000000000e+03	7.370757237266e+02
1.270030903816e+01	1.950000000000e+03	7.370757300516e+02
1.272016549110e+01	1.950000000000e+03	7.370757344143e+02
1.274063038826e+01	9.500000000000e+02	7.370757344143e+02
1.276035308838e+01	2.650000000000e+03	7.370757395135e+02
1.277946543694e+01	2.150000000000e+03	7.370757461854e+02
1.280062508583e+01	1.700000000000e+03	7.370757523859e+02
1.282003760338e+01	2.050000000000e+03	7.370757541471e+02
1.284013557434e+01	1.800000000000e+03	7.370757550269e+02
1.285953068733e+01	1.200000000000e+03	7.370757615526e+02
1.288060021400e+01	2.200000000000e+03	7.370757681100e+02
1.289951658249e+01	1.800000000000e+03	7.370757737063e+02
1.291948246956e+01	1.450000000000e+03	7.370757740086e+02
1.293943142891e+01	1.550000000000e+03	7.370757771798e+02
1.295997142792e+01	1.800000000000e+03	7.370757843790e+02
1.297976160049e+01	1.650000000000e+03	7.370757905828e+02
1.299984931946e+01	2.000000000000e+03	7.370757959551e+02
1.302016806602e+01	1.750000000000e+03	7.370758004626e+02
1.304016351700e+01	1.700000000000e+03	7.370758039000e+02
1.305939745903e+01	1.700000000000e+03	7.370758039000e+02
1.308052396774e+01	1.900000000000e+03	7.370758087365e+02
1.310060334206e+01	1.800000000000e+03	7.370758133332e+02
1.311934733391e+01	1.850000000000e+03	7.370758206843e+02
1.313956856728e+01	1.900000000000e+03	7.370758282261e+02
1.315934753418e+01	1.800000000000e+03	7.370758344334e+02
1.318009114265e+01	1.650000000000e+03	7.370758345391e+02
1.320022201538e+01	1.350000000000e+03	7.370758399662e+02
1.322914552689e+01	1.550000000000e+03	7.370758487432e+02
1.324210691452e+01	1.650000000000e+03	7.370758533974e+02
1.326005840302e+01	1.150000000000e+03	7.370758559078e+02
1.328003430367e+01	1.300000000000e+03	7.370758559078e+02
1.329998111725e+01	1.650000000000e+03	7.370758628490e+02
1.331933951378e+01	1.050000000000e+03	7.370758696585e+02
1.333952426910e+01	1.400000000000e+03	7.370758764138e+02
1.335963606834e+01	1.450000000000e+03	7.370758773099e+02
1.338016772270e+01	1.600000000000e+03	7.370758796329e+02
1.340121698380e+01	1.050000000000e+03	7.370758857803e+02
1.342016339302e+01	1.550000000000e+03	7.370758924348e+02
1.344012975693e+01	1.400000000000e+03	7.370758974659e+02
1.346019530296e+01	1.000000000000e+03	7.370758974659e+02
1.348022413254e+01	1.100000000000e+03	7.370759025908e+02
1.350016188622e+01	1.100000000000e+03	7.370759100424e+02
1.352014636993e+01	1.200000000000e+03	7.370759165396e+02
1.354033398628e+01	1.450000000000e+03	7.370759185956e+02
1.356013298035e+01	1.350000000000e+03	7.370759196484e+02
1.358029651642e+01	1.350000000000e+03	7.370759264555e+02
1.360023903847e+01	8.000000000000e+02	7.370759328868e+02
1.362021088600e+01	9.500000000000e+02	7.370759388475e+02
1.364013433456e+01	1.350000000000e+03	7.370759388475e+02
1.366013169289e+01	1.150000000000e+03	7.370759427758e+02
1.367929983139e+01	1.250000000000e+03	7.370759490410e+02
1.370023322105e+01	1.200000000000e+03	7.370759493750e+02
1.371976780891e+01	1.400000000000e+03	7.370759493750e+02
1.374013471603e+01	8.500000000000e+02	7.370759493750e+02
1.376030540466e+01	1.200000000000e+03	7.370759608104e+02
1.378016710281e+01	1.500000000000e+03	7.370759717538e+02
1.380016970634e+01	1.750000000000e+03	7.370759776598e+02
1.382011747360e+01	1.250000000000e+03	7.370759800144e+02
1.384018063545e+01	9.500000000000e+02	7.370759812825e+02
1.385955786705e+01	1.350000000000e+03	7.370759874370e+02
1.388132834435e+01	1.300000000000e+03	7.370759937085e+02
1.390022373199e+01	1.100000000000e+03	7.370759989004e+02
1.392147707939e+01	1.300000000000e+03	7.370760069106e+02
1.394006729126e+01	8.000000000000e+02	7.370760096946e+02
1.396023845673e+01	1.150000000000e+03	7.370760096946e+02
1.398020577431e+01	1.050000000000e+03	7.370760158846e+02
1.400015521049e+01	1.300000000000e+03	7.370760216879e+02
1.402009487152e+01	1.050000000000e+03	7.370760264110e+02
1.404008483887e+01	9.000000000000e+02	7.370760301213e+02
1.405957484245e+01	1.350000000000e+03	7.370760301213e+02
1.408047223091e+01	1.400000000000e+03	7.370760352224e+02
1.410026979446e+01	8.500000000000e+02	7.370760408671e+02
1.411970400810e+01	1.200000000000e+03	7.370760474634e+02
1.414067983627e+01	1.300000000000e+03	7.370760508492e+02
1.415959954262e+01	1.050000000000e+03	7.370760538486e+02
1.418017482758e+01	1.000000000000e+03	7.370760586087e+02
1.420010209084e+01	1.250000000000e+03	7.370760644220e+02
1.421943783760e+01	1.350000000000e+03	7.370760712575e+02
1.424010634422e+01	1.050000000000e+03	7.370760769981e+02
1.426026201248e+01	8.000000000000e+02	7.370760825188e+02
1.428019642830e+01	1.150000000000e+03	7.370760827925e+02
1.430013799667e+01	8.500000000000e+02	7.370760883149e+02
1.432075834274e+01	1.250000000000e+03	7.370760960273e+02
1.433970785141e+01	3.500000000000e+02	7.370761026788e+02
1.435965514183e+01	1.150000000000e+03	7.370761030290e+02
1.438019680977e+01	1.000000000000e+03	7.370761058324e+02
1.440119338036e+01	1.350000000000e+03	7.370761119827e+02
1.442035746574e+01	8.000000000000e+02	7.370761189839e+02
1.444005560875e+01	8.000000000000e+02	7.370761241265e+02
1.445947933197e+01	8.500000000000e+02	7.370761241265e+02
1.448031997681e+01	6.500000000000e+02	7.370761295921e+02
1.450008726120e+01	4.500000000000e+02	7.370761352909e+02
1.452122235298e+01	1.050000000000e+03	7.370761412998e+02
1.454318761826e+01	6.500000000000e+02	7.370761438614e+02
1.456011247635e+01	8.000000000000e+02	7.370761438614e+02
1.458048272133e+01	1.150000000000e+03	7.370761438614e+02
1.460022163391e+01	8.500000000000e+02	7.370761508539e+02
1.462023830414e+01	9.000000000000e+02	7.370761647407e+02
1.464017939568e+01	5.500000000000e+02	7.370761712611e+02
1.466056203842e+01	1.000000000000e+03	7.370761745288e+02
1.468030595779e+01	5.500000000000e+02	7.370761745288e+02
1.470025253296e+01	7.500000000000e+02	7.370761805332e+02
1.472022247314e+01	9.500000000000e+02	7.370761869314e+02
1.474014616013e+01	8.500000000000e+02	7.370761934419e+02
1.476013302803e+01	1.200000000000e+03	7.370761947069e+02
1.477972650528e+01	6.500000000000e+02	7.370761962344e+02
1.480026721954e+01	7.500000000000e+02	7.370762025563e+02
1.482084560394e+01	5.500000000000e+02	7.370762089808e+02
1.484003615379e+01	1.000000000000e+03	7.370762150153e+02
1.485962295532e+01	1.000000000000e+03	7.370762150153e+02
1.488033938408e+01	4.000000000000e+02	7.370762193059e+02
1.490023159981e+01	1.000000000000e+03	7.370762258760e+02
1.492017412186e+01	8.000000000000e+02	7.370762327416e+02
1.494028210640e+01	9.000000000000e+02	7.370762358798e+02
1.495937418938e+01	5.000000000000e+02	7.370762358798e+02
1.498013019562e+01	5.500000000000e+02	7.370762424719e+02
1.500021433830e+01	9.500000000000e+02	7.370762491270e+02
1.502008461952e+01	7.500000000000e+02	7.370762560374e+02
1.504083180428e+01	5.000000000000e+02	7.370762597947e+02
1.505978107452e+01	6.000000000000e+02	7.370762629868e+02
1.507975029945e+01	4.000000000000e+02	7.370762663508e+02
1.509967422485e+01	6.500000000000e+02	7.370762699548e+02
1.512017369270e+01	7.000000000000e+02	7.370762750050e+02
1.514028263092e+01	6.500000000000e+02	7.370762809934e+02
1.515970015526e+01	6.000000000000e+02	7.370762876027e+02
1.517951393127e+01	5.500000000000e+02	7.370762879421e+02
1.520016670227e+01	7.000000000000e+02	7.370762911776e+02
1.521959280968e+01	6.000000000000e+02	7.370762979478e+02
1.523993635178e+01	9.000000000000e+02	7.370763044839e+02
1.525952315331e+01	8.000000000000e+02	7.370763087795e+02
1.528008937836e+01	7.000000000000e+02	7.370763087795e+02
1.530021667480e+01	9.500000000000e+02	7.370763154304e+02
1.532009077072e+01	5.500000000000e+02	7.370763218164e+02
1.533949041367e+01	6.500000000000e+02	7.370763274166e+02
1.536025667191e+01	6.500000000000e+02	7.370763294318e+02
1.538006114960e+01	9.500000000000e+02	7.370763310010e+02
1.539998841286e+01	7.500000000000e+02	7.370763371032e+02
1.541995787621e+01	6.000000000000e+02	7.370763389355e+02
1.543988132477e+01	6.500000000000e+02	7.370763389355e+02
1.546006798744e+01	5.000000000000e+02	7.370763389355e+02
1.548005342484e+01	2.500000000000e+02	7.370763513366e+02
1.550053167343e+01	4.500000000000e+02	7.370763609336e+02
1.552012324333e+01	7.000000000000e+02	7.370763655757e+02
1.554257607460e+01	4.500000000000e+02	7.370763721290e+02
1.555951118469e+01	5.500000000000e+02	7.370763780405e+02
1.558025121689e+01	5.500000000000e+02	7.370763787349e+02
1.560020637512e+01	6.500000000000e+02	7.370763811191e+02
1.561980748177e+01	7.000000000000e+02	7.370763877999e+02
1.564010429382e+01	4.500000000000e+02	7.370763945391e+02
1.565982246399e+01	5.500000000000e+02	7.370763990398e+02
1.568014168739e+01	5.500000000000e+02	7.370763990398e+02
1.569994378090e+01	4.500000000000e+02	7.370764036667e+02
1.572040867805e+01	5.500000000000e+02	7.370764099698e+02
1.574035286903e+01	5.500000000000e+02	7.370764163999e+02
1.576126146317e+01	7.500000000000e+02	7.370764236303e+02
1.578008699417e+01	4.000000000000e+02	7.370764292901e+02
1.580005383492e+01	2.500000000000e+02	7.370764292901e+02
1.582023382187e+01	3.500000000000e+02	7.370764325651e+02
1.584013199806e+01	3.500000000000e+02	7.370764383712e+02
1.586007666588e+01	3.500000000000e+02	7.370764451722e+02
1.588017702103e+01	5.500000000000e+02	7.370764492393e+02
1.590020275116e+01	4.000000000000e+02	7.370764492393e+02
1.592029571533e+01	4.000000000000e+02	7.370764492393e+02
1.594010734558e+01	5.500000000000e+02	7.370764541863e+02
1.596020030975e+01	6.500000000000e+02	7.370764679567e+02
1.598025918007e+01	2.000000000000e+02	7.370764700209e+02
1.600006723404e+01	4.500000000000e+02	7.370764720086e+02
1.602017617226e+01	3.500000000000e+02	7.370764788001e+02
1.603978466988e+01	2.000000000000e+02	7.370764850393e+02
1.606021451950e+01	3.500000000000e+02	7.370764907846e+02
1.608018636703e+01	5.500000000000e+02	7.370764907846e+02
1.609950566292e+01	6.500000000000e+02	7.370764949120e+02
1.612031269073e+01	3.000000000000e+02	7.370765014935e+02
1.614023447037e+01	3.500000000000e+02	7.370765088488e+02
1.616018104553e+01	4.500000000000e+02	7.370765125313e+02
1.617977285385e+01	3.000000000000e+02	7.370765125313e+02
1.620023465157e+01	3.000000000000e+02	7.370765192252e+02
1.622017788887e+01	6.000000000000e+02	7.370765260906e+02
1.623998618126e+01	4.500000000000e+02	7.370765334097e+02
1.625995707512e+01	7.500000000000e+02	7.370765337788e+02
1.628021979332e+01	3.000000000000e+02	7.370765366595e+02
1.630019021034e+01	5.000000000000e+02	7.370765433493e+02
1.632021379471e+01	1.500000000000e+02	7.370765499467e+02
1.634009623528e+01	3.000000000000e+02	7.370765561895e+02
1.636010599136e+01	3.500000000000e+02	7.370765611596e+02
1.638030123711e+01	4.500000000000e+02	7.370765659280e+02
1.640017867088e+01	1.500000000000e+02	7.370765659280e+02
1.642029714584e+01	3.500000000000e+02	7.370765700936e+02
1.644007539749e+01	4.500000000000e+02	7.370765771414e+02
1.646055579185e+01	2.000000000000e+02	7.370765866795e+02
1.648017907143e+01	1.500000000000e+02	7.370765871439e+02
1.649979162216e+01	4.000000000000e+02	7.370765871439e+02
1.651972794533e+01	2.000000000000e+02	7.370765939743e+02
1.654017567635e+01	3.000000000000e+02	7.370766011572e+02
1.655974674225e+01	5.000000000000e+01	7.370766078244e+02
1.658008551598e+01	5.500000000000e+02	7.370766083263e+02
1.660021853447e+01	2.000000000000e+02	7.370766110894e+02
1.662055706978e+01	3.500000000000e+02	7.370766168357e+02
1.664019417763e+01	5.500000000000e+02	7.370766230144e+02
1.666015768051e+01	4.500000000000e+02	7.370766289790e+02
1.668010258675e+01	6.500000000000e+02	7.370766289790e+02
1.670018196106e+01	6.500000000000e+02	7.370766356425e+02
1.672005844116e+01	4.000000000000e+02	7.370766422013e+02
1.674017882347e+01	3.500000000000e+02	7.370766481419e+02
1.676117372513e+01	6.500000000000e+02	7.370766550615e+02
1.678009176254e+01	4.000000000000e+02	7.370766611358e+02
1.679958295822e+01	5.500000000000e+02	7.370766611358e+02
1.682018566132e+01	6.500000000000e+02	7.370766655009e+02
1.684040474892e+01	4.000000000000e+02	7.370766708323e+02
1.685937523842e+01	3.000000000000e+02	7.370766775459e+02
1.688029861450e+01	2.000000000000e+02	7.370766829357e+02
1.690014743805e+01	2.500000000000e+02	7.370766829357e+02
1.692017984390e+01	5.000000000000e+02	7.370766891697e+02
1.694018006325e+01	1.000000000000e+02	7.370766965623e+02
1.696193504333e+01	3.500000000000e+02	7.370767044347e+02
1.697946667671e+01	4.000000000000e+02	7.370767047871e+02
1.700022673607e+01	6.000000000000e+02	7.370767077090e+02
1.702017378807e+01	4.500000000000e+02	7.370767141962e+02
1.704030323029e+01	7.500000000000e+02	7.370767209937e+02
1.706032323837e+01	2.500000000000e+02	7.370767264488e+02
1.707959270477e+01	3.500000000000e+02	7.370767264488e+02
1.710020375252e+01	5.500000000000e+02	7.370767317245e+02
1.712028932571e+01	2.000000000000e+02	7.370767392870e+02
1.714064979553e+01	4.000000000000e+02	7.370767460479e+02
1.716145038605e+01	6.000000000000e+02	7.370767537374e+02
1.717974615097e+01	1.500000000000e+02	7.370767607278e+02
1.720020103455e+01	4.000000000000e+02	7.370767607278e+02
1.722014760971e+01	5.000000000000e+02	7.370767642727e+02
1.724009442329e+01	4.500000000000e+02	7.370767713633e+02
1.726019096375e+01	3.000000000000e+02	7.370767717180e+02
1.728020977974e+01	3.000000000000e+02	7.370767742629e+02
1.729954695702e+01	4.000000000000e+02	7.370767801145e+02
1.732019591331e+01	2.500000000000e+02	7.370767859268e+02
1.733961081505e+01	4.500000000000e+02	7.370767912955e+02
1.736083698273e+01	3.500000000000e+02	7.370767982560e+02
1.737995004654e+01	2.500000000000e+02	7.370768041837e+02
1.740018963814e+01	4.000000000000e+02	7.370768098381e+02
1.741949701309e+01	1.000000000000e+02	7.370768124791e+02
1.744032096863e+01	2.500000000000e+02	7.370768146523e+02
1.746051597595e+01	2.000000000000e+02	7.370768193488e+02
1.747994565964e+01	4.500000000000e+02	7.370768248631e+02
1.749979972839e+01	4.000000000000e+02	7.370768318096e+02
1.752090954781e+01	3.500000000000e+02	7.370768325081e+02
1.754018974304e+01	1.500000000000e+02	7.370768346865e+02
1.756129264832e+01	2.500000000000e+02	7.370768419354e+02
1.758010649681e+01	1.500000000000e+02	7.370768492612e+02
1.759961175919e+01	3.000000000000e+02	7.370768534842e+02
1.762018561363e+01	5.000000000000e+02	7.370768534842e+02
1.764045047760e+01	3.500000000000e+02	7.370768594470e+02
1.766119050980e+01	4.500000000000e+02	7.370768669411e+02
1.768014168739e+01	5.000000000000e+02	7.370768727488e+02
1.769960308075e+01	3.500000000000e+02	7.370768730533e+02
1.772018480301e+01	2.500000000000e+02	7.370768742368e+02
1.774018311501e+01	3.500000000000e+02	7.370768808298e+02
1.776032304764e+01	5.500000000000e+02	7.370768876046e+02
1.778026914597e+01	3.000000000000e+02	7.370768933677e+02
1.780018258095e+01	5.000000000000e+02	7.370768933677e+02
1.782011699677e+01	2.000000000000e+02	7.370768969684e+02
1.784008479118e+01	1.000000000000e+02	7.370769030516e+02
1.786024594307e+01	3.500000000000e+02	7.370769100295e+02
1.788009190559e+01	1.000000000000e+02	7.370769138021e+02
1.790007162094e+01	4.000000000000e+02	7.370769138021e+02
1.792028808594e+01	5.000000000000e+02	7.370769199382e+02
1.794023489952e+01	2.500000000000e+02	7.370769268124e+02
1.796037912369e+01	1.000000000000e+02	7.370769339613e+02
1.798008036613e+01	3.500000000000e+02	7.370769346693e+02
1.800007462502e+01	3.000000000000e+02	7.370769369059e+02
1.802019357681e+01	3.000000000000e+02	7.370769431693e+02
1.803991246223e+01	2.000000000000e+02	7.370769495478e+02
1.805958127975e+01	2.000000000000e+02	7.370769544721e+02
1.808074879646e+01	3.000000000000e+02	7.370769544721e+02
1.809965205193e+01	1.000000000000e+02	7.370769591137e+02
1.812028813362e+01	2.500000000000e+02	7.370769661614e+02
1.814042854309e+01	1.500000000000e+02	7.370769716735e+02
1.816021513939e+01	3.000000000000e+02	7.370769778512e+02
1.817974066734e+01	4.500000000000e+02	7.370769857452e+02
1.820035696030e+01	1.000000000000e+02	7.370769867061e+02
1.822019028664e+01	1.500000000000e+02	7.370769899671e+02
1.823963332176e+01	6.500000000000e+02	7.370769967046e+02
1.825945186615e+01	3.000000000000e+02	7.370769974916e+02
1.827982854843e+01	2.500000000000e+02	7.370769974916e+02
1.829977869987e+01	1.500000000000e+02	7.370769974916e+02
1.831970000267e+01	1.500000000000e+02	7.370769997436e+02
1.833984136581e+01	2.000000000000e+02	7.370770015343e+02
1.836018419266e+01	2.000000000000e+02	7.370769988643e+02
1.837982296944e+01	2.000000000000e+02	7.370769962868e+02
1.840042519569e+01	3.000000000000e+02	7.370769916205e+02
1.842018604279e+01	2.500000000000e+02	7.370769893731e+02
1.844045972824e+01	5.000000000000e+01	7.370769866346e+02
1.845992803574e+01	1.500000000000e+02	7.370769825806e+02
1.847976231575e+01	1.000000000000e+02	7.370769800192e+02
1.850015163422e+01	1.000000000000e+02	7.370769780933e+02
1.852030634880e+01	1.500000000000e+02	7.370769739151e+02
1.854020929337e+01	3.500000000000e+02	7.370769685587e+02
1.856019115448e+01	3.000000000000e+02	7.370769614430e+02
1.858030581474e+01	1.500000000000e+02	7.370769574065e+02
1.859999871254e+01	3.000000000000e+02	7.370769531444e+02
1.862016987801e+01	1.500000000000e+02	7.370769473374e+02
1.864016509056e+01	2.500000000000e+02	7.370769453405e+02
1.866011428833e+01	2.500000000000e+02	7.370769445915e+02
1.868029427528e+01	1.000000000000e+02	7.370769369024e+02
1.870018506050e+01	1.500000000000e+02	7.370769324375e+02
1.872030663490e+01	5.000000000000e+01	7.370769281283e+02
1.874018669128e+01	3.500000000000e+02	7.370769281283e+02
1.876021575928e+01	4.000000000000e+02	7.370769250722e+02
1.877973365784e+01	1.500000000000e+02	7.370769191010e+02
1.880027413368e+01	1.500000000000e+02	7.370769131483e+02
1.881944870949e+01	3.000000000000e+02	7.370769099232e+02
1.883963012695e+01	2.000000000000e+02	7.370769099232e+02
1.886020708084e+01	1.000000000000e+02	7.370769044479e+02
1.888013720512e+01	3.500000000000e+02	7.370768985577e+02
1.890018606186e+01	1.000000000000e+02	7.370768925484e+02
1.892017984390e+01	2.000000000000e+02	7.370768915126e+02
1.894017624855e+01	3.500000000000e+02	7.370768889340e+02
1.896032524109e+01	3.000000000000e+02	7.370768830057e+02
1.898009824753e+01	2.000000000000e+02	7.370768775540e+02
1.899990510941e+01	2.500000000000e+02	7.370768732191e+02
1.901987481117e+01	4.500000000000e+02	7.370768732191e+02
1.903981709480e+01	3.000000000000e+02	7.370768688410e+02
1.905986070633e+01	2.000000000000e+02	7.370768630054e+02
1.908018589020e+01	3.000000000000e+02	7.370768571828e+02
1.910017919540e+01	3.500000000000e+02	7.370768551118e+02
1.912043380737e+01	2.500000000000e+02	7.370768548347e+02
1.914013481140e+01	2.000000000000e+02	7.370768493513e+02
1.916016578674e+01	2.500000000000e+02	7.370768436371e+02
1.917958664894e+01	3.000000000000e+02	7.370768378968e+02
1.919972538948e+01	4.000000000000e+02	7.370768376019e+02
1.922018790245e+01	3.000000000000e+02	7.370768349922e+02
1.924018883705e+01	4.500000000000e+02	7.370768288451e+02
1.926028966904e+01	3.500000000000e+02	7.370768226611e+02
1.927999353409e+01	5.500000000000e+02	7.370768184399e+02
1.930019783974e+01	5.000000000000e+01	7.370768184399e+02
1.931969714165e+01	4.500000000000e+02	7.370768140652e+02
1.933959364891e+01	3.500000000000e+02	7.370768076677e+02
1.936015510559e+01	6.500000000000e+02	7.370768010598e+02
1.938010120392e+01	2.000000000000e+02	7.370767950045e+02
1.939963817596e+01	2.000000000000e+02	7.370767897840e+02
1.942018723488e+01	1.000000000000e+02	7.370767897840e+02
1.943957901001e+01	3.000000000000e+02	7.370767861754e+02
1.945975351334e+01	3.000000000000e+02	7.370767803766e+02
1.948018550873e+01	1.500000000000e+02	7.370767754069e+02
1.950020885468e+01	4.500000000000e+02	7.370767706324e+02
1.952029180527e+01	2.000000000000e+02	7.370767644641e+02
1.954009342194e+01	1.500000000000e+02	7.370767592425e+02
1.956030011177e+01	3.000000000000e+02	7.370767592425e+02
1.958035349846e+01	8.500000000000e+02	7.370767528465e+02
1.960018205643e+01	1.500000000000e+02	7.370767495256e+02
1.962009000778e+01	3.500000000000e+02	7.370767487394e+02
1.964001607895e+01	2.000000000000e+02	7.370767438164e+02
1.966030335426e+01	4.500000000000e+02	7.370767386053e+02
1.968071365356e+01	3.000000000000e+02	7.370767315281e+02
1.970008468628e+01	4.500000000000e+02	7.370767291086e+02
1.972006177902e+01	2.500000000000e+02	7.370767263271e+02
1.974000811577e+01	1.000000000000e+02	7.370767193743e+02
1.975995492935e+01	3.000000000000e+02	7.370767124210e+02
1.978030943871e+01	5.500000000000e+02	7.370767061972e+02
1.979988217354e+01	2.500000000000e+02	7.370767012840e+02
1.982021164894e+01	4.000000000000e+02	7.370766984618e+02
1.984044098854e+01	3.500000000000e+02	7.370766984618e+02
1.986021137238e+01	2.500000000000e+02	7.370766901203e+02
1.988047766685e+01	2.000000000000e+02	7.370766837806e+02
1.990020823479e+01	2.500000000000e+02	7.370766785818e+02
1.992020368576e+01	2.000000000000e+02	7.370766780398e+02
1.994012618065e+01	5.000000000000e+02	7.370766758018e+02
1.995930576324e+01	6.000000000000e+02	7.370766684825e+02
1.998072409630e+01	5.000000000000e+02	7.370766623897e+02
2.000027441978e+01	4.500000000000e+02	7.370766580370e+02
2.002020049095e+01	1.500000000000e+02	7.370766580370e+02
2.004019474983e+01	4.500000000000e+02	7.370766536778e+02
2.006028795242e+01	2.500000000000e+02	7.370766481776e+02
2.007983160019e+01	3.500000000000e+02	7.370766418629e+02
2.009975790977e+01	4.000000000000e+02	7.370766353824e+02
2.011976957321e+01	6.500000000000e+02	7.370766288321e+02
2.014020085335e+01	4.000000000000e+02	7.370766285058e+02
2.015962910652e+01	3.000000000000e+02	7.370766259631e+02
2.018013882637e+01	5.000000000000e+02	7.370766195748e+02
2.020008540154e+01	4.000000000000e+02	7.370766123979e+02
2.021949362755e+01	6.000000000000e+02	7.370766087640e+02
2.023944211006e+01	4.000000000000e+02	7.370766087640e+02
2.025967717171e+01	4.000000000000e+02	7.370766030485e+02
2.027994489670e+01	4.000000000000e+02	7.370765966188e+02
2.029993557930e+01	5.000000000000e+02	7.370765907071e+02
2.032033371925e+01	2.000000000000e+02	7.370765894568e+02
2.034010910988e+01	4.000000000000e+02	7.370765879191e+02
2.036079740524e+01	3.000000000000e+02	7.370765812297e+02
2.037947559357e+01	3.000000000000e+02	7.370765750795e+02
2.040018963814e+01	3.500000000000e+02	7.370765685132e+02
2.042019343376e+01	5.500000000000e+02	7.370765685132e+02
2.043955683708e+01	3.500000000000e+02	7.370765662911e+02
2.045952677727e+01	3.500000000000e+02	7.370765613474e+02
2.047947025299e+01	4.000000000000e+02	7.370765560895e+02
2.050015568733e+01	6.500000000000e+02	7.370765503650e+02
2.052021050453e+01	3.500000000000e+02	7.370765425883e+02
2.054019880295e+01	5.500000000000e+02	7.370765391800e+02
2.056029558182e+01	5.000000000000e+02	7.370765391800e+02
2.058017158508e+01	5.000000000000e+02	7.370765329582e+02
2.060005903244e+01	6.000000000000e+02	7.370765269852e+02
2.062018251419e+01	3.500000000000e+02	7.370765212836e+02
2.064012002945e+01	3.000000000000e+02	7.370765196011e+02
2.066020154953e+01	2.500000000000e+02	7.370765179948e+02
2.068022608757e+01	4.500000000000e+02	7.370765111182e+02
2.070027351379e+01	4.000000000000e+02	7.370765033900e+02
2.072019147873e+01	4.000000000000e+02	7.370764997441e+02
2.073987531662e+01	4.000000000000e+02	7.370764997441e+02
2.076103043556e+01	3.500000000000e+02	7.370764956762e+02
2.078018879890e+01	1.500000000000e+02	7.370764898186e+02
2.080021047592e+01	2.500000000000e+02	7.370764834256e+02
2.082015705109e+01	5.500000000000e+02	7.370764802412e+02
2.084010410309e+01	2.000000000000e+02	7.370764802412e+02
2.085994911194e+01	4.500000000000e+02	7.370764741930e+02
2.088089299202e+01	6.500000000000e+02	7.370764671207e+02
2.089986038208e+01	5.000000000000e+02	7.370764606488e+02
2.092022371292e+01	3.500000000000e+02	7.370764606488e+02
2.094014453888e+01	5.000000000000e+02	7.370764584496e+02
2.095949935913e+01	6.000000000000e+02	7.370764517752e+02
2.098047161102e+01	2.500000000000e+02	7.370764443322e+02
2.100013709068e+01	3.000000000000e+02	7.370764386071e+02
2.102019500732e+01	5.000000000000e+02	7.370764342137e+02
2.104014778137e+01	8.500000000000e+02	7.370764317348e+02
2.106029081345e+01	4.000000000000e+02	7.370764314086e+02
2.108033561707e+01	3.500000000000e+02	7.370764247575e+02
2.109947633743e+01	5.000000000000e+02	7.370764186184e+02
2.112029480934e+01	3.500000000000e+02	7.370764124246e+02
2.114014220238e+01	6.500000000000e+02	7.370764124246e+02
2.116000866890e+01	3.500000000000e+02	7.370764093564e+02
2.117992734909e+01	6.000000000000e+02	7.370764037985e+02
2.119987416267e+01	4.500000000000e+02	7.370763974297e+02
2.122015857697e+01	9.500000000000e+02	7.370763938218e+02
2.124026346207e+01	7.000000000000e+02	7.370763938218e+02
2.126032280922e+01	8.500000000000e+02	7.370763883062e+02
2.127940368652e+01	4.500000000000e+02	7.370763824100e+02
2.130122709274e+01	3.000000000000e+02	7.370763764577e+02
2.132017469406e+01	4.000000000000e+02	7.370763745425e+02
2.134020256996e+01	3.500000000000e+02	7.370763730456e+02
2.136019873619e+01	6.500000000000e+02	7.370763671391e+02
2.138032269478e+01	5.500000000000e+02	7.370763607335e+02
2.140021514893e+01	4.500000000000e+02	7.370763551896e+02
2.142019581795e+01	7.000000000000e+02	7.370763551896e+02
2.144019889832e+01	5.000000000000e+02	7.370763511876e+02
2.146016049385e+01	9.000000000000e+02	7.370763446223e+02
2.147947430611e+01	5.000000000000e+02	7.370763394572e+02
2.150017094612e+01	3.500000000000e+02	7.370763337571e+02
2.152015614510e+01	4.500000000000e+02	7.370763275836e+02
2.154006409645e+01	6.000000000000e+02	7.370763251240e+02
2.156003427505e+01	8.000000000000e+02	7.370763251240e+02
2.157939052582e+01	2.000000000000e+02	7.370763173607e+02
2.160046935081e+01	5.500000000000e+02	7.370763107944e+02
2.161969041824e+01	9.500000000000e+02	7.370763053895e+02
2.163949465752e+01	8.000000000000e+02	7.370763049654e+02
2.165993285179e+01	6.500000000000e+02	7.370763021951e+02
2.168006968498e+01	3.000000000000e+02	7.370762955542e+02
2.170021200180e+01	5.000000000000e+02	7.370762888735e+02
2.171947216988e+01	6.500000000000e+02	7.370762849613e+02
2.174019527435e+01	7.500000000000e+02	7.370762849613e+02
2.175948905945e+01	5.500000000000e+02	7.370762802940e+02
2.178013706207e+01	7.000000000000e+02	7.370762741342e+02
2.180017995834e+01	1.300000000000e+03	7.370762679540e+02
2.182011413574e+01	9.000000000000e+02	7.370762615589e+02
2.184031057358e+01	9.000000000000e+02	7.370762552406e+02
2.186023831367e+01	5.000000000000e+02	7.370762552406e+02
2.188017439842e+01	8.000000000000e+02	7.370762552406e+02
2.190012478828e+01	6.500000000000e+02	7.370762552406e+02
2.192008495331e+01	8.000000000000e+02	7.370762435492e+02
2.194019412994e+01	9.500000000000e+02	7.370762353593e+02
2.195947980881e+01	9.500000000000e+02	7.370762353593e+02
2.198025703430e+01	8.000000000000e+02	7.370762294793e+02
2.199976730347e+01	1.100000000000e+03	7.370762238914e+02
2.202023434639e+01	8.000000000000e+02	7.370762178118e+02
2.204018330574e+01	1.250000000000e+03	7.370762151457e+02
2.206016755104e+01	8.500000000000e+02	7.370762136267e+02
2.208011484146e+01	6.500000000000e+02	7.370762075500e+02
2.210028862953e+01	5.000000000000e+02	7.370762013209e+02
2.212023186684e+01	8.500000000000e+02	7.370761963666e+02
2.213952803612e+01	6.500000000000e+02	7.370761963666e+02
2.216031455994e+01	5.500000000000e+02	7.370761922240e+02
2.217978763580e+01	5.500000000000e+02	7.370761860851e+02
2.219946336746e+01	8.000000000000e+02	7.370761799646e+02
2.222002720833e+01	7.500000000000e+02	7.370761766772e+02
2.223967719078e+01	6.500000000000e+02	7.370761766772e+02
2.225962352753e+01	8.000000000000e+02	7.370761708164e+02
2.227957034111e+01	5.000000000000e+02	7.370761645908e+02
2.229951715469e+01	1.050000000000e+03	7.370761582965e+02
2.231946444511e+01	4.500000000000e+02	7.370761567227e+02
2.234009194374e+01	9.000000000000e+02	7.370761552127e+02
2.236003375053e+01	7.500000000000e+02	7.370761492083e+02
2.238027310371e+01	9.000000000000e+02	7.370761429997e+02
2.239990520477e+01	1.300000000000e+03	7.370761369053e+02
2.242005848885e+01	8.000000000000e+02	7.370761306334e+02
2.243944954872e+01	9.000000000000e+02	7.370761269959e+02
2.246020698547e+01	1.000000000000e+03	7.370761269959e+02
2.247985148430e+01	9.000000000000e+02	7.370761222511e+02
2.250021433830e+01	7.500000000000e+02	7.370761158913e+02
2.252020335197e+01	1.200000000000e+03	7.370761099864e+02
2.254009127617e+01	1.100000000000e+03	7.370761070046e+02
2.256022930145e+01	9.500000000000e+02	7.370761049053e+02
2.258021473885e+01	7.500000000000e+02	7.370760986223e+02
2.260025715828e+01	1.150000000000e+03	7.370760925241e+02
2.262020421028e+01	8.500000000000e+02	7.370760864362e+02
2.264018130302e+01	1.050000000000e+03	7.370760795526e+02
2.265960264206e+01	1.050000000000e+03	7.370760767855e+02
2.268030738831e+01	1.550000000000e+03	7.370760767855e+02
2.270021843910e+01	9.000000000000e+02	7.370760702524e+02
2.271962952614e+01	1.050000000000e+03	7.370760639372e+02
2.274020099640e+01	7.000000000000e+02	7.370760578075e+02
2.276031136513e+01	9.000000000000e+02	7.370760566095e+02
2.278020429611e+01	1.250000000000e+03	7.370760551393e+02
2.280019617081e+01	9.000000000000e+02	7.370760492734e+02
2.282020044327e+01	1.200000000000e+03	7.370760432201e+02
2.284011459351e+01	1.300000000000e+03	7.370760370415e+02
2.286019754410e+01	1.450000000000e+03	7.370760367316e+02
2.287962460518e+01	1.050000000000e+03	7.370760338747e+02
2.290021371841e+01	1.350000000000e+03	7.370760270686e+02
2.291941285133e+01	1.400000000000e+03	7.370760208864e+02
2.294020342827e+01	1.050000000000e+03	7.370760167619e+02
2.296020674706e+01	1.250000000000e+03	7.370760167619e+02
2.298014974594e+01	1.200000000000e+03	7.370760108078e+02
2.299937415123e+01	1.450000000000e+03	7.370760045279e+02
2.302031826973e+01	1.250000000000e+03	7.370759978598e+02
2.304028701782e+01	1.450000000000e+03	7.370759921903e+02
2.306117987633e+01	1.250000000000e+03	7.370759869614e+02
2.308013653755e+01	1.300000000000e+03	7.370759869614e+02
2.310015082359e+01	8.500000000000e+02	7.370759826725e+02
2.311993885040e+01	1.050000000000e+03	7.370759777514e+02
2.314021515846e+01	1.150000000000e+03	7.370759777514e+02
2.316032218933e+01	1.800000000000e+03	7.370759733003e+02
2.318010854721e+01	1.400000000000e+03	7.370759670996e+02
2.320017266273e+01	8.000000000000e+02	7.370759629753e+02
2.322059702873e+01	1.400000000000e+03	7.370759587769e+02
2.323989796638e+01	1.250000000000e+03	7.370759528401e+02
2.325946807861e+01	1.150000000000e+03	7.370759462859e+02
2.327948808670e+01	1.750000000000e+03	7.370759404937e+02
2.329997253418e+01	1.150000000000e+03	7.370759372278e+02
2.332024979591e+01	1.400000000000e+03	7.370759372278e+02
2.334019684792e+01	1.050000000000e+03	7.370759309842e+02
2.335998606682e+01	1.200000000000e+03	7.370759240582e+02
2.338029479980e+01	1.900000000000e+03	7.370759168820e+02
2.339967179298e+01	1.400000000000e+03	7.370759122524e+02
2.342010855675e+01	1.000000000000e+03	7.370759074965e+02
2.343961453438e+01	1.500000000000e+03	7.370759063355e+02
2.345951676369e+01	2.100000000000e+03	7.370759020737e+02
2.348012161255e+01	1.400000000000e+03	7.370758957526e+02
2.350033330917e+01	2.300000000000e+03	7.370758957526e+02
2.351947832108e+01	1.800000000000e+03	7.370758924264e+02
2.354020452499e+01	1.550000000000e+03	7.370758862543e+02
2.355959939957e+01	2.000000000000e+03	7.370758806258e+02
2.358030867577e+01	1.850000000000e+03	7.370758745930e+02
2.360019421577e+01	1.900000000000e+03	7.370758675758e+02
2.361965847015e+01	1.150000000000e+03	7.370758646072e+02
2.364028859138e+01	1.000000000000e+03	7.370758639679e+02
2.365956783295e+01	2.100000000000e+03	7.370758577876e+02
2.367953062057e+01	1.850000000000e+03	7.370758512984e+02
2.369947743416e+01	1.550000000000e+03	7.370758447246e+02
2.372021222115e+01	2.350000000000e+03	7.370758440656e+02
2.374020671844e+01	1.700000000000e+03	7.370758410501e+02
2.375942754745e+01	1.700000000000e+03	7.370758338273e+02
2.378011608124e+01	2.500000000000e+03	7.370758273007e+02
2.380080342293e+01	1.600000000000e+03	7.370758238392e+02
2.382020115852e+01	1.450000000000e+03	7.370758238392e+02
2.384020519257e+01	2.000000000000e+03	7.370758185847e+02
2.385957527161e+01	1.900000000000e+03	7.370758120315e+02
2.388032507896e+01	1.800000000000e+03	7.370758044542e+02
2.390021252632e+01	2.500000000000e+03	7.370758040854e+02
2.392027664185e+01	2.100000000000e+03	7.370758033801e+02
2.394020628929e+01	2.300000000000e+03	7.370757963371e+02
2.395958042145e+01	1.600000000000e+03	7.370757901565e+02
2.398009109497e+01	2.450000000000e+03	7.370757838205e+02
2.400011920929e+01	2.150000000000e+03	7.370757775285e+02
2.402019548416e+01	2.200000000000e+03	7.370757752439e+02
2.403933525085e+01	2.400000000000e+03	7.370757752439e+02
2.406027698517e+01	2.100000000000e+03	7.370757687584e+02
2.408023214340e+01	4.000000000000e+02	7.370757624017e+02
2.409970974922e+01	0.000000000000e+00	7.370757559873e+02
2.412022113800e+01	2.100000000000e+03	7.370757550279e+02
2.413962292671e+01	1.950000000000e+03	7.370757550279e+02
2.415965938568e+01	1.450000000000e+03	7.370757550279e+02
2.418011784554e+01	2.300000000000e+03	7.370757448951e+02
2.419970607758e+01	2.600000000000e+03	7.370757370673e+02
2.422021055222e+01	1.900000000000e+03	7.370757370673e+02
2.424047255516e+01	1.800000000000e+03	7.370757318895e+02
2.426020145416e+01	2.250000000000e+03	7.370757254034e+02
2.428027844429e+01	2.450000000000e+03	7.370757195911e+02
2.430008387566e+01	1.550000000000e+03	7.370757166500e+02
2.432009005547e+01	2.250000000000e+03	7.370757166500e+02
2.434020638466e+01	2.250000000000e+03	7.370757100030e+02
2.435975360870e+01	2.400000000000e+03	7.370757031588e+02
2.438029766083e+01	2.950000000000e+03	7.370756957866e+02
2.440023589134e+01	2.450000000000e+03	7.370756893755e+02
2.442018270493e+01	2.500000000000e+03	7.370756845936e+02
2.444011950493e+01	2.550000000000e+03	7.370756845936e+02
2.446020936966e+01	2.350000000000e+03	7.370756819241e+02
2.448020529747e+01	3.050000000000e+03	7.370756756141e+02
2.450016403198e+01	2.700000000000e+03	7.370756692259e+02
2.452032423019e+01	2.450000000000e+03	7.370756637087e+02
2.454010224342e+01	2.300000000000e+03	7.370756637087e+02
2.455946302414e+01	2.400000000000e+03	7.370756589417e+02
2.458031249046e+01	2.000000000000e+03	7.370756530706e+02
2.460015559196e+01	2.700000000000e+03	7.370756461700e+02
2.462041330338e+01	2.450000000000e+03	7.370756392660e+02
2.464013385773e+01	2.550000000000e+03	7.370756326635e+02
2.465971136093e+01	3.100000000000e+03	7.370756323402e+02
2.468045020103e+01	2.350000000000e+03	7.370756295632e+02
2.469957113266e+01	2.950000000000e+03	7.370756236995e+02
2.472020983696e+01	2.950000000000e+03	7.370756168338e+02
2.474008417130e+01	2.400000000000e+03	7.370756121890e+02
2.475996613503e+01	2.150000000000e+03	7.370756121890e+02
2.477993464470e+01	2.900000000000e+03	7.370756059001e+02
2.480022764206e+01	2.400000000000e+03	7.370755992993e+02
2.482020592690e+01	2.900000000000e+03	7.370755933770e+02
2.484062910080e+01	2.650000000000e+03	7.370755915731e+02
2.486029267311e+01	2.650000000000e+03	7.370755902272e+02
2.488020801544e+01	2.300000000000e+03	7.370755835080e+02
2.490010237694e+01	2.800000000000e+03	7.370755768697e+02
2.492021846771e+01	2.350000000000e+03	7.370755714903e+02
2.494017720222e+01	2.600000000000e+03	7.370755714903e+02
2.495944309235e+01	2.700000000000e+03	7.370755668156e+02
2.498012590408e+01	2.600000000000e+03	7.370755596334e+02
2.500020623207e+01	2.750000000000e+03	7.370755530771e+02
2.502021408081e+01	3.000000000000e+03	7.370755508683e+02
2.503992199898e+01	2.350000000000e+03	7.370755508683e+02
2.506024575233e+01	3.400000000000e+03	7.370755439970e+02
2.508023548126e+01	2.350000000000e+03	7.370755370952e+02
2.510035514832e+01	2.100000000000e+03	7.370755299725e+02
2.512032151222e+01	2.500000000000e+03	7.370755296033e+02
2.514026927948e+01	2.950000000000e+03	7.370755264467e+02
2.515994572639e+01	2.850000000000e+03	7.370755195448e+02
2.518012857437e+01	2.550000000000e+03	7.370755131088e+02
2.520029997826e+01	3.000000000000e+03	7.370755088849e+02
2.522019934654e+01	2.100000000000e+03	7.370755088849e+02
2.524030828476e+01	2.600000000000e+03	7.370755038103e+02
2.525979614258e+01	2.600000000000e+03	7.370754970956e+02
2.527940273285e+01	2.050000000000e+03	7.370754897820e+02
2.530020260811e+01	2.200000000000e+03	7.370754824334e+02
2.532030224800e+01	2.450000000000e+03	7.370754762581e+02
2.534023714066e+01	1.950000000000e+03	7.370754762581e+02
2.536021804810e+01	2.500000000000e+03	7.370754731499e+02
2.538009643555e+01	3.200000000000e+03	7.370754673614e+02
2.539953899384e+01	2.000000000000e+03	7.370754615389e+02
2.541993641853e+01	2.050000000000e+03	7.370754552949e+02
2.544125795364e+01	2.450000000000e+03	7.370754483770e+02
2.545951247215e+01	1.950000000000e+03	7.370754463953e+02
2.547954988480e+01	2.200000000000e+03	7.370754463953e+02
2.549948167801e+01	2.350000000000e+03	7.370754404034e+02
2.552009272575e+01	2.200000000000e+03	7.370754365058e+02
2.554009675980e+01	2.050000000000e+03	7.370754365058e+02
2.556030893326e+01	2.500000000000e+03	7.370754300633e+02
2.558068537712e+01	2.200000000000e+03	7.370754231497e+02
2.560059094429e+01	2.100000000000e+03	7.370754166764e+02
2.562038516998e+01	2.100000000000e+03	7.370754166764e+02
2.564016556740e+01	2.050000000000e+03	7.370754148460e+02
2.565989255905e+01	1.400000000000e+03	7.370754088163e+02
2.568033003807e+01	2.100000000000e+03	7.370754022835e+02
2.570026373863e+01	2.300000000000e+03	7.370753963063e+02
2.571949553490e+01	2.350000000000e+03	7.370753917616e+02
2.574012160301e+01	1.550000000000e+03	7.370753879826e+02
2.576024866104e+01	1.850000000000e+03	7.370753871028e+02
2.578028345108e+01	8.000000000000e+02	7.370753812255e+02
2.580003523827e+01	1.850000000000e+03	7.370753761185e+02
2.582053470612e+01	1.150000000000e+03	7.370753715875e+02
2.583946585655e+01	1.500000000000e+03	7.370753685115e+02
2.586038136482e+01	1.750000000000e+03	7.370753662159e+02
2.588034772873e+01	1.100000000000e+03	7.370753604710e+02
2.590012550354e+01	2.200000000000e+03	7.370753536414e+02
2.591960597038e+01	2.100000000000e+03	7.370753484040e+02
2.593976211548e+01	2.000000000000e+03	7.370753484040e+02
2.595968961716e+01	2.100000000000e+03	7.370753435593e+02
2.597944378853e+01	2.050000000000e+03	7.370753370483e+02
2.600039696693e+01	1.450000000000e+03	7.370753308267e+02
2.602028799057e+01	1.100000000000e+03	7.370753245052e+02
2.604009008408e+01	1.600000000000e+03	7.370753181124e+02
2.606051182747e+01	1.600000000000e+03	7.370753181124e+02
2.608043909073e+01	1.450000000000e+03	7.370753169759e+02
2.610018587112e+01	1.700000000000e+03	7.370753095211e+02
2.612031340599e+01	1.300000000000e+03	7.370753018562e+02
2.614021182060e+01	1.600000000000e+03	7.370752977100e+02
2.616033005714e+01	1.300000000000e+03	7.370752977100e+02
2.618021559715e+01	1.400000000000e+03	7.370752929434e+02
2.620022463799e+01	1.400000000000e+03	7.370752869532e+02
2.622017264366e+01	1.200000000000e+03	7.370752803820e+02
2.624009943008e+01	1.650000000000e+03	7.370752767684e+02
2.626091456413e+01	1.600000000000e+03	7.370752755399e+02
2.628012657166e+01	1.200000000000e+03	7.370752696250e+02
2.629945921898e+01	1.550000000000e+03	7.370752633391e+02
2.632022571564e+01	1.200000000000e+03	7.370752559556e+02
2.634035468102e+01	1.200000000000e+03	7.370752548922e+02
2.636033034325e+01	1.250000000000e+03	7.370752524287e+02
2.637949419022e+01	1.700000000000e+03	7.370752455570e+02
2.639959049225e+01	1.050000000000e+03	7.370752386501e+02
2.641939878464e+01	9.500000000000e+02	7.370752336110e+02
2.643950009346e+01	1.150000000000e+03	7.370752336110e+02
2.645964813232e+01	1.450000000000e+03	7.370752283802e+02
2.647983217239e+01	1.050000000000e+03	7.370752212486e+02
2.650021696091e+01	1.000000000000e+03	7.370752141758e+02
2.652030611038e+01	1.100000000000e+03	7.370752120314e+02
2.654030895233e+01	1.450000000000e+03	7.370752108167e+02
2.656023740768e+01	1.350000000000e+03	7.370752047764e+02
2.658018398285e+01	1.650000000000e+03	7.370751992948e+02
2.660012507439e+01	1.150000000000e+03	7.370751945068e+02
2.662016582489e+01	1.250000000000e+03	7.370751879426e+02
2.664007496834e+01	9.500000000000e+02	7.370751800191e+02
2.666005778313e+01	1.350000000000e+03	7.370751800191e+02
2.667999505997e+01	1.750000000000e+03	7.370751745770e+02
2.670019507408e+01	1.100000000000e+03	7.370751684694e+02
2.671949791908e+01	8.500000000000e+02	7.370751640031e+02
2.674023127556e+01	1.650000000000e+03	7.370751585782e+02
2.675977182388e+01	1.400000000000e+03	7.370751498362e+02
2.677993202209e+01	1.250000000000e+03	7.370751493902e+02
2.680032277107e+01	1.100000000000e+03	7.370751489144e+02
2.682044267654e+01	1.300000000000e+03	7.370751417109e+02
2.684020543098e+01	1.600000000000e+03	7.370751392433e+02
2.686054921150e+01	1.500000000000e+03	7.370751370058e+02
2.688012337685e+01	7.500000000000e+02	7.370751296886e+02
2.690013170242e+01	1.450000000000e+03	7.370751245371e+02
2.692010378838e+01	1.200000000000e+03	7.370751195367e+02
2.694008016586e+01	1.350000000000e+03	7.370751122257e+02
2.695943903923e+01	9.000000000000e+02	7.370751088978e+02
2.697975587845e+01	1.500000000000e+03	7.370751088978e+02
2.700019073486e+01	8.500000000000e+02	7.370751018816e+02
2.702022123337e+01	1.450000000000e+03	7.370750951399e+02
2.704058051109e+01	1.400000000000e+03	7.370750890965e+02
2.705952739716e+01	1.250000000000e+03	7.370750879120e+02
2.708013105392e+01	8.500000000000e+02	7.370750851543e+02
2.709947824478e+01	1.000000000000e+03	7.370750798667e+02
2.712021207809e+01	8.500000000000e+02	7.370750729693e+02
2.714018678665e+01	8.000000000000e+02	7.370750660445e+02
2.716039180756e+01	1.000000000000e+03	7.370750594158e+02
2.718018054962e+01	1.300000000000e+03	7.370750567983e+02
2.720021772385e+01	1.550000000000e+03	7.370750564655e+02
2.722024011612e+01	1.250000000000e+03	7.370750495886e+02
2.724024057388e+01	8.000000000000e+02	7.370750430166e+02
2.726014971733e+01	9.000000000000e+02	7.370750367191e+02
2.728009748459e+01	6.000000000000e+02	7.370750360877e+02
2.729987430573e+01	1.050000000000e+03	7.370750336200e+02
2.731979179382e+01	5.500000000000e+02	7.370750273256e+02
2.734021759033e+01	5.000000000000e+02	7.370750194957e+02
2.736015796661e+01	1.300000000000e+03	7.370750152193e+02
2.738017416000e+01	1.150000000000e+03	7.370750152193e+02
2.740019011497e+01	8.000000000000e+02	7.370750099156e+02
2.741993618011e+01	8.500000000000e+02	7.370750039710e+02
2.744028401375e+01	7.500000000000e+02	7.370749973818e+02
2.745983242989e+01	7.500000000000e+02	7.370749949342e+02
2.748007059097e+01	9.500000000000e+02	7.370749949342e+02
2.750012254715e+01	8.500000000000e+02	7.370749881460e+02
2.752014899254e+01	8.500000000000e+02	7.370749814730e+02
2.754025983810e+01	9.500000000000e+02	7.370749748736e+02
2.755968904495e+01	6.500000000000e+02	7.370749745463e+02
2.757944464684e+01	1.150000000000e+03	7.370749720576e+02
2.760123109818e+01	1.400000000000e+03	7.370749652900e+02
2.762031984329e+01	1.250000000000e+03	7.370749589531e+02
2.764023947716e+01	8.000000000000e+02	7.370749552731e+02
2.766021060944e+01	7.000000000000e+02	7.370749552731e+02
2.768000841141e+01	1.150000000000e+03	7.370749497176e+02
2.769973707199e+01	6.000000000000e+02	7.370749431595e+02
2.772021985054e+01	4.000000000000e+02	7.370749362757e+02
2.773962450027e+01	8.500000000000e+02	7.370749303569e+02
2.775982832909e+01	6.500000000000e+02	7.370749243654e+02
2.778017878532e+01	7.500000000000e+02	7.370749243654e+02
2.780022764206e+01	7.000000000000e+02	7.370749204172e+02
2.781976103783e+01	6.000000000000e+02	7.370749143586e+02
2.784010791779e+01	7.500000000000e+02	7.370749085937e+02
2.786015820503e+01	7.000000000000e+02	7.370749043455e+02
2.788030982018e+01	6.500000000000e+02	7.370749043455e+02
2.790020704269e+01	4.500000000000e+02	7.370748994012e+02
2.792010521889e+01	5.000000000000e+02	7.370748934783e+02
2.794021892548e+01	7.500000000000e+02	7.370748845102e+02
2.796046614647e+01	6.000000000000e+02	7.370748829451e+02
2.798018074036e+01	5.000000000000e+02	7.370748814784e+02
2.800012731552e+01	4.000000000000e+02	7.370748756143e+02
2.802010369301e+01	6.500000000000e+02	7.370748699827e+02
2.803968572617e+01	7.000000000000e+02	7.370748646196e+02
2.806011176109e+01	6.000000000000e+02	7.370748626715e+02
2.808032703400e+01	5.000000000000e+02	7.370748596716e+02
2.810020470619e+01	6.000000000000e+02	7.370748531953e+02
2.812009310722e+01	1.300000000000e+03	7.370748459545e+02
2.813983345032e+01	5.500000000000e+02	7.370748419113e+02
2.816020154953e+01	8.000000000000e+02	7.370748419113e+02
2.817947244644e+01	6.500000000000e+02	7.370748378315e+02
2.820021510124e+01	7.500000000000e+02	7.370748308061e+02
2.822020626068e+01	5.500000000000e+02	7.370748234774e+02
2.824022173882e+01	9.500000000000e+02	7.370748165900e+02
2.826035070419e+01	4.500000000000e+02	7.370748101029e+02
2.828037714958e+01	5.500000000000e+02	7.370748084950e+02
2.829948616028e+01	7.500000000000e+02	7.370748054660e+02
2.832030963898e+01	3.500000000000e+02	7.370747975332e+02
2.833979439735e+01	7.000000000000e+02	7.370747905891e+02
2.835976266861e+01	8.500000000000e+02	7.370747866795e+02
2.838044857979e+01	3.500000000000e+02	7.370747866795e+02
2.839953303337e+01	4.000000000000e+02	7.370747803125e+02
2.842021846771e+01	1.500000000000e+02	7.370747733750e+02
2.844021940231e+01	8.000000000000e+02	7.370747672314e+02
2.846042919159e+01	2.500000000000e+02	7.370747659994e+02
2.848013377190e+01	5.000000000000e+02	7.370747651416e+02
2.850022578239e+01	5.500000000000e+02	7.370747575564e+02
2.851942753792e+01	4.500000000000e+02	7.370747509418e+02
2.854021954536e+01	5.000000000000e+02	7.370747440498e+02
2.856022524834e+01	5.000000000000e+02	7.370747375051e+02
2.857968711853e+01	5.500000000000e+02	7.370747345935e+02
2.860002660751e+01	4.000000000000e+02	7.370747345935e+02
2.861962175369e+01	5.000000000000e+02	7.370747296597e+02
2.864008760452e+01	5.000000000000e+02	7.370747243315e+02
2.866008901596e+01	4.500000000000e+02	7.370747148028e+02
2.868041062355e+01	5.500000000000e+02	7.370747133744e+02
2.870042300224e+01	5.500000000000e+02	7.370747133744e+02
2.872036910057e+01	4.000000000000e+02	7.370747079681e+02
2.874033880234e+01	3.500000000000e+02	7.370747018875e+02
2.876057958603e+01	5.000000000000e+02	7.370746935203e+02
2.877941870689e+01	6.000000000000e+02	7.370746931245e+02
2.879992246628e+01	3.500000000000e+02	7.370746901612e+02
2.882041239738e+01	4.500000000000e+02	7.370746831996e+02
2.883981585503e+01	4.000000000000e+02	7.370746781671e+02
2.885973644257e+01	6.500000000000e+02	7.370746730869e+02
2.888017606735e+01	2.500000000000e+02	7.370746723234e+02
2.889937543869e+01	4.500000000000e+02	7.370746667409e+02
2.892021679878e+01	2.500000000000e+02	7.370746606214e+02
2.894016408920e+01	6.000000000000e+02	7.370746552784e+02
2.895995020866e+01	4.000000000000e+02	7.370746494759e+02
2.898029923439e+01	4.500000000000e+02	7.370746427609e+02
2.899975204468e+01	3.500000000000e+02	7.370746411154e+02
2.901961040497e+01	5.000000000000e+02	7.370746397566e+02
2.904022789001e+01	3.000000000000e+02	7.370746329504e+02
2.906048107147e+01	4.500000000000e+02	7.370746254412e+02
2.907945513725e+01	2.500000000000e+02	7.370746212105e+02
2.909937596321e+01	3.000000000000e+02	7.370746212105e+02
2.912011289597e+01	2.500000000000e+02	7.370746155460e+02
2.914020538330e+01	4.500000000000e+02	7.370746078927e+02
2.916057920456e+01	5.500000000000e+02	7.370746022791e+02
2.918022561073e+01	1.000000000000e+02	7.370745995390e+02
2.920099925995e+01	2.500000000000e+02	7.370745984445e+02
2.922042870522e+01	4.500000000000e+02	7.370745912882e+02
2.924043464661e+01	5.500000000000e+02	7.370745842750e+02
2.926017785072e+01	4.500000000000e+02	7.370745781874e+02
2.928018379211e+01	1.500000000000e+02	7.370745781874e+02
2.930053901672e+01	2.500000000000e+02	7.370745754313e+02
2.932213497162e+01	5.000000000000e+02	7.370745669456e+02
2.934008622169e+01	4.000000000000e+02	7.370745604882e+02
2.936005520821e+01	4.000000000000e+02	7.370745568923e+02
2.938030862808e+01	2.500000000000e+02	7.370745568923e+02
2.940015506744e+01	3.000000000000e+02	7.370745506341e+02
2.942035651207e+01	2.500000000000e+02	7.370745442157e+02
2.944030308723e+01	2.000000000000e+02	7.370745383155e+02
2.946025085449e+01	3.000000000000e+02	7.370745320674e+02
2.948030710220e+01	4.500000000000e+02	7.370745256540e+02
2.950037574768e+01	5.000000000000e+02	7.370745203207e+02
2.952013564110e+01	4.000000000000e+02	7.370745151164e+02
2.954022264481e+01	5.000000000000e+02	7.370745151164e+02
2.956014585495e+01	2.000000000000e+02	7.370745118880e+02
2.958028888702e+01	2.500000000000e+02	7.370745058309e+02
2.960021638870e+01	4.500000000000e+02	7.370745049572e+02
2.962022829056e+01	1.000000000000e+02	7.370744999951e+02
2.963970661163e+01	4.000000000000e+02	7.370744932762e+02
2.965951728821e+01	4.500000000000e+02	7.370744867506e+02
2.968014931679e+01	5.000000000000e+02	7.370744815491e+02
2.970021486282e+01	2.500000000000e+02	7.370744768622e+02
2.971986603737e+01	5.500000000000e+02	7.370744754767e+02
2.974011135101e+01	2.500000000000e+02	7.370744743859e+02
2.976022362709e+01	6.000000000000e+02	7.370744678131e+02
2.977956748009e+01	3.500000000000e+02	7.370744610838e+02
2.979964184761e+01	3.500000000000e+02	7.370744541934e+02
2.981961488724e+01	1.500000000000e+02	7.370744541934e+02
2.983964657784e+01	3.500000000000e+02	7.370744511074e+02
2.986008787155e+01	2.000000000000e+02	7.370744448520e+02
2.988019037247e+01	6.500000000000e+02	7.370744380630e+02
2.990014076233e+01	3.500000000000e+02	7.370744339964e+02
2.992139840126e+01	3.500000000000e+02	7.370744316241e+02
2.994033861160e+01	4.000000000000e+02	7.370744271241e+02
2.995949053764e+01	2.500000000000e+02	7.370744222940e+02
2.998018813133e+01	6.500000000000e+02	7.370744161065e+02
3.000019311905e+01	2.000000000000e+02	7.370744130200e+02
3.002043104172e+01	2.000000000000e+02	7.370744119455e+02
3.004022645950e+01	4.500000000000e+02	7.370744048220e+02
3.006031918526e+01	4.500000000000e+02	7.370743969062e+02
3.008020234108e+01	3.000000000000e+02	7.370743899920e+02
3.009967374802e+01	2.500000000000e+02	7.370743844936e+02
3.011997652054e+01	3.000000000000e+02	7.370743817772e+02
3.013955473900e+01	2.500000000000e+02	7.370743817772e+02
3.015951704979e+01	2.500000000000e+02	7.370743744648e+02
3.017945957184e+01	4.500000000000e+02	7.370743673725e+02
3.020018219948e+01	5.000000000000e+02	7.370743602238e+02
3.021956086159e+01	2.500000000000e+02	7.370743597156e+02
3.024017715454e+01	4.500000000000e+02	7.370743558776e+02
3.026050400734e+01	4.500000000000e+02	7.370743478152e+02
3.027945089340e+01	1.500000000000e+02	7.370743422954e+02
3.030022072792e+01	3.000000000000e+02	7.370743380192e+02
3.032021665573e+01	5.000000000000e+02	7.370743380192e+02
3.033990144730e+01	3.000000000000e+02	7.370743344588e+02
3.036016869545e+01	3.500000000000e+02	7.370743293182e+02
3.038014531136e+01	4.500000000000e+02	7.370743266569e+02
3.039948272705e+01	3.000000000000e+02	7.370743259193e+02
3.042023396492e+01	3.000000000000e+02	7.370743257979e+02
3.044093060493e+01	3.500000000000e+02	7.370743249415e+02
3.046023392677e+01	3.500000000000e+02	7.370743240923e+02
3.048030781746e+01	6.500000000000e+02	7.370743231527e+02
3.050047802925e+01	6.000000000000e+02	7.370743231394e+02
3.051944828033e+01	3.500000000000e+02	7.370743229470e+02
3.053937220573e+01	2.500000000000e+02	7.370743224678e+02
3.056033873558e+01	2.500000000000e+02	7.370743216967e+02
3.058050656319e+01	1.500000000000e+02	7.370743212514e+02
3.060019135475e+01	4.000000000000e+02	7.370743212514e+02
3.062034440041e+01	6.000000000000e+02	7.370743208649e+02
3.063990330696e+01	5.000000000000e+02	7.370743204447e+02
3.065949654579e+01	3.000000000000e+02	7.370743200998e+02
3.068012857437e+01	2.000000000000e+02	7.370743200351e+02
3.070013260841e+01	4.000000000000e+02	7.370743198165e+02
3.072024464607e+01	2.500000000000e+02	7.370743192196e+02
3.073996186256e+01	3.000000000000e+02	7.370743189694e+02
3.075975251198e+01	1.500000000000e+02	7.370743187905e+02
3.078025913239e+01	3.000000000000e+02	7.370743184369e+02
3.079946875572e+01	2.500000000000e+02	7.370743182392e+02
3.082012057304e+01	3.500000000000e+02	7.370743182392e+02
3.084019136429e+01	4.000000000000e+02	7.370743178650e+02
3.086017084122e+01	4.500000000000e+02	7.370743174687e+02
3.088011741638e+01	3.500000000000e+02	7.370743172511e+02
3.090008664131e+01	1.500000000000e+02	7.370743172402e+02
3.092023134232e+01	1.000000000000e+02	7.370743171029e+02
3.094020438194e+01	2.500000000000e+02	7.370743167180e+02
3.096028900146e+01	3.500000000000e+02	7.370743165681e+02
3.098019599915e+01	2.500000000000e+02	7.370743164944e+02
3.100025224686e+01	4.000000000000e+02	7.370743164944e+02
3.101965737343e+01	2.500000000000e+02	7.370743162845e+02
3.103969860077e+01	5.000000000000e+02	7.370743159948e+02
3.105964493752e+01	2.000000000000e+02	7.370743155915e+02
3.107955145836e+01	4.500000000000e+02	7.370743153152e+02
3.110023927689e+01	3.500000000000e+02	7.370743152326e+02
3.111951422691e+01	5.000000000000e+02	7.370743152130e+02
3.114021968842e+01	1.500000000000e+02	7.370743151672e+02
3.115955209732e+01	4.000000000000e+02	7.370743148734e+02
3.118021368980e+01	5.000000000000e+01	7.370743143166e+02
3.120021176338e+01	6.000000000000e+02	7.370743137670e+02
3.121977472305e+01	3.000000000000e+02	7.370743137670e+02
3.123972153664e+01	4.500000000000e+02	7.370743138033e+02
3.125966811180e+01	4.500000000000e+02	7.370743139849e+02
3.127952075005e+01	2.500000000000e+02	7.370743139204e+02
3.130023312569e+01	3.000000000000e+02	7.370743138905e+02
3.132029485703e+01	3.500000000000e+02	7.370743138777e+02
3.134020614624e+01	3.000000000000e+02	7.370743136210e+02
3.136023020744e+01	2.500000000000e+02	7.370743132357e+02
3.138028573990e+01	2.500000000000e+02	7.370743127045e+02
3.139939808846e+01	5.000000000000e+02	7.370743126260e+02
3.142023038864e+01	2.000000000000e+02	7.370743125844e+02
3.144032549858e+01	5.000000000000e+01	7.370743124116e+02
3.145949459076e+01	2.500000000000e+02	7.370743121642e+02
3.147993779182e+01	4.500000000000e+02	7.370743118851e+02
3.150024008751e+01	1.500000000000e+02	7.370743117936e+02
3.152030324936e+01	3.000000000000e+02	7.370743117437e+02
3.154028964043e+01	1.500000000000e+02	7.370743117437e+02
3.156025791168e+01	3.500000000000e+02	7.370743114216e+02
3.157960581779e+01	2.000000000000e+02	7.370743112183e+02
3.159957456589e+01	2.500000000000e+02	7.370743114959e+02
3.161952495575e+01	3.000000000000e+02	7.370743114959e+02
3.163925504684e+01	2.000000000000e+02	7.370743114437e+02
3.165965604782e+01	2.500000000000e+02	7.370743112312e+02
3.168030309677e+01	3.500000000000e+02	7.370743110834e+02
3.169970059395e+01	2.000000000000e+02	7.370743109740e+02
3.172024869919e+01	3.500000000000e+02	7.370743109740e+02
3.174092340469e+01	5.500000000000e+02	7.370743104408e+02
3.176029133797e+01	0.000000000000e+00	7.370743098506e+02
3.178029394150e+01	2.500000000000e+02	7.370743099255e+02
3.180000495911e+01	2.000000000000e+02	7.370743099551e+02
