#Saved Data from the class wavemeter_logger_logic on 22.11.2022 at 14h17m26s.
#
#Parameters:
#===========
#
#Start Time (s): 22.11.2022 14h:17min:02s
#Stop Time (s): 22.11.2022 14h:17min:26s
#
#Data:
#=====
#Measurement Time (s)	Signal (counts/s)	Interpolated Wavelength (nm)
1.448744773865e+00	1.150000000000e+03	7.370750669103e+02
1.468667984009e+00	1.400000000000e+03	7.370750669103e+02
1.488642215729e+00	1.250000000000e+03	7.370750669103e+02
1.508708715439e+00	1.250000000000e+03	7.370750669103e+02
1.528955221176e+00	1.600000000000e+03	7.370750669103e+02
1.549019575119e+00	1.250000000000e+03	7.370750669103e+02
1.569858074188e+00	1.250000000000e+03	7.370750669103e+02
1.588978528976e+00	1.100000000000e+03	7.370750669103e+02
1.608371496201e+00	1.100000000000e+03	7.370750669103e+02
1.628923177719e+00	1.100000000000e+03	7.370750669103e+02
1.648961305618e+00	1.100000000000e+03	7.370750669103e+02
1.669494390488e+00	1.600000000000e+03	7.370750669103e+02
1.689230680466e+00	1.250000000000e+03	7.370750669103e+02
1.708763837814e+00	1.350000000000e+03	7.370750669103e+02
1.728942632675e+00	1.050000000000e+03	7.370750669103e+02
1.748960733414e+00	8.500000000000e+02	7.370750669103e+02
1.769753456116e+00	8.000000000000e+02	7.370750669103e+02
1.788696765900e+00	7.500000000000e+02	7.370750669103e+02
1.808348178864e+00	1.150000000000e+03	7.370750669103e+02
1.828294754028e+00	1.100000000000e+03	7.370750669103e+02
1.848615884781e+00	8.000000000000e+02	7.370750669103e+02
1.868937730789e+00	6.500000000000e+02	7.370750669103e+02
1.888801097870e+00	9.500000000000e+02	7.370750669103e+02
1.908961772919e+00	1.050000000000e+03	7.370750669103e+02
1.929675102234e+00	5.000000000000e+02	7.370750669103e+02
1.949022293091e+00	1.250000000000e+03	7.370750669103e+02
1.969011068344e+00	9.000000000000e+02	7.370750669103e+02
1.988978624344e+00	7.500000000000e+02	7.370750669103e+02
2.009123563766e+00	7.000000000000e+02	7.370750669103e+02
2.029063463211e+00	6.000000000000e+02	7.370750669103e+02
2.048932552338e+00	8.000000000000e+02	7.370750669103e+02
2.069370031357e+00	8.000000000000e+02	7.370750669103e+02
2.089344024658e+00	5.500000000000e+02	7.370750669103e+02
2.109026193619e+00	5.000000000000e+02	7.370750669103e+02
2.128833055496e+00	7.000000000000e+02	7.370750669103e+02
2.149357080460e+00	4.500000000000e+02	7.370750669103e+02
2.168302297592e+00	3.000000000000e+02	7.370750669103e+02
2.188248157501e+00	6.500000000000e+02	7.370750669103e+02
2.208195447922e+00	4.500000000000e+02	7.370750669103e+02
2.228945493698e+00	2.500000000000e+02	7.370750669103e+02
2.249106645584e+00	0.000000000000e+00	7.370750669103e+02
2.268716573715e+00	2.000000000000e+02	7.370750669103e+02
2.288727521896e+00	4.000000000000e+02	7.370750669103e+02
2.309014081955e+00	5.000000000000e+02	7.370750669103e+02
2.328974962234e+00	6.000000000000e+02	7.370750669103e+02
2.348448753357e+00	6.000000000000e+02	7.370750669103e+02
2.368583679199e+00	5.000000000000e+02	7.370750669103e+02
2.389019250870e+00	4.500000000000e+02	7.370750669103e+02
2.409013032913e+00	4.000000000000e+02	7.370750669103e+02
2.429103136063e+00	3.000000000000e+02	7.370750669103e+02
2.449227571487e+00	4.000000000000e+02	7.370750669103e+02
2.468938350677e+00	6.000000000000e+02	7.370750669103e+02
2.488185644150e+00	3.500000000000e+02	7.370750669103e+02
2.508589744568e+00	3.500000000000e+02	7.370750669103e+02
2.529200077057e+00	2.500000000000e+02	7.370750669103e+02
2.549166440964e+00	2.000000000000e+02	7.370750669103e+02
2.569097280502e+00	4.500000000000e+02	7.370750669103e+02
2.589024066925e+00	5.500000000000e+02	7.370750669103e+02
2.608933448792e+00	1.000000000000e+02	7.370750669103e+02
2.628471374512e+00	4.000000000000e+02	7.370750669103e+02
2.648979187012e+00	3.000000000000e+02	7.370750669103e+02
2.668670177460e+00	2.000000000000e+02	7.370750669103e+02
2.689630985260e+00	3.000000000000e+02	7.370750669103e+02
2.708541870117e+00	3.500000000000e+02	7.370750669103e+02
2.728874444962e+00	5.000000000000e+01	7.370750669103e+02
2.749024868011e+00	3.000000000000e+02	7.370750669103e+02
2.768622636795e+00	1.500000000000e+02	7.370750669103e+02
2.789018630981e+00	5.500000000000e+02	7.370750669103e+02
2.809360980988e+00	2.500000000000e+02	7.370750669103e+02
2.829020261765e+00	3.500000000000e+02	7.370750669103e+02
2.848358392715e+00	5.000000000000e+01	7.370750669103e+02
2.868695020676e+00	3.000000000000e+02	7.370750669103e+02
2.888846874237e+00	3.000000000000e+02	7.370750669103e+02
2.908795833588e+00	2.000000000000e+02	7.370750669103e+02
2.928536415100e+00	2.500000000000e+02	7.370750669103e+02
2.949015140533e+00	2.000000000000e+02	7.370750669103e+02
2.969018697739e+00	3.500000000000e+02	7.370750669103e+02
2.988975048065e+00	1.500000000000e+02	7.370750669103e+02
3.008361816406e+00	3.000000000000e+02	7.370750669103e+02
3.029002904892e+00	1.000000000000e+02	7.370750669103e+02
3.048328638077e+00	1.500000000000e+02	7.370750669103e+02
3.068723201752e+00	2.000000000000e+02	7.370750669103e+02
3.088342905045e+00	1.500000000000e+02	7.370750669103e+02
3.109014987946e+00	2.000000000000e+02	7.370750669103e+02
3.129121541977e+00	1.000000000000e+02	7.370750669103e+02
3.148544311523e+00	2.500000000000e+02	7.370750669103e+02
3.169015645981e+00	2.000000000000e+02	7.370750669103e+02
3.188877105713e+00	1.500000000000e+02	7.370750669103e+02
3.208321094513e+00	5.000000000000e+01	7.370750669103e+02
3.228937387466e+00	1.500000000000e+02	7.370750669103e+02
3.248570919037e+00	5.000000000000e+01	7.370750669103e+02
3.268517494202e+00	1.000000000000e+02	7.370750669103e+02
3.288496017456e+00	1.500000000000e+02	7.370750669103e+02
3.308964967728e+00	1.500000000000e+02	7.370750669103e+02
3.328982114792e+00	5.000000000000e+01	7.370750669103e+02
3.348551034927e+00	3.000000000000e+02	7.370750632670e+02
3.368892192841e+00	2.500000000000e+02	7.370750570926e+02
3.389661550522e+00	1.000000000000e+02	7.370750500005e+02
3.408321619034e+00	1.000000000000e+02	7.370750445278e+02
3.428936004639e+00	1.500000000000e+02	7.370750393714e+02
3.460846185684e+00	1.000000000000e+02	7.370750337354e+02
3.472838163376e+00	2.500000000000e+02	7.370750320456e+02
3.500761747360e+00	5.000000000000e+01	7.370750281110e+02
3.512729883194e+00	1.000000000000e+02	7.370750174399e+02
3.576594352722e+00	2.000000000000e+02	7.370750174399e+02
3.699715614319e+00	1.500000000000e+02	7.370750170132e+02
3.729142189026e+00	5.000000000000e+01	7.370749885766e+02
3.743127822876e+00	1.500000000000e+02	7.370749750615e+02
3.743127822876e+00	1.500000000000e+02	7.370749750615e+02
3.744124889374e+00	1.000000000000e+02	7.370749746420e+02
3.744124889374e+00	1.000000000000e+02	7.370749746420e+02
3.744124889374e+00	1.500000000000e+02	7.370749746420e+02
3.744124889374e+00	1.000000000000e+02	7.370749746420e+02
3.745100021362e+00	5.000000000000e+01	7.370749742317e+02
3.745100021362e+00	1.500000000000e+02	7.370749742317e+02
3.748960494995e+00	2.500000000000e+02	7.370749726073e+02
3.768692970276e+00	5.000000000000e+01	7.370749643046e+02
3.789146900177e+00	1.000000000000e+02	7.370749584978e+02
3.809113502502e+00	5.000000000000e+01	7.370749535199e+02
3.829059839249e+00	2.500000000000e+02	7.370749535199e+02
3.848588705063e+00	1.000000000000e+02	7.370749494871e+02
3.868614196777e+00	5.000000000000e+01	7.370749434767e+02
3.888538837433e+00	5.000000000000e+01	7.370749365695e+02
3.908509731293e+00	5.000000000000e+01	7.370749292636e+02
3.928456544876e+00	0.000000000000e+00	7.370749216173e+02
3.949378013611e+00	1.000000000000e+02	7.370749208619e+02
3.970320224762e+00	2.000000000000e+02	7.370749182825e+02
3.988272666931e+00	5.000000000000e+01	7.370749105440e+02
4.009144067764e+00	5.000000000000e+01	7.370749044288e+02
4.028839349747e+00	0.000000000000e+00	7.370748990799e+02
4.048672437668e+00	5.000000000000e+01	7.370748990799e+02
4.068656206131e+00	1.000000000000e+02	7.370748936100e+02
4.089072227478e+00	1.500000000000e+02	7.370748858458e+02
4.108987331390e+00	5.000000000000e+01	7.370748788745e+02
4.128458261490e+00	5.000000000000e+01	7.370748771818e+02
4.149001121521e+00	5.000000000000e+01	7.370748759820e+02
4.169295549393e+00	5.000000000000e+01	7.370748700167e+02
4.189460754395e+00	0.000000000000e+00	7.370748643375e+02
4.209024429321e+00	5.000000000000e+01	7.370748591374e+02
4.228906393051e+00	2.000000000000e+02	7.370748562872e+02
4.248909235001e+00	1.500000000000e+02	7.370748545143e+02
4.271853685379e+00	1.000000000000e+02	7.370748471468e+02
4.289023637772e+00	1.500000000000e+02	7.370748420823e+02
4.309022188187e+00	5.000000000000e+01	7.370748363843e+02
4.328970193863e+00	2.000000000000e+02	7.370748298715e+02
4.348940372467e+00	5.000000000000e+01	7.370748244328e+02
4.368719339371e+00	1.000000000000e+02	7.370748244328e+02
4.388974666595e+00	5.000000000000e+01	7.370748189009e+02
4.408771276474e+00	5.000000000000e+01	7.370748121909e+02
4.428800344467e+00	2.000000000000e+02	7.370748033197e+02
4.448969125748e+00	0.000000000000e+00	7.370747991508e+02
4.472503900528e+00	1.500000000000e+02	7.370747942862e+02
4.488458871841e+00	5.000000000000e+01	7.370747922202e+02
4.508916854858e+00	1.000000000000e+02	7.370747922202e+02
4.529036998749e+00	1.000000000000e+02	7.370747922202e+02
4.549129486084e+00	5.000000000000e+01	7.370747922202e+02
4.570633649826e+00	5.000000000000e+01	7.370747844631e+02
4.589803218842e+00	5.000000000000e+01	7.370747725984e+02
4.608448505402e+00	1.000000000000e+02	7.370747643027e+02
4.628375768661e+00	0.000000000000e+00	7.370747598448e+02
4.648988962173e+00	0.000000000000e+00	7.370747598448e+02
4.668538808823e+00	1.500000000000e+02	7.370747567648e+02
4.688631772995e+00	5.000000000000e+01	7.370747531096e+02
4.708576679230e+00	0.000000000000e+00	7.370747494813e+02
4.728487730026e+00	1.500000000000e+02	7.370747476827e+02
4.749026775360e+00	0.000000000000e+00	7.370747479249e+02
4.769181728363e+00	0.000000000000e+00	7.370747500718e+02
4.788978099823e+00	1.000000000000e+02	7.370747507094e+02
4.809552669525e+00	1.000000000000e+02	7.370747507094e+02
4.829205036163e+00	0.000000000000e+00	7.370747507094e+02
4.848747253418e+00	1.000000000000e+02	7.370747578500e+02
4.868300437927e+00	0.000000000000e+00	7.370747666040e+02
4.889021873474e+00	0.000000000000e+00	7.370747724108e+02
4.908768415451e+00	0.000000000000e+00	7.370747776597e+02
4.929221391678e+00	5.000000000000e+01	7.370747829540e+02
4.949024677277e+00	1.500000000000e+02	7.370747877013e+02
4.969071388245e+00	0.000000000000e+00	7.370747924866e+02
4.988530158997e+00	5.000000000000e+01	7.370747927247e+02
5.009639978409e+00	0.000000000000e+00	7.370747966320e+02
5.028972625732e+00	1.500000000000e+02	7.370748003877e+02
5.048894166946e+00	1.500000000000e+02	7.370748061428e+02
5.069815874100e+00	0.000000000000e+00	7.370748109309e+02
5.088783740997e+00	5.000000000000e+01	7.370748109309e+02
5.108983755112e+00	2.000000000000e+02	7.370748149101e+02
5.128921508789e+00	0.000000000000e+00	7.370748205948e+02
5.149023294449e+00	1.000000000000e+02	7.370748272287e+02
5.168717861176e+00	1.000000000000e+02	7.370748296490e+02
5.188563108444e+00	2.000000000000e+02	7.370748300015e+02
5.209028005600e+00	1.000000000000e+02	7.370748365330e+02
5.228897094727e+00	5.000000000000e+01	7.370748425464e+02
5.248772144318e+00	2.000000000000e+02	7.370748481667e+02
5.269061326981e+00	1.000000000000e+02	7.370748481667e+02
5.288682222366e+00	0.000000000000e+00	7.370748505384e+02
5.309444189072e+00	1.000000000000e+02	7.370748560040e+02
5.329001903534e+00	1.500000000000e+02	7.370748628135e+02
5.348872661591e+00	1.000000000000e+02	7.370748676044e+02
5.368257522583e+00	1.500000000000e+02	7.370748676044e+02
5.389020442963e+00	2.000000000000e+02	7.370748745634e+02
5.408647775650e+00	1.500000000000e+02	7.370748810981e+02
5.428572654724e+00	0.000000000000e+00	7.370748870118e+02
5.448545217514e+00	1.000000000000e+02	7.370748873072e+02
5.468204975128e+00	1.500000000000e+02	7.370748891562e+02
5.488914489746e+00	5.000000000000e+01	7.370748969345e+02
5.508651733398e+00	1.000000000000e+02	7.370749025708e+02
5.529018163681e+00	5.000000000000e+01	7.370749069353e+02
5.549212932587e+00	0.000000000000e+00	7.370749069353e+02
5.568630933762e+00	1.500000000000e+02	7.370749109295e+02
5.588971376419e+00	1.000000000000e+02	7.370749171644e+02
5.608496665955e+00	0.000000000000e+00	7.370749234305e+02
5.628907203674e+00	5.000000000000e+01	7.370749296764e+02
5.648566484451e+00	5.000000000000e+01	7.370749354537e+02
5.669114589691e+00	5.000000000000e+01	7.370749360390e+02
5.689595699310e+00	1.000000000000e+02	7.370749391935e+02
5.709023714066e+00	0.000000000000e+00	7.370749450367e+02
5.729912757874e+00	1.000000000000e+02	7.370749515491e+02
5.749024629593e+00	0.000000000000e+00	7.370749554833e+02
5.768465518951e+00	5.000000000000e+01	7.370749554833e+02
5.788412332535e+00	5.000000000000e+01	7.370749605763e+02
5.808386325836e+00	1.000000000000e+02	7.370749666212e+02
5.829025268555e+00	1.500000000000e+02	7.370749732866e+02
5.848330020905e+00	0.000000000000e+00	7.370749753871e+02
5.869494199753e+00	0.000000000000e+00	7.370749760260e+02
5.889024257660e+00	2.000000000000e+02	7.370749823220e+02
5.908990621567e+00	1.000000000000e+02	7.370749885862e+02
5.928766012192e+00	1.000000000000e+02	7.370749943269e+02
5.948912143707e+00	1.000000000000e+02	7.370749943269e+02
5.972560167313e+00	1.500000000000e+02	7.370749962172e+02
5.988571643829e+00	5.000000000000e+01	7.370750038702e+02
6.008536577225e+00	1.000000000000e+02	7.370750088431e+02
6.028996467590e+00	1.000000000000e+02	7.370750125223e+02
6.048989534378e+00	5.000000000000e+01	7.370750125223e+02
6.068686962128e+00	1.500000000000e+02	7.370750161692e+02
6.092358827591e+00	5.000000000000e+01	7.370750223032e+02
6.109312057495e+00	5.000000000000e+01	7.370750285424e+02
6.128290414810e+00	1.500000000000e+02	7.370750349547e+02
6.148789167404e+00	1.500000000000e+02	7.370750411085e+02
6.168734788895e+00	2.000000000000e+02	7.370750411085e+02
6.188934326172e+00	1.000000000000e+02	7.370750439448e+02
6.208924055099e+00	1.000000000000e+02	7.370750493270e+02
6.229011058807e+00	5.000000000000e+01	7.370750557742e+02
6.249002218246e+00	1.500000000000e+02	7.370750591866e+02
6.268615007401e+00	5.000000000000e+01	7.370750591866e+02
6.288935899734e+00	1.000000000000e+02	7.370750650343e+02
6.308830738068e+00	2.500000000000e+02	7.370750702304e+02
6.328991174698e+00	4.000000000000e+02	7.370750743351e+02
6.349959850311e+00	1.500000000000e+02	7.370750788671e+02
6.368758440018e+00	1.500000000000e+02	7.370750876503e+02
6.389033079147e+00	2.000000000000e+02	7.370750881162e+02
6.408941507339e+00	5.000000000000e+01	7.370750905525e+02
6.429008960724e+00	4.000000000000e+02	7.370750952376e+02
6.448686838150e+00	4.000000000000e+02	7.370751006448e+02
6.468408584595e+00	4.500000000000e+02	7.370751070209e+02
6.489352226257e+00	2.500000000000e+02	7.370751073455e+02
6.508324146271e+00	3.000000000000e+02	7.370751114609e+02
6.528270959854e+00	3.000000000000e+02	7.370751160281e+02
6.549318075180e+00	1.500000000000e+02	7.370751228528e+02
6.569027423859e+00	3.000000000000e+02	7.370751259882e+02
6.588966131210e+00	1.000000000000e+02	7.370751259882e+02
6.608918190002e+00	4.500000000000e+02	7.370751317683e+02
6.629031419754e+00	5.000000000000e+01	7.370751384045e+02
6.648992300034e+00	1.000000000000e+02	7.370751442346e+02
6.668939113617e+00	1.500000000000e+02	7.370751456720e+02
6.688579559326e+00	2.500000000000e+02	7.370751467603e+02
6.708993911743e+00	1.500000000000e+02	7.370751541818e+02
6.728999853134e+00	1.500000000000e+02	7.370751617898e+02
6.748888731003e+00	2.000000000000e+02	7.370751657212e+02
6.768964052200e+00	1.000000000000e+02	7.370751657212e+02
6.788463354111e+00	2.500000000000e+02	7.370751695649e+02
6.808942556381e+00	3.000000000000e+02	7.370751765817e+02
6.828979492188e+00	2.000000000000e+02	7.370751821455e+02
6.849083185196e+00	2.000000000000e+02	7.370751883767e+02
6.868519544601e+00	3.000000000000e+02	7.370751962922e+02
6.888705968857e+00	1.000000000000e+02	7.370751962922e+02
6.908948898315e+00	1.500000000000e+02	7.370751995042e+02
6.928817272186e+00	3.500000000000e+02	7.370752063737e+02
6.949182271957e+00	1.500000000000e+02	7.370752129638e+02
6.968679666519e+00	1.500000000000e+02	7.370752164651e+02
6.989439010620e+00	3.000000000000e+02	7.370752164651e+02
7.008843898773e+00	5.000000000000e+01	7.370752225915e+02
7.029033184052e+00	1.500000000000e+02	7.370752292292e+02
7.049036741257e+00	2.500000000000e+02	7.370752356970e+02
7.068924427032e+00	5.000000000000e+01	7.370752367117e+02
7.089349031448e+00	3.500000000000e+02	7.370752377760e+02
7.109033823013e+00	2.000000000000e+02	7.370752419640e+02
7.128889799118e+00	1.500000000000e+02	7.370752461885e+02
7.149026393890e+00	4.500000000000e+02	7.370752500598e+02
7.169590473175e+00	4.500000000000e+02	7.370752539912e+02
7.188783168793e+00	3.000000000000e+02	7.370752593625e+02
7.208622455597e+00	4.000000000000e+02	7.370752661940e+02
7.228584766388e+00	1.500000000000e+02	7.370752755280e+02
7.248560905457e+00	4.500000000000e+02	7.370752764535e+02
7.268657445908e+00	6.500000000000e+02	7.370752774167e+02
7.288711547852e+00	6.000000000000e+02	7.370752838745e+02
7.309010744095e+00	4.000000000000e+02	7.370752903077e+02
7.328584671021e+00	4.500000000000e+02	7.370752964337e+02
7.348797559738e+00	5.500000000000e+02	7.370752964337e+02
7.368850469589e+00	5.000000000000e+02	7.370752993276e+02
7.388798236847e+00	6.000000000000e+02	7.370753063778e+02
7.408998966217e+00	3.000000000000e+02	7.370753127208e+02
7.429035902023e+00	8.000000000000e+02	7.370753163366e+02
7.448985338211e+00	5.000000000000e+02	7.370753180759e+02
7.468766212463e+00	1.500000000000e+02	7.370753228541e+02
7.488831043243e+00	3.000000000000e+02	7.370753280584e+02
7.508333683014e+00	7.000000000000e+02	7.370753342997e+02
7.529033899307e+00	5.500000000000e+02	7.370753360886e+02
7.549205303192e+00	7.000000000000e+02	7.370753378126e+02
7.568819284439e+00	8.500000000000e+02	7.370753461800e+02
7.588765621185e+00	3.000000000000e+02	7.370753512851e+02
7.608712434769e+00	5.500000000000e+02	7.370753558799e+02
7.628936052322e+00	5.000000000000e+02	7.370753558799e+02
7.649060010910e+00	1.050000000000e+03	7.370753606356e+02
7.668682813644e+00	1.500000000000e+03	7.370753657834e+02
7.688949346542e+00	7.500000000000e+02	7.370753723585e+02
7.708654403687e+00	5.500000000000e+02	7.370753788513e+02
7.728999137878e+00	7.000000000000e+02	7.370753857029e+02
7.748988389969e+00	6.500000000000e+02	7.370753866609e+02
7.768853425980e+00	9.000000000000e+02	7.370753894966e+02
7.789020061493e+00	7.500000000000e+02	7.370753948274e+02
7.809052705765e+00	8.500000000000e+02	7.370754012160e+02
7.829050779343e+00	9.000000000000e+02	7.370754059968e+02
7.849036216736e+00	6.500000000000e+02	7.370754059968e+02
7.869604587555e+00	6.000000000000e+02	7.370754108361e+02
7.889387369156e+00	9.500000000000e+02	7.370754169890e+02
7.909375905991e+00	1.100000000000e+03	7.370754236326e+02
7.928319931030e+00	8.500000000000e+02	7.370754252942e+02
7.948244571686e+00	7.500000000000e+02	7.370754265899e+02
7.968213558197e+00	1.050000000000e+03	7.370754330846e+02
7.988906860352e+00	7.500000000000e+02	7.370754395634e+02
8.009633541107e+00	9.000000000000e+02	7.370754447273e+02
8.029026269913e+00	1.150000000000e+03	7.370754447273e+02
8.049001216888e+00	6.500000000000e+02	7.370754486324e+02
8.068357706070e+00	1.050000000000e+03	7.370754546168e+02
8.089039087296e+00	1.300000000000e+03	7.370754606324e+02
8.109390258789e+00	1.000000000000e+03	7.370754656645e+02
8.128604650497e+00	1.100000000000e+03	7.370754696675e+02
8.149033546448e+00	1.450000000000e+03	7.370754728914e+02
8.168822288513e+00	1.150000000000e+03	7.370754728914e+02
8.188435792923e+00	8.000000000000e+02	7.370754768487e+02
8.209363698959e+00	1.400000000000e+03	7.370754815773e+02
8.229035854340e+00	6.500000000000e+02	7.370754868503e+02
8.249035120010e+00	1.450000000000e+03	7.370754894323e+02
8.268711328506e+00	1.100000000000e+03	7.370754918025e+02
8.288475036621e+00	1.650000000000e+03	7.370754961834e+02
8.308444976807e+00	1.000000000000e+03	7.370755013163e+02
8.328649282455e+00	1.700000000000e+03	7.370755072224e+02
8.349018096924e+00	1.350000000000e+03	7.370755144239e+02
8.368932247162e+00	1.250000000000e+03	7.370755182953e+02
8.389590024948e+00	1.800000000000e+03	7.370755182953e+02
8.408783435822e+00	1.550000000000e+03	7.370755239414e+02
8.429032564163e+00	1.500000000000e+03	7.370755310599e+02
8.448601007462e+00	1.600000000000e+03	7.370755376672e+02
8.468644380569e+00	1.350000000000e+03	7.370755386445e+02
8.488664865494e+00	1.850000000000e+03	7.370755414726e+02
8.508754014969e+00	1.750000000000e+03	7.370755479561e+02
8.528535604477e+00	1.500000000000e+03	7.370755536728e+02
8.549213647842e+00	1.900000000000e+03	7.370755587133e+02
8.568986654282e+00	1.600000000000e+03	7.370755587133e+02
8.588675260544e+00	1.250000000000e+03	7.370755626194e+02
8.608920335770e+00	1.250000000000e+03	7.370755699391e+02
8.628999471664e+00	2.050000000000e+03	7.370755763944e+02
8.648593664169e+00	1.150000000000e+03	7.370755791596e+02
8.668517827988e+00	1.650000000000e+03	7.370755791596e+02
8.688485145569e+00	1.650000000000e+03	7.370755865046e+02
8.709038257599e+00	1.600000000000e+03	7.370755937160e+02
8.728774070740e+00	1.750000000000e+03	7.370755999525e+02
8.749307870865e+00	1.400000000000e+03	7.370756000959e+02
8.768978357315e+00	2.200000000000e+03	7.370756026657e+02
8.788458108902e+00	1.950000000000e+03	7.370756101075e+02
8.808990240097e+00	1.650000000000e+03	7.370756165769e+02
8.829038381577e+00	1.300000000000e+03	7.370756210038e+02
8.849020242691e+00	1.200000000000e+03	7.370756210038e+02
8.868615865707e+00	1.400000000000e+03	7.370756266223e+02
8.888784885406e+00	1.450000000000e+03	7.370756333557e+02
8.909660339355e+00	2.000000000000e+03	7.370756400964e+02
8.929066658020e+00	1.100000000000e+03	7.370756420279e+02
8.949059247971e+00	1.000000000000e+03	7.370756436840e+02
8.968472480774e+00	1.550000000000e+03	7.370756497456e+02
8.988775014877e+00	8.000000000000e+02	7.370756564071e+02
9.008651971817e+00	1.750000000000e+03	7.370756630247e+02
9.028699636459e+00	1.500000000000e+03	7.370756690821e+02
9.049070119858e+00	9.000000000000e+02	7.370756730025e+02
9.068716049194e+00	1.600000000000e+03	7.370756730025e+02
9.088982343674e+00	1.000000000000e+03	7.370756786190e+02
9.108914613724e+00	8.000000000000e+02	7.370756849086e+02
9.128758907318e+00	8.500000000000e+02	7.370756922828e+02
9.148448467255e+00	9.000000000000e+02	7.370756926540e+02
9.168231248856e+00	1.400000000000e+03	7.370756926540e+02
9.189338445663e+00	6.500000000000e+02	7.370756983888e+02
9.208397626877e+00	1.050000000000e+03	7.370757042057e+02
9.228392601013e+00	8.500000000000e+02	7.370757108636e+02
9.249365568161e+00	9.500000000000e+02	7.370757176534e+02
9.268507957458e+00	1.000000000000e+03	7.370757234443e+02
9.289002656937e+00	8.000000000000e+02	7.370757234443e+02
9.308655261993e+00	8.000000000000e+02	7.370757286410e+02
9.329789876938e+00	5.500000000000e+02	7.370757360711e+02
9.349001169205e+00	1.400000000000e+03	7.370757405745e+02
9.368952989578e+00	1.350000000000e+03	7.370757429126e+02
9.388895511627e+00	1.150000000000e+03	7.370757429126e+02
9.408842325211e+00	1.100000000000e+03	7.370757485426e+02
9.428329229355e+00	9.500000000000e+02	7.370757546934e+02
9.449006319046e+00	6.500000000000e+02	7.370757612936e+02
9.469001054764e+00	1.000000000000e+03	7.370757621769e+02
9.488860130310e+00	1.200000000000e+03	7.370757642739e+02
9.508818387985e+00	9.500000000000e+02	7.370757712337e+02
9.529079198837e+00	5.000000000000e+02	7.370757776775e+02
9.549201011658e+00	6.500000000000e+02	7.370757817576e+02
9.569043636322e+00	6.000000000000e+02	7.370757817576e+02
9.588721513748e+00	6.000000000000e+02	7.370757865528e+02
9.609399318695e+00	4.000000000000e+02	7.370757928958e+02
9.628565549850e+00	9.000000000000e+02	7.370757988302e+02
9.649008750916e+00	5.500000000000e+02	7.370758013016e+02
9.669049263000e+00	7.000000000000e+02	7.370758023285e+02
9.689604043961e+00	2.500000000000e+02	7.370758094395e+02
9.708975791931e+00	4.000000000000e+02	7.370758151898e+02
9.729915857315e+00	3.000000000000e+02	7.370758209435e+02
9.748887777328e+00	4.000000000000e+02	7.370758278527e+02
9.768833875656e+00	4.500000000000e+02	7.370758316825e+02
9.789374828339e+00	4.000000000000e+02	7.370758316825e+02
9.809004068375e+00	3.500000000000e+02	7.370758376330e+02
9.829445838928e+00	3.000000000000e+02	7.370758445086e+02
9.848770141602e+00	6.000000000000e+02	7.370758504373e+02
9.868437767029e+00	4.500000000000e+02	7.370758514119e+02
9.888423442841e+00	6.500000000000e+02	7.370758534357e+02
9.908993959427e+00	5.000000000000e+02	7.370758605614e+02
9.929413318634e+00	3.000000000000e+02	7.370758671438e+02
9.949037790298e+00	2.500000000000e+02	7.370758722199e+02
9.968921184540e+00	4.000000000000e+02	7.370758722199e+02
9.988784313202e+00	3.000000000000e+02	7.370758765004e+02
1.000933623314e+01	3.500000000000e+02	7.370758825977e+02
1.002966904640e+01	4.500000000000e+02	7.370758896805e+02
1.004900217056e+01	3.500000000000e+02	7.370758924598e+02
1.006842803955e+01	2.500000000000e+02	7.370758927770e+02
1.008839678764e+01	3.000000000000e+02	7.370758991280e+02
1.010834383965e+01	2.000000000000e+02	7.370759054333e+02
1.012868881226e+01	3.000000000000e+02	7.370759118248e+02
1.014904832840e+01	5.000000000000e+01	7.370759118248e+02
1.016873860359e+01	5.000000000000e+02	7.370759133680e+02
1.018895912170e+01	5.500000000000e+02	7.370759183229e+02
1.020904397964e+01	3.500000000000e+02	7.370759221595e+02
1.022899770737e+01	3.500000000000e+02	7.370759221595e+02
1.024902248383e+01	4.500000000000e+02	7.370759324521e+02
1.026990485191e+01	1.000000000000e+02	7.370759425861e+02
1.028893756866e+01	2.000000000000e+02	7.370759425861e+02
1.030896520615e+01	2.500000000000e+02	7.370759480595e+02
1.032967495918e+01	2.000000000000e+02	7.370759551935e+02
1.034858489037e+01	2.000000000000e+02	7.370759598314e+02
1.036852860451e+01	3.000000000000e+02	7.370759630107e+02
1.038871431351e+01	3.000000000000e+02	7.370759630107e+02
1.040904378891e+01	2.500000000000e+02	7.370759696076e+02
1.042881798744e+01	2.000000000000e+02	7.370759762899e+02
1.045028972626e+01	1.000000000000e+02	7.370759833397e+02
1.046824169159e+01	2.000000000000e+02	7.370759836672e+02
1.048832058907e+01	4.000000000000e+02	7.370759860938e+02
1.050906276703e+01	2.500000000000e+02	7.370759932795e+02
1.052932834625e+01	3.500000000000e+02	7.370759999215e+02
1.054829359055e+01	1.500000000000e+02	7.370760044874e+02
1.056856966019e+01	2.500000000000e+02	7.370760044874e+02
1.058895730972e+01	2.500000000000e+02	7.370760106030e+02
1.060902452469e+01	1.500000000000e+02	7.370760170519e+02
1.062898516655e+01	1.500000000000e+02	7.370760232231e+02
1.064868593216e+01	1.500000000000e+02	7.370760246812e+02
1.066889381409e+01	1.500000000000e+02	7.370760259020e+02
1.068964481354e+01	2.000000000000e+02	7.370760322525e+02
1.070900654793e+01	0.000000000000e+00	7.370760388316e+02
1.072834372520e+01	2.000000000000e+02	7.370760458782e+02
1.074829411507e+01	1.500000000000e+02	7.370760523980e+02
1.076872158051e+01	1.000000000000e+02	7.370760553809e+02
1.078857612610e+01	2.500000000000e+02	7.370760557245e+02
1.080852532387e+01	3.000000000000e+02	7.370760624053e+02
1.082847213745e+01	3.000000000000e+02	7.370760689306e+02
1.084897375107e+01	1.000000000000e+02	7.370760754786e+02
1.086834192276e+01	5.000000000000e+01	7.370760761091e+02
1.088836574554e+01	5.000000000000e+01	7.370760783923e+02
1.090901207924e+01	1.500000000000e+02	7.370760852039e+02
1.092905354500e+01	1.000000000000e+02	7.370760920834e+02
1.094887614250e+01	2.000000000000e+02	7.370760966691e+02
1.096867537498e+01	1.000000000000e+02	7.370760966691e+02
1.098863148689e+01	2.500000000000e+02	7.370761013103e+02
1.100904369354e+01	1.500000000000e+02	7.370761078097e+02
1.102903056145e+01	2.500000000000e+02	7.370761146288e+02
1.104972815514e+01	1.000000000000e+02	7.370761206764e+02
1.106874251366e+01	5.000000000000e+01	7.370761258198e+02
1.108969521523e+01	5.000000000000e+01	7.370761260898e+02
1.110945534706e+01	1.000000000000e+02	7.370761283481e+02
1.112904596329e+01	2.000000000000e+02	7.370761333622e+02
1.114907217026e+01	1.500000000000e+02	7.370761391034e+02
1.116898679733e+01	2.500000000000e+02	7.370761460768e+02
1.118896389008e+01	2.000000000000e+02	7.370761460768e+02
1.120896530151e+01	1.500000000000e+02	7.370761501270e+02
1.122904419899e+01	1.500000000000e+02	7.370761552331e+02
1.125081825256e+01	1.500000000000e+02	7.370761618640e+02
1.126893806458e+01	1.000000000000e+02	7.370761663800e+02
1.128884768486e+01	5.000000000000e+01	7.370761663800e+02
1.130871653557e+01	2.500000000000e+02	7.370761712913e+02
1.132862949371e+01	1.500000000000e+02	7.370761782799e+02
1.134844279289e+01	2.000000000000e+02	7.370761840807e+02
1.136939167976e+01	1.500000000000e+02	7.370761908655e+02
1.138830757141e+01	5.000000000000e+01	7.370761972835e+02
1.140928101540e+01	1.000000000000e+02	7.370761972835e+02
1.142904663086e+01	2.000000000000e+02	7.370762015576e+02
1.144850802422e+01	1.000000000000e+02	7.370762089620e+02
1.146878242493e+01	1.500000000000e+02	7.370762149267e+02
1.148954892159e+01	1.000000000000e+02	7.370762182687e+02
1.150839209557e+01	1.500000000000e+02	7.370762188357e+02
1.152834081650e+01	1.000000000000e+02	7.370762244419e+02
1.154831743240e+01	1.000000000000e+02	7.370762305539e+02
1.156852483749e+01	5.000000000000e+01	7.370762376629e+02
1.158894920349e+01	5.000000000000e+01	7.370762383758e+02
1.160869336128e+01	1.000000000000e+02	7.370762394387e+02
1.162905979156e+01	0.000000000000e+00	7.370762458882e+02
1.164909434319e+01	1.000000000000e+02	7.370762525397e+02
1.166902279854e+01	5.000000000000e+01	7.370762590600e+02
1.168895101547e+01	5.000000000000e+01	7.370762590600e+02
1.170905065536e+01	3.000000000000e+02	7.370762630245e+02
1.172892951965e+01	1.500000000000e+02	7.370762695200e+02
1.174915266037e+01	5.000000000000e+01	7.370762764186e+02
1.176906991005e+01	1.000000000000e+02	7.370762796180e+02
1.178896546364e+01	5.000000000000e+01	7.370762796180e+02
1.180936670303e+01	1.500000000000e+02	7.370762861978e+02
1.182899308205e+01	0.000000000000e+00	7.370762927985e+02
1.185025310516e+01	1.000000000000e+02	7.370762998743e+02
1.186920142174e+01	0.000000000000e+00	7.370763002062e+02
1.188917279243e+01	3.000000000000e+02	7.370763025208e+02
1.190912222862e+01	1.000000000000e+02	7.370763091121e+02
1.192905473709e+01	1.500000000000e+02	7.370763154768e+02
1.194941639900e+01	5.000000000000e+01	7.370763199337e+02
1.196836233139e+01	5.000000000000e+01	7.370763199337e+02
1.198881101608e+01	1.500000000000e+02	7.370763251836e+02
1.200890779495e+01	2.000000000000e+02	7.370763319723e+02
1.202905249596e+01	5.000000000000e+01	7.370763386818e+02
1.204972934723e+01	1.500000000000e+02	7.370763421108e+02
1.206967711449e+01	5.000000000000e+01	7.370763439299e+02
1.208968758583e+01	5.000000000000e+01	7.370763441107e+02
1.210984683037e+01	1.000000000000e+02	7.370763430979e+02
1.212896728516e+01	1.000000000000e+02	7.370763411480e+02
1.214905834198e+01	1.000000000000e+02	7.370763381599e+02
1.216932606697e+01	5.000000000000e+01	7.370763323908e+02
1.218896150589e+01	1.500000000000e+02	7.370763273836e+02
1.220941948891e+01	0.000000000000e+00	7.370763242010e+02
1.222992300987e+01	1.000000000000e+02	7.370763242010e+02
1.224886870384e+01	1.000000000000e+02	7.370763199706e+02
1.226884198189e+01	2.000000000000e+02	7.370763136573e+02
1.228876137733e+01	0.000000000000e+00	7.370763063242e+02
1.230920863152e+01	5.000000000000e+01	7.370763063242e+02
1.232902550697e+01	1.000000000000e+02	7.370763053764e+02
1.234969782829e+01	5.000000000000e+01	7.370762978081e+02
1.236867809296e+01	1.000000000000e+02	7.370762910730e+02
1.238872456551e+01	5.000000000000e+01	7.370762875545e+02
1.240930366516e+01	2.000000000000e+02	7.370762875545e+02
1.242905259132e+01	1.500000000000e+02	7.370762845168e+02
1.244875645638e+01	1.500000000000e+02	7.370762791387e+02
1.246835756302e+01	0.000000000000e+00	7.370762730026e+02
1.248903250694e+01	2.000000000000e+02	7.370762690948e+02
1.250840306282e+01	5.000000000000e+01	7.370762690948e+02
1.252936935425e+01	3.000000000000e+02	7.370762637210e+02
1.254900026321e+01	2.000000000000e+02	7.370762583048e+02
1.257194614410e+01	5.000000000000e+01	7.370762517473e+02
1.258846735954e+01	5.000000000000e+01	7.370762502057e+02
1.260920643806e+01	1.500000000000e+02	7.370762480587e+02
1.262835526466e+01	5.000000000000e+01	7.370762419869e+02
1.264893770218e+01	2.000000000000e+02	7.370762359389e+02
1.266950607300e+01	1.000000000000e+02	7.370762311841e+02
1.268905377388e+01	2.000000000000e+02	7.370762311841e+02
1.270896410942e+01	1.000000000000e+02	7.370762264413e+02
1.272905230522e+01	2.000000000000e+02	7.370762200728e+02
1.274880194664e+01	2.000000000000e+02	7.370762143717e+02
1.276834702492e+01	5.000000000000e+01	7.370762084389e+02
1.278832173347e+01	5.000000000000e+01	7.370762024686e+02
1.280931258202e+01	2.000000000000e+02	7.370762024686e+02
1.282925820351e+01	5.000000000000e+01	7.370761997243e+02
1.284830760956e+01	1.000000000000e+02	7.370761931729e+02
1.286860775948e+01	1.500000000000e+02	7.370761883288e+02
1.288900232315e+01	1.000000000000e+02	7.370761835748e+02
1.290910172462e+01	5.000000000000e+01	7.370761833466e+02
1.292906570435e+01	0.000000000000e+00	7.370761771860e+02
1.294851088524e+01	1.000000000000e+02	7.370761710854e+02
1.296843099594e+01	1.500000000000e+02	7.370761658653e+02
1.298917007446e+01	3.000000000000e+02	7.370761637731e+02
1.300933122635e+01	1.500000000000e+02	7.370761637731e+02
1.303129744530e+01	1.000000000000e+02	7.370761570537e+02
1.304902315140e+01	3.000000000000e+02	7.370761508464e+02
1.306934666634e+01	2.000000000000e+02	7.370761444277e+02
1.308906245232e+01	1.000000000000e+02	7.370761444277e+02
1.310905599594e+01	1.000000000000e+02	7.370761436024e+02
1.312863564491e+01	2.000000000000e+02	7.370761377488e+02
1.314922142029e+01	4.500000000000e+02	7.370761319768e+02
1.316896319389e+01	1.500000000000e+02	7.370761266653e+02
1.318893456459e+01	2.500000000000e+02	7.370761258599e+02
1.320885848999e+01	2.500000000000e+02	7.370761216298e+02
1.322880458832e+01	5.000000000000e+01	7.370761163425e+02
1.324840974808e+01	5.000000000000e+01	7.370761110820e+02
1.326835298538e+01	1.000000000000e+02	7.370761055557e+02
1.328828048706e+01	1.500000000000e+02	7.370760969561e+02
1.330822682381e+01	2.000000000000e+02	7.370760969561e+02
1.332919025421e+01	1.000000000000e+02	7.370760940654e+02
1.334898996353e+01	2.000000000000e+02	7.370760877021e+02
1.336901736259e+01	5.000000000000e+01	7.370760827199e+02
1.338851499557e+01	2.500000000000e+02	7.370760779503e+02
1.340938949585e+01	1.500000000000e+02	7.370760777065e+02
1.342992973328e+01	3.000000000000e+02	7.370760724674e+02
1.344891357422e+01	2.000000000000e+02	7.370760661789e+02
1.346896839142e+01	5.000000000000e+01	7.370760598203e+02
1.348887443542e+01	5.000000000000e+01	7.370760546121e+02
1.350901770592e+01	1.500000000000e+02	7.370760498190e+02
1.352897429466e+01	1.000000000000e+02	7.370760484067e+02
1.354901504517e+01	2.000000000000e+02	7.370760452140e+02
1.356870841980e+01	1.500000000000e+02	7.370760383416e+02
1.358903717995e+01	2.000000000000e+02	7.370760329506e+02
1.360941314697e+01	3.500000000000e+02	7.370760281644e+02
1.362872481346e+01	2.500000000000e+02	7.370760281644e+02
1.364962220192e+01	2.500000000000e+02	7.370760222476e+02
1.366831588745e+01	6.500000000000e+02	7.370760163925e+02
1.368925976753e+01	2.500000000000e+02	7.370760098177e+02
1.370821022987e+01	1.000000000000e+02	7.370760079392e+02
1.372897171974e+01	1.500000000000e+02	7.370760079392e+02
1.374933815002e+01	3.500000000000e+02	7.370760002587e+02
1.376844072342e+01	4.000000000000e+02	7.370759940781e+02
1.378836464882e+01	1.000000000000e+02	7.370759884960e+02
1.380829572678e+01	4.000000000000e+02	7.370759879371e+02
1.382905673981e+01	0.000000000000e+00	7.370759852914e+02
1.384905910492e+01	1.000000000000e+02	7.370759790665e+02
1.386961674690e+01	2.000000000000e+02	7.370759679186e+02
1.390195012093e+01	2.500000000000e+02	7.370759662859e+02
1.399021100998e+01	4.500000000000e+02	7.370759575058e+02
1.409592223167e+01	3.500000000000e+02	7.370759469897e+02
1.417480015755e+01	5.500000000000e+02	7.370759391429e+02
1.417678308487e+01	4.500000000000e+02	7.370759345732e+02
1.417778134346e+01	6.000000000000e+02	7.370759322727e+02
1.417880320549e+01	3.500000000000e+02	7.370759299177e+02
1.417880320549e+01	3.500000000000e+02	7.370759299177e+02
1.417979502678e+01	2.500000000000e+02	7.370759276320e+02
1.417979502678e+01	3.500000000000e+02	7.370759276320e+02
1.417979502678e+01	3.500000000000e+02	7.370759276320e+02
1.418079328537e+01	1.500000000000e+02	7.370759253315e+02
1.418079328537e+01	5.500000000000e+02	7.370759253315e+02
1.418178534508e+01	4.000000000000e+02	7.370759230452e+02
1.418178534508e+01	3.500000000000e+02	7.370759230452e+02
1.418877387047e+01	5.000000000000e+01	7.370759069398e+02
1.420872044563e+01	2.500000000000e+02	7.370759000421e+02
1.422839593887e+01	2.500000000000e+02	7.370758989147e+02
1.424852323532e+01	3.500000000000e+02	7.370758943861e+02
1.426932573318e+01	5.500000000000e+02	7.370758897057e+02
1.428934001923e+01	1.500000000000e+02	7.370758802708e+02
1.430885958672e+01	5.000000000000e+02	7.370758755227e+02
1.432884907722e+01	5.000000000000e+02	7.370758706603e+02
1.434878158569e+01	4.000000000000e+02	7.370758701838e+02
1.436960625648e+01	2.000000000000e+02	7.370758657816e+02
1.438855338097e+01	3.500000000000e+02	7.370758603266e+02
1.440849924088e+01	5.500000000000e+02	7.370758548740e+02
1.442847752571e+01	2.500000000000e+02	7.370758505238e+02
1.444969940186e+01	4.000000000000e+02	7.370758505238e+02
1.446889662743e+01	4.500000000000e+02	7.370758468901e+02
1.448833537102e+01	6.000000000000e+02	7.370758410951e+02
1.450906395912e+01	2.000000000000e+02	7.370758337031e+02
1.452903270721e+01	5.000000000000e+02	7.370758306936e+02
1.454859232903e+01	4.500000000000e+02	7.370758283365e+02
1.456878280640e+01	4.500000000000e+02	7.370758215329e+02
1.458897089958e+01	3.500000000000e+02	7.370758164823e+02
1.460938811302e+01	5.500000000000e+02	7.370758114692e+02
1.462967681885e+01	3.000000000000e+02	7.370758112212e+02
1.464892292023e+01	7.500000000000e+02	7.370758075242e+02
1.466874480247e+01	5.500000000000e+02	7.370758027108e+02
1.468862152100e+01	7.500000000000e+02	7.370757960060e+02
1.470847058296e+01	6.000000000000e+02	7.370757891334e+02
1.472907829285e+01	3.500000000000e+02	7.370757826475e+02
1.474905943871e+01	8.000000000000e+02	7.370757826475e+02
1.476900625229e+01	8.000000000000e+02	7.370757798172e+02
1.478892946243e+01	6.000000000000e+02	7.370757735348e+02
1.480889773369e+01	7.500000000000e+02	7.370757732202e+02
1.482859444618e+01	6.000000000000e+02	7.370757711910e+02
1.484891438484e+01	5.500000000000e+02	7.370757635919e+02
1.486828017235e+01	3.500000000000e+02	7.370757593417e+02
1.488932871819e+01	7.500000000000e+02	7.370757548992e+02
1.490848922729e+01	9.000000000000e+02	7.370757479144e+02
1.492891836166e+01	7.000000000000e+02	7.370757431169e+02
1.494891858101e+01	2.000000000000e+02	7.370757425604e+02
1.496894335747e+01	7.500000000000e+02	7.370757371061e+02
1.498856925964e+01	8.500000000000e+02	7.370757310915e+02
1.500880503654e+01	1.150000000000e+03	7.370757234906e+02
1.502905797958e+01	7.500000000000e+02	7.370757234906e+02
1.504906868935e+01	4.000000000000e+02	7.370757200593e+02
1.506868004799e+01	1.450000000000e+03	7.370757134367e+02
1.508957481384e+01	1.200000000000e+03	7.370757083541e+02
1.510952091217e+01	9.000000000000e+02	7.370757035986e+02
1.512846851349e+01	1.350000000000e+03	7.370756965658e+02
1.514844083786e+01	1.100000000000e+03	7.370756932342e+02
1.516849589348e+01	9.500000000000e+02	7.370756932342e+02
1.518892931938e+01	1.550000000000e+03	7.370756870036e+02
1.520903253555e+01	1.100000000000e+03	7.370756803799e+02
1.522887682915e+01	1.250000000000e+03	7.370756740425e+02
1.524895477295e+01	1.200000000000e+03	7.370756733372e+02
1.526873064041e+01	1.400000000000e+03	7.370756706729e+02
1.528936839104e+01	9.000000000000e+02	7.370756641597e+02
1.530837821960e+01	1.150000000000e+03	7.370756577244e+02
1.532908844948e+01	1.650000000000e+03	7.370756530498e+02
1.534961271286e+01	1.250000000000e+03	7.370756530498e+02
1.536834406853e+01	1.400000000000e+03	7.370756478049e+02
1.538830614090e+01	1.850000000000e+03	7.370756404506e+02
1.540835428238e+01	1.900000000000e+03	7.370756336443e+02
1.542897510529e+01	1.750000000000e+03	7.370756319531e+02
1.544998955727e+01	1.300000000000e+03	7.370756302530e+02
1.546889805794e+01	1.650000000000e+03	7.370756238508e+02
1.548886680603e+01	1.400000000000e+03	7.370756168302e+02
1.550883078575e+01	1.950000000000e+03	7.370756111242e+02
1.552906250954e+01	1.650000000000e+03	7.370756111242e+02
1.554895019531e+01	1.350000000000e+03	7.370756075898e+02
1.556901884079e+01	9.500000000000e+02	7.370756023351e+02
1.558860898018e+01	1.150000000000e+03	7.370755949068e+02
1.560938477516e+01	1.600000000000e+03	7.370755878368e+02
1.562933111191e+01	1.300000000000e+03	7.370755827141e+02
1.564909195900e+01	1.500000000000e+03	7.370755803244e+02
1.566915869713e+01	1.700000000000e+03	7.370755774474e+02
1.568859958649e+01	1.650000000000e+03	7.370755709697e+02
1.571010851860e+01	1.300000000000e+03	7.370755696992e+02
1.572905421257e+01	1.650000000000e+03	7.370755685741e+02
1.574908852577e+01	1.000000000000e+03	7.370755610413e+02
1.576833772659e+01	0.000000000000e+00	7.370755551745e+02
1.578833413124e+01	0.000000000000e+00	7.370755495781e+02
1.580988574028e+01	0.000000000000e+00	7.370755439918e+02
1.582882356644e+01	0.000000000000e+00	7.370755391022e+02
1.584874725342e+01	0.000000000000e+00	7.370755385930e+02
1.586869359016e+01	0.000000000000e+00	7.370755338812e+02
1.588875484467e+01	0.000000000000e+00	7.370755291423e+02
1.590907287598e+01	0.000000000000e+00	7.370755228022e+02
1.592906093597e+01	0.000000000000e+00	7.370755189452e+02
1.594937539101e+01	1.000000000000e+03	7.370755189452e+02
1.596877932549e+01	1.150000000000e+03	7.370755116561e+02
1.598963093758e+01	1.300000000000e+03	7.370755054609e+02
1.600956487656e+01	8.000000000000e+02	7.370755006549e+02
1.602966427803e+01	1.100000000000e+03	7.370754942877e+02
1.604907059669e+01	1.250000000000e+03	7.370754909118e+02
1.606962990761e+01	1.550000000000e+03	7.370754909118e+02
1.608854126930e+01	9.500000000000e+02	7.370754867188e+02
1.610898208618e+01	1.400000000000e+03	7.370754809437e+02
1.612908649445e+01	1.050000000000e+03	7.370754809437e+02
1.614844441414e+01	9.500000000000e+02	7.370754769630e+02
1.616843080521e+01	1.250000000000e+03	7.370754711267e+02
1.618917465210e+01	1.650000000000e+03	7.370754650071e+02
1.620912098885e+01	1.200000000000e+03	7.370754588396e+02
1.622906851768e+01	1.200000000000e+03	7.370754528007e+02
1.624844717979e+01	1.100000000000e+03	7.370754528007e+02
1.626893186569e+01	6.000000000000e+02	7.370754496971e+02
1.628893303871e+01	1.350000000000e+03	7.370754434731e+02
1.630898213387e+01	1.050000000000e+03	7.370754368664e+02
1.632906770706e+01	8.000000000000e+02	7.370754336721e+02
1.634875273705e+01	1.050000000000e+03	7.370754336721e+02
1.636875748634e+01	8.000000000000e+02	7.370754278410e+02
1.638906335831e+01	3.500000000000e+02	7.370754212499e+02
1.640884542465e+01	1.050000000000e+03	7.370754147646e+02
1.642960929871e+01	7.000000000000e+02	7.370754137694e+02
1.644874858856e+01	2.500000000000e+02	7.370754115601e+02
1.646869945526e+01	9.000000000000e+02	7.370754044629e+02
1.648843336105e+01	6.500000000000e+02	7.370753980543e+02
1.650964045525e+01	7.500000000000e+02	7.370753916985e+02
1.652905607224e+01	6.500000000000e+02	7.370753873256e+02
1.654844379425e+01	7.000000000000e+02	7.370753829590e+02
1.656841230392e+01	3.500000000000e+02	7.370753827345e+02
1.658835959435e+01	7.500000000000e+02	7.370753800437e+02
1.660903191566e+01	7.500000000000e+02	7.370753730910e+02
1.662954783440e+01	8.000000000000e+02	7.370753651337e+02
1.664865446091e+01	8.000000000000e+02	7.370753619590e+02
1.666898059845e+01	6.500000000000e+02	7.370753619590e+02
1.668984746933e+01	7.500000000000e+02	7.370753564370e+02
1.670936751366e+01	2.000000000000e+02	7.370753506275e+02
1.672856712341e+01	3.000000000000e+02	7.370753440188e+02
1.674895381927e+01	4.500000000000e+02	7.370753416234e+02
1.676889610291e+01	5.500000000000e+02	7.370753398863e+02
1.678963422775e+01	2.000000000000e+02	7.370753347305e+02
1.680905771255e+01	1.500000000000e+02	7.370753279621e+02
1.682868361473e+01	5.500000000000e+02	7.370753195493e+02
1.684845948219e+01	4.500000000000e+02	7.370753142480e+02
1.686838436127e+01	3.000000000000e+02	7.370753110396e+02
1.688892626762e+01	6.500000000000e+02	7.370753110396e+02
1.690839672089e+01	5.000000000000e+02	7.370753058631e+02
1.692834377289e+01	4.000000000000e+02	7.370752994800e+02
1.694831490517e+01	4.000000000000e+02	7.370752932048e+02
1.696861052513e+01	4.500000000000e+02	7.370752910110e+02
1.698963689804e+01	6.000000000000e+02	7.370752877450e+02
1.700906419754e+01	3.500000000000e+02	7.370752820176e+02
1.702867031097e+01	3.000000000000e+02	7.370752760106e+02
1.704907870293e+01	4.000000000000e+02	7.370752707344e+02
1.706932401657e+01	1.500000000000e+02	7.370752707344e+02
1.708903121948e+01	1.000000000000e+02	7.370752658356e+02
1.710936069489e+01	3.000000000000e+02	7.370752605129e+02
1.712903046608e+01	1.500000000000e+02	7.370752537762e+02
1.714907884598e+01	2.000000000000e+02	7.370752506827e+02
1.716855025291e+01	2.500000000000e+02	7.370752503628e+02
1.718925476074e+01	5.000000000000e+02	7.370752437224e+02
1.720936965942e+01	2.000000000000e+02	7.370752370692e+02
1.722921466827e+01	2.000000000000e+02	7.370752302676e+02
1.724907588959e+01	4.000000000000e+02	7.370752295784e+02
1.726922678947e+01	3.500000000000e+02	7.370752268279e+02
1.728918051720e+01	3.500000000000e+02	7.370752199632e+02
1.730913376808e+01	2.000000000000e+02	7.370752125059e+02
1.732966113091e+01	4.000000000000e+02	7.370752088586e+02
1.734860801697e+01	1.000000000000e+02	7.370752088586e+02
1.736956667900e+01	3.000000000000e+02	7.370752035901e+02
1.738853168488e+01	3.000000000000e+02	7.370751967120e+02
1.740900874138e+01	5.000000000000e+01	7.370751903757e+02
1.742902231216e+01	3.500000000000e+02	7.370751836645e+02
1.744845700264e+01	1.500000000000e+02	7.370751772070e+02
1.746979260445e+01	5.000000000000e+01	7.370751772070e+02
1.748970532417e+01	5.000000000000e+01	7.370751737680e+02
1.750933384895e+01	4.000000000000e+02	7.370751685619e+02
1.752901864052e+01	2.000000000000e+02	7.370751618053e+02
1.754907107353e+01	1.000000000000e+02	7.370751567955e+02
1.756873559952e+01	2.500000000000e+02	7.370751567955e+02
1.758845257759e+01	3.000000000000e+02	7.370751516900e+02
1.760907363892e+01	3.500000000000e+02	7.370751455021e+02
1.762861514091e+01	2.000000000000e+02	7.370751369725e+02
1.764858603477e+01	1.000000000000e+02	7.370751321546e+02
1.766844248772e+01	3.500000000000e+02	7.370751275684e+02
1.768897962570e+01	3.000000000000e+02	7.370751266455e+02
1.770909547806e+01	2.000000000000e+02	7.370751224597e+02
1.772895455360e+01	1.500000000000e+02	7.370751149707e+02
1.774909806252e+01	4.000000000000e+02	7.370751088295e+02
1.776879239082e+01	2.000000000000e+02	7.370751056974e+02
1.778896903992e+01	1.500000000000e+02	7.370751056974e+02
1.780906438828e+01	2.500000000000e+02	7.370750993250e+02
1.782903051376e+01	1.500000000000e+02	7.370750930249e+02
1.784903383255e+01	2.500000000000e+02	7.370750872045e+02
1.786936116219e+01	1.000000000000e+02	7.370750864665e+02
1.788907027245e+01	0.000000000000e+00	7.370750849033e+02
1.790907120705e+01	1.500000000000e+02	7.370750783280e+02
1.792855238914e+01	1.500000000000e+02	7.370750721270e+02
1.794892001152e+01	0.000000000000e+00	7.370750672810e+02
1.796868634224e+01	2.500000000000e+02	7.370750672810e+02
1.798842811584e+01	1.000000000000e+02	7.370750632211e+02
1.800837492943e+01	5.000000000000e+01	7.370750569599e+02
1.802907299995e+01	1.000000000000e+02	7.370750503067e+02
1.804907202721e+01	2.500000000000e+02	7.370750476180e+02
1.806866097450e+01	1.500000000000e+02	7.370750476180e+02
1.808902096748e+01	2.500000000000e+02	7.370750422706e+02
1.810941052437e+01	2.000000000000e+02	7.370750371328e+02
1.812939500809e+01	5.000000000000e+01	7.370750327497e+02
1.814907956123e+01	2.000000000000e+02	7.370750277488e+02
1.816894078255e+01	1.000000000000e+02	7.370750194194e+02
1.818855094910e+01	1.000000000000e+02	7.370750190002e+02
1.820897722244e+01	2.000000000000e+02	7.370750178464e+02
1.822856068611e+01	2.500000000000e+02	7.370750115943e+02
1.824896979332e+01	1.500000000000e+02	7.370750033068e+02
1.826869583130e+01	1.000000000000e+02	7.370749989742e+02
1.828899407387e+01	0.000000000000e+00	7.370749989742e+02
1.830936336517e+01	1.000000000000e+02	7.370749918707e+02
1.832886815071e+01	1.500000000000e+02	7.370749859610e+02
1.834841275215e+01	5.000000000000e+01	7.370749811333e+02
1.836835932732e+01	3.000000000000e+02	7.370749754653e+02
1.838833332062e+01	5.000000000000e+01	7.370749686763e+02
1.840907931328e+01	1.000000000000e+02	7.370749674303e+02
1.842907857895e+01	5.000000000000e+01	7.370749649205e+02
1.844844150543e+01	1.500000000000e+02	7.370749584440e+02
1.846879148483e+01	1.500000000000e+02	7.370749567763e+02
1.848915195465e+01	1.000000000000e+02	7.370749555350e+02
1.850923514366e+01	1.000000000000e+02	7.370749472040e+02
1.852869033813e+01	1.500000000000e+02	7.370749410074e+02
1.854863715172e+01	5.000000000000e+01	7.370749373204e+02
1.856897950172e+01	2.000000000000e+02	7.370749373204e+02
1.858886408806e+01	5.000000000000e+01	7.370749372444e+02
1.860835409164e+01	5.000000000000e+01	7.370749378465e+02
1.862907624245e+01	2.000000000000e+02	7.370749412891e+02
1.864939165115e+01	3.500000000000e+02	7.370749456373e+02
1.866933488846e+01	5.000000000000e+01	7.370749503841e+02
1.868907713890e+01	2.000000000000e+02	7.370749547386e+02
1.870829534531e+01	2.000000000000e+02	7.370749589596e+02
1.872824215889e+01	1.500000000000e+02	7.370749599827e+02
1.874920797348e+01	5.000000000000e+01	7.370749661282e+02
1.876907658577e+01	1.000000000000e+02	7.370749685369e+02
1.878835749626e+01	0.000000000000e+00	7.370749685369e+02
1.880905199051e+01	5.000000000000e+01	7.370749751035e+02
1.882907438278e+01	5.000000000000e+01	7.370749811113e+02
1.884881639481e+01	2.000000000000e+02	7.370749867225e+02
1.886871194839e+01	1.000000000000e+02	7.370749868681e+02
1.888907170296e+01	1.500000000000e+02	7.370749895605e+02
1.890842771530e+01	1.500000000000e+02	7.370749949605e+02
1.892822623253e+01	1.500000000000e+02	7.370750008882e+02
1.894900465012e+01	3.500000000000e+02	7.370750051842e+02
1.896876597404e+01	0.000000000000e+00	7.370750051842e+02
1.898990488052e+01	1.000000000000e+02	7.370750084529e+02
1.900865864754e+01	1.000000000000e+02	7.370750122487e+02
1.902962946892e+01	1.000000000000e+02	7.370750189857e+02
1.904856085777e+01	5.000000000000e+01	7.370750245740e+02
1.906892323494e+01	1.500000000000e+02	7.370750280528e+02
1.908886981010e+01	2.000000000000e+02	7.370750314606e+02
1.910881733894e+01	1.500000000000e+02	7.370750347917e+02
1.912835144997e+01	2.000000000000e+02	7.370750396585e+02
1.914854383469e+01	5.000000000000e+01	7.370750449742e+02
1.916867589951e+01	2.000000000000e+02	7.370750506248e+02
1.918940830231e+01	1.000000000000e+02	7.370750509141e+02
1.920902204514e+01	1.000000000000e+02	7.370750521749e+02
1.922865366936e+01	1.000000000000e+02	7.370750580346e+02
1.924893999100e+01	1.000000000000e+02	7.370750640570e+02
1.926885199547e+01	2.000000000000e+02	7.370750690686e+02
1.928881812096e+01	1.000000000000e+02	7.370750690686e+02
1.930939960480e+01	1.500000000000e+02	7.370750745033e+02
1.932894587517e+01	1.000000000000e+02	7.370750804592e+02
1.934892845154e+01	5.000000000000e+01	7.370750876127e+02
1.936842942238e+01	5.000000000000e+01	7.370750919830e+02
1.938961124420e+01	2.000000000000e+02	7.370750967300e+02
1.940899300575e+01	2.500000000000e+02	7.370750974075e+02
1.942856574059e+01	1.500000000000e+02	7.370751006768e+02
1.944851541519e+01	2.500000000000e+02	7.370751057002e+02
1.946845531464e+01	2.000000000000e+02	7.370751129409e+02
1.948905515671e+01	5.000000000000e+01	7.370751159907e+02
1.950880694389e+01	2.500000000000e+02	7.370751159907e+02
1.952896928787e+01	3.000000000000e+02	7.370751225069e+02
1.954902482033e+01	1.500000000000e+02	7.370751286586e+02
1.957097172737e+01	2.000000000000e+02	7.370751344217e+02
1.958905291557e+01	2.500000000000e+02	7.370751346859e+02
1.960908484459e+01	1.000000000000e+02	7.370751359682e+02
1.962907981873e+01	2.000000000000e+02	7.370751427559e+02
1.964898824692e+01	1.000000000000e+02	7.370751493684e+02
1.966880369186e+01	2.500000000000e+02	7.370751545357e+02
1.968907856941e+01	2.500000000000e+02	7.370751545357e+02
1.970835351944e+01	1.500000000000e+02	7.370751583608e+02
1.972906327248e+01	2.500000000000e+02	7.370751651634e+02
1.974905395508e+01	2.000000000000e+02	7.370751713936e+02
1.976831841469e+01	1.500000000000e+02	7.370751739714e+02
1.978923988342e+01	3.000000000000e+02	7.370751739714e+02
1.980899715424e+01	1.500000000000e+02	7.370751806135e+02
1.982908010483e+01	2.500000000000e+02	7.370751867601e+02
1.984937405586e+01	3.500000000000e+02	7.370751923652e+02
1.986982679367e+01	2.000000000000e+02	7.370751937511e+02
1.988907980919e+01	4.000000000000e+02	7.370751961742e+02
1.990904021263e+01	1.500000000000e+02	7.370752025757e+02
1.992953634262e+01	2.500000000000e+02	7.370752080804e+02
1.994947242737e+01	3.000000000000e+02	7.370752131830e+02
1.996990466118e+01	2.500000000000e+02	7.370752136942e+02
1.998908138275e+01	3.500000000000e+02	7.370752186688e+02
2.000887346268e+01	2.500000000000e+02	7.370752254336e+02
2.002882409096e+01	4.000000000000e+02	7.370752316871e+02
2.004842758179e+01	2.500000000000e+02	7.370752376364e+02
2.006941509247e+01	4.000000000000e+02	7.370752433068e+02
2.008908057213e+01	4.000000000000e+02	7.370752433068e+02
2.010903000832e+01	3.000000000000e+02	7.370752464375e+02
2.012941765785e+01	1.500000000000e+02	7.370752524715e+02
2.014838409424e+01	2.500000000000e+02	7.370752590654e+02
2.016933608055e+01	2.500000000000e+02	7.370752633821e+02
2.018908262253e+01	4.000000000000e+02	7.370752633821e+02
2.020908069611e+01	4.000000000000e+02	7.370752684369e+02
2.022899007797e+01	3.500000000000e+02	7.370752745557e+02
2.024907326698e+01	6.000000000000e+02	7.370752812397e+02
2.026871657372e+01	2.000000000000e+02	7.370752832132e+02
2.028908061981e+01	3.500000000000e+02	7.370752845370e+02
2.030908679962e+01	3.500000000000e+02	7.370752908585e+02
2.032904219627e+01	5.000000000000e+01	7.370752968593e+02
2.034924721718e+01	3.500000000000e+02	7.370753027713e+02
2.036839628220e+01	5.500000000000e+02	7.370753090822e+02
2.038902568817e+01	3.000000000000e+02	7.370753130974e+02
2.040907526016e+01	6.000000000000e+02	7.370753130974e+02
2.042908859253e+01	4.500000000000e+02	7.370753146963e+02
2.044838404655e+01	4.000000000000e+02	7.370753208157e+02
2.046963167191e+01	6.500000000000e+02	7.370753293335e+02
2.048863935471e+01	4.000000000000e+02	7.370753323714e+02
2.050905060768e+01	3.000000000000e+02	7.370753323714e+02
2.052901411057e+01	3.500000000000e+02	7.370753392223e+02
2.054894304276e+01	4.500000000000e+02	7.370753455020e+02
2.056890869141e+01	8.000000000000e+02	7.370753512989e+02
2.058909106255e+01	3.000000000000e+02	7.370753562863e+02
2.060910940170e+01	4.500000000000e+02	7.370753609861e+02
2.062927484512e+01	5.000000000000e+02	7.370753609861e+02
2.064896750450e+01	4.000000000000e+02	7.370753641330e+02
2.066885066032e+01	6.500000000000e+02	7.370753712762e+02
2.068849706650e+01	5.500000000000e+02	7.370753774406e+02
2.070908498764e+01	8.000000000000e+02	7.370753813649e+02
2.072902703285e+01	6.500000000000e+02	7.370753813649e+02
2.074965405464e+01	4.000000000000e+02	7.370753876041e+02
2.076862525940e+01	6.000000000000e+02	7.370753943985e+02
2.078903889656e+01	7.000000000000e+02	7.370754019654e+02
2.080908632278e+01	6.500000000000e+02	7.370754019654e+02
2.082885861397e+01	6.000000000000e+02	7.370754034985e+02
2.084906792641e+01	6.000000000000e+02	7.370754097094e+02
2.086884427071e+01	4.500000000000e+02	7.370754159093e+02
2.088879585266e+01	5.500000000000e+02	7.370754212605e+02
2.090892386436e+01	5.500000000000e+02	7.370754212605e+02
2.092881178856e+01	7.500000000000e+02	7.370754249281e+02
2.094904398918e+01	8.000000000000e+02	7.370754309419e+02
2.096876144409e+01	7.500000000000e+02	7.370754369286e+02
2.099423694611e+01	1.050000000000e+03	7.370754396452e+02
2.100919318199e+01	9.500000000000e+02	7.370754399831e+02
2.102918052673e+01	6.000000000000e+02	7.370754467667e+02
2.104906058311e+01	9.500000000000e+02	7.370754525915e+02
2.106916904449e+01	8.000000000000e+02	7.370754576968e+02
2.108827638626e+01	7.500000000000e+02	7.370754589627e+02
2.110908746719e+01	1.050000000000e+03	7.370754618456e+02
2.112894368172e+01	9.500000000000e+02	7.370754677244e+02
2.114910078049e+01	2.500000000000e+02	7.370754741343e+02
2.116907191277e+01	9.000000000000e+02	7.370754779562e+02
2.118934392929e+01	8.500000000000e+02	7.370754779562e+02
2.120834302902e+01	5.500000000000e+02	7.370754827131e+02
2.122874546051e+01	6.000000000000e+02	7.370754886111e+02
2.124869298935e+01	8.500000000000e+02	7.370754948997e+02
2.126916718483e+01	1.000000000000e+03	7.370755009669e+02
2.128969192505e+01	7.500000000000e+02	7.370755067680e+02
2.130900096893e+01	1.400000000000e+03	7.370755113642e+02
2.132860469818e+01	1.350000000000e+03	7.370755160306e+02
2.134896945953e+01	1.450000000000e+03	7.370755160774e+02
2.136902046204e+01	1.050000000000e+03	7.370755208650e+02
2.138865041733e+01	1.150000000000e+03	7.370755255521e+02
2.140893816948e+01	1.200000000000e+03	7.370755318647e+02
2.142905974388e+01	1.400000000000e+03	7.370755360090e+02
2.144903373718e+01	1.250000000000e+03	7.370755360090e+02
2.146916556358e+01	1.550000000000e+03	7.370755413172e+02
2.148907899857e+01	1.500000000000e+03	7.370755476494e+02
2.150904560089e+01	1.800000000000e+03	7.370755540244e+02
2.152898740768e+01	1.500000000000e+03	7.370755558055e+02
2.154895687103e+01	1.550000000000e+03	7.370755577981e+02
2.156905651093e+01	1.550000000000e+03	7.370755653139e+02
2.158900332451e+01	1.900000000000e+03	7.370755725000e+02
2.160898017883e+01	1.650000000000e+03	7.370755764528e+02
2.162889695168e+01	1.650000000000e+03	7.370755764528e+02
2.164825344086e+01	1.450000000000e+03	7.370755808552e+02
2.166909265518e+01	1.500000000000e+03	7.370755877610e+02
2.168904542923e+01	1.500000000000e+03	7.370755942305e+02
2.170902204514e+01	1.500000000000e+03	7.370755970452e+02
2.172886037827e+01	1.250000000000e+03	7.370755973911e+02
2.174835705757e+01	1.200000000000e+03	7.370756042501e+02
2.176916408539e+01	1.450000000000e+03	7.370756109767e+02
2.178960824013e+01	7.500000000000e+02	7.370756170949e+02
2.180955886841e+01	9.500000000000e+02	7.370756173946e+02
2.182906317711e+01	6.000000000000e+02	7.370756206458e+02
2.184919452667e+01	9.500000000000e+02	7.370756275290e+02
2.186897873878e+01	1.050000000000e+03	7.370756337708e+02
2.188909006119e+01	1.000000000000e+03	7.370756381643e+02
2.190911650658e+01	1.650000000000e+03	7.370756381643e+02
2.192978835106e+01	1.700000000000e+03	7.370756440207e+02
2.194872093201e+01	8.500000000000e+02	7.370756503559e+02
2.196873140335e+01	1.550000000000e+03	7.370756569680e+02
2.198866987228e+01	9.500000000000e+02	7.370756582834e+02
2.200955796242e+01	1.050000000000e+03	7.370756594058e+02
2.202908492088e+01	1.000000000000e+03	7.370756666629e+02
2.204904890060e+01	7.500000000000e+02	7.370756729836e+02
2.206983780861e+01	1.150000000000e+03	7.370756790668e+02
2.208982443810e+01	1.200000000000e+03	7.370756858385e+02
2.210905265808e+01	1.200000000000e+03	7.370756892134e+02
2.212854290009e+01	1.000000000000e+03	7.370756892134e+02
2.214962530136e+01	9.000000000000e+02	7.370756957687e+02
2.216908192635e+01	8.500000000000e+02	7.370757014518e+02
2.218857073784e+01	6.000000000000e+02	7.370757057938e+02
2.220869874954e+01	1.000000000000e+03	7.370757105097e+02
2.222897744179e+01	6.500000000000e+02	7.370757167994e+02
2.224903559685e+01	7.500000000000e+02	7.370757194330e+02
2.226988053322e+01	1.650000000000e+03	7.370757222619e+02
2.228904438019e+01	1.000000000000e+03	7.370757268336e+02
2.230843782425e+01	1.300000000000e+03	7.370757323524e+02
2.232838273048e+01	6.500000000000e+02	7.370757390877e+02
2.234930396080e+01	7.500000000000e+02	7.370757394201e+02
2.236871743202e+01	6.500000000000e+02	7.370757441853e+02
2.238894462585e+01	7.500000000000e+02	7.370757494599e+02
2.240936183929e+01	8.500000000000e+02	7.370757551009e+02
2.242926430702e+01	9.500000000000e+02	7.370757586646e+02
2.244920158386e+01	7.500000000000e+02	7.370757586646e+02
2.246830487251e+01	6.500000000000e+02	7.370757625980e+02
2.248880529404e+01	8.500000000000e+02	7.370757699710e+02
2.250894808769e+01	6.500000000000e+02	7.370757776794e+02
2.252904534340e+01	8.000000000000e+02	7.370757783777e+02
2.254909300804e+01	4.500000000000e+02	7.370757797116e+02
2.256868219376e+01	3.500000000000e+02	7.370757872215e+02
2.258899950981e+01	9.000000000000e+02	7.370757905778e+02
2.260858917236e+01	5.500000000000e+02	7.370757930093e+02
2.262904953957e+01	7.500000000000e+02	7.370757944456e+02
2.264903998375e+01	9.000000000000e+02	7.370757951934e+02
2.266868662834e+01	6.000000000000e+02	7.370757951934e+02
2.268865656853e+01	4.500000000000e+02	7.370757957745e+02
2.270871877670e+01	2.500000000000e+02	7.370757963165e+02
2.272900080681e+01	5.500000000000e+02	7.370757967761e+02
2.274984526634e+01	6.000000000000e+02	7.370757968329e+02
2.276880788803e+01	2.500000000000e+02	7.370757968954e+02
2.278904938698e+01	5.000000000000e+02	7.370757971063e+02
2.280835986137e+01	3.500000000000e+02	7.370757970685e+02
2.282908773422e+01	3.500000000000e+02	7.370757970075e+02
2.284867954254e+01	7.500000000000e+02	7.370757970075e+02
2.286963272095e+01	8.000000000000e+02	7.370757973000e+02
2.288903546333e+01	6.000000000000e+02	7.370757975727e+02
2.290902733803e+01	4.000000000000e+02	7.370757978633e+02
2.292890548706e+01	4.500000000000e+02	7.370757979632e+02
2.294908642769e+01	5.000000000000e+02	7.370757980328e+02
2.296871280670e+01	3.500000000000e+02	7.370757983411e+02
2.298834991455e+01	5.500000000000e+02	7.370757985213e+02
2.300835227966e+01	5.500000000000e+02	7.370757986279e+02
2.302886748314e+01	3.000000000000e+02	7.370757986279e+02
2.304886269569e+01	2.500000000000e+02	7.370757985254e+02
2.306880283356e+01	2.000000000000e+02	7.370757983394e+02
2.308908390999e+01	5.000000000000e+02	7.370757988838e+02
2.310892152786e+01	6.000000000000e+02	7.370757991878e+02
2.312905240059e+01	5.000000000000e+02	7.370757991878e+02
2.314913845062e+01	4.500000000000e+02	7.370757993316e+02
2.316905570030e+01	6.500000000000e+02	7.370757994811e+02
2.318905568123e+01	4.500000000000e+02	7.370757996164e+02
2.320897507668e+01	2.500000000000e+02	7.370757995402e+02
2.322908663750e+01	5.000000000000e+02	7.370757994066e+02
2.324920797348e+01	6.000000000000e+02	7.370757993495e+02
2.326906061172e+01	7.000000000000e+02	7.370757995144e+02
2.328900003433e+01	5.000000000000e+02	7.370757998844e+02
2.330899381638e+01	2.000000000000e+02	7.370758000638e+02
2.332899928093e+01	7.500000000000e+02	7.370758000335e+02
2.335007572174e+01	3.500000000000e+02	7.370758000320e+02
2.336860942841e+01	3.500000000000e+02	7.370758002894e+02
2.338855600357e+01	6.000000000000e+02	7.370758004724e+02
2.340853118896e+01	4.000000000000e+02	7.370758001425e+02
2.342909240723e+01	5.000000000000e+02	7.370757999124e+02
2.344897913933e+01	5.500000000000e+02	7.370757999225e+02
2.346866273880e+01	7.500000000000e+02	7.370758001211e+02
2.348910546303e+01	7.500000000000e+02	7.370758001833e+02
2.350894403458e+01	3.000000000000e+02	7.370758000588e+02
2.352919363976e+01	3.000000000000e+02	7.370758000274e+02
2.354907703400e+01	5.000000000000e+02	7.370757999978e+02
2.356832075119e+01	5.500000000000e+02	7.370757999691e+02
2.358873176575e+01	5.000000000000e+02	7.370758002001e+02
2.360912108421e+01	3.000000000000e+02	7.370758003127e+02
2.362900114059e+01	5.000000000000e+02	7.370758003127e+02
2.364903879166e+01	5.500000000000e+02	7.370758003252e+02
2.366909074783e+01	4.000000000000e+02	7.370758003623e+02
2.368910932541e+01	9.500000000000e+02	7.370758004544e+02
2.370908713341e+01	9.500000000000e+02	7.370758005392e+02
2.372840070724e+01	4.000000000000e+02	7.370758006175e+02
2.374834704399e+01	7.000000000000e+02	7.370758006175e+02
2.376933169365e+01	5.500000000000e+02	7.370758007203e+02
2.378846454620e+01	7.000000000000e+02	7.370758009384e+02
2.380905461311e+01	1.100000000000e+03	7.370758008757e+02
2.382838058472e+01	7.000000000000e+02	7.370758007963e+02
2.384867811203e+01	3.500000000000e+02	7.370758007963e+02
2.386991477013e+01	7.000000000000e+02	7.370758009846e+02
2.388885998726e+01	3.500000000000e+02	7.370758011422e+02
2.390904068947e+01	4.500000000000e+02	7.370758012665e+02
2.392844390869e+01	4.500000000000e+02	7.370758012961e+02
2.394908809662e+01	5.000000000000e+02	7.370758014710e+02
2.396939992905e+01	4.000000000000e+02	7.370758020895e+02
2.398878884315e+01	1.000000000000e+03	7.370758020797e+02
2.400862836838e+01	5.500000000000e+02	7.370758017968e+02
2.403059220314e+01	6.000000000000e+02	7.370758017997e+02
2.404833531380e+01	4.000000000000e+02	7.370758018006e+02
2.406845712662e+01	7.000000000000e+02	7.370758018043e+02
2.409496212006e+01	7.500000000000e+02	7.370758019033e+02
2.411787343025e+01	8.500000000000e+02	7.370758019889e+02
2.413984179497e+01	9.500000000000e+02	7.370758019918e+02
2.415080833435e+01	4.000000000000e+02	7.370758019817e+02
2.416967678070e+01	5.000000000000e+02	7.370758019642e+02
2.419361281395e+01	6.000000000000e+02	7.370758019634e+02
2.422353291512e+01	3.000000000000e+02	7.370758019894e+02
2.424158859253e+01	3.000000000000e+02	7.370758020051e+02
2.426400041580e+01	4.500000000000e+02	7.370758020246e+02
2.429783558846e+01	4.000000000000e+02	7.370758021370e+02
2.435567951202e+01	9.000000000000e+02	7.370758023974e+02
2.437263226509e+01	5.000000000000e+02	7.370758024737e+02
2.437263226509e+01	4.500000000000e+02	7.370758024737e+02
2.437364220619e+01	6.000000000000e+02	7.370758024772e+02
2.441153144836e+01	8.000000000000e+02	7.370758026066e+02
