#Saved Data from the class wavemeter_logger_logic on 22.11.2022 at 14h20m08s.
#
#Parameters:
#===========
#
#Start Time (s): 22.11.2022 14h:19min:45s
#Stop Time (s): 22.11.2022 14h:20min:08s
#
#Data:
#=====
#Measurement Time (s)	Signal (counts/s)	Interpolated Wavelength (nm)
1.273655891418e-02	1.050000000000e+03	7.370755178045e+02
2.910256385803e-02	1.050000000000e+03	7.370755178045e+02
4.905700683594e-02	8.000000000000e+02	7.370755178045e+02
6.906247138977e-02	7.000000000000e+02	7.370755177945e+02
8.922815322876e-02	9.500000000000e+02	7.370755177818e+02
1.208457946777e-01	1.000000000000e+03	7.370755178075e+02
1.327869892120e-01	1.600000000000e+03	7.370755178172e+02
1.598343849182e-01	1.300000000000e+03	7.370755178961e+02
1.718022823334e-01	7.500000000000e+02	7.370755179513e+02
1.914391517639e-01	1.200000000000e+03	7.370755180071e+02
2.150576114655e-01	2.000000000000e+02	7.370755180142e+02
2.679312229156e-01	3.000000000000e+02	7.370755177598e+02
3.148140907288e-01	8.500000000000e+02	7.370755175477e+02
3.437368869781e-01	1.300000000000e+03	7.370755174863e+02
3.718276023865e-01	1.500000000000e+02	7.370755174267e+02
4.067578315735e-01	3.500000000000e+02	7.370755173526e+02
4.167144298553e-01	1.250000000000e+03	7.370755173315e+02
4.177141189575e-01	9.500000000000e+02	7.370755173420e+02
4.177141189575e-01	1.100000000000e+03	7.370755173420e+02
4.187381267548e-01	7.500000000000e+02	7.370755173529e+02
4.187381267548e-01	1.050000000000e+03	7.370755173529e+02
4.287762641907e-01	8.000000000000e+02	7.370755174591e+02
4.487473964691e-01	1.350000000000e+03	7.370755176539e+02
4.686911106110e-01	1.200000000000e+03	7.370755177830e+02
4.887235164642e-01	1.000000000000e+03	7.370755179604e+02
5.087115764618e-01	1.050000000000e+03	7.370755181194e+02
5.286393165588e-01	1.250000000000e+03	7.370755181194e+02
5.489768981934e-01	9.000000000000e+02	7.370755181395e+02
5.689556598663e-01	8.000000000000e+02	7.370755181762e+02
5.888795852661e-01	7.000000000000e+02	7.370755181196e+02
6.088228225708e-01	1.150000000000e+03	7.370755180830e+02
6.290032863617e-01	7.000000000000e+02	7.370755181150e+02
6.488847732544e-01	1.100000000000e+03	7.370755182029e+02
6.692636013031e-01	1.200000000000e+03	7.370755188067e+02
6.888945102692e-01	1.050000000000e+03	7.370755205689e+02
7.091071605682e-01	1.750000000000e+03	7.370755208378e+02
7.283484935760e-01	9.000000000000e+02	7.370755227840e+02
7.485330104828e-01	1.200000000000e+03	7.370755274544e+02
7.690978050232e-01	1.450000000000e+03	7.370755325181e+02
7.892384529114e-01	8.500000000000e+02	7.370755364533e+02
8.083374500275e-01	1.600000000000e+03	7.370755364533e+02
8.299551010132e-01	9.500000000000e+02	7.370755411025e+02
8.492059707642e-01	7.000000000000e+02	7.370755469084e+02
8.690946102142e-01	8.500000000000e+02	7.370755535316e+02
8.883492946625e-01	1.100000000000e+03	7.370755554918e+02
9.089376926422e-01	1.200000000000e+03	7.370755563928e+02
9.289517402649e-01	1.100000000000e+03	7.370755623807e+02
9.488987922668e-01	1.500000000000e+03	7.370755685523e+02
9.683749675751e-01	1.050000000000e+03	7.370755747763e+02
9.886474609375e-01	7.000000000000e+02	7.370755754140e+02
1.009214401245e+00	1.050000000000e+03	7.370755783168e+02
1.028960704803e+00	1.150000000000e+03	7.370755847666e+02
1.049664020538e+00	9.500000000000e+02	7.370755909518e+02
1.069297790527e+00	1.300000000000e+03	7.370755969810e+02
1.088248252869e+00	8.500000000000e+02	7.370756035958e+02
1.109187841415e+00	9.500000000000e+02	7.370756053350e+02
1.128900051117e+00	8.000000000000e+02	7.370756065406e+02
1.149065256119e+00	6.500000000000e+02	7.370756124700e+02
1.168542385101e+00	8.500000000000e+02	7.370756183119e+02
1.188745975494e+00	9.000000000000e+02	7.370756241347e+02
1.208795547485e+00	8.000000000000e+02	7.370756241347e+02
1.229028463364e+00	4.500000000000e+02	7.370756274845e+02
1.248891592026e+00	4.500000000000e+02	7.370756338092e+02
1.269060850143e+00	2.500000000000e+02	7.370756380493e+02
1.289087057114e+00	8.000000000000e+02	7.370756421436e+02
1.309084892273e+00	7.000000000000e+02	7.370756431635e+02
1.329052448273e+00	7.500000000000e+02	7.370756496060e+02
1.349013805389e+00	1.350000000000e+03	7.370756554224e+02
1.368933200836e+00	5.000000000000e+02	7.370756598260e+02
1.388920783997e+00	5.000000000000e+02	7.370756635778e+02
1.408861637115e+00	3.500000000000e+02	7.370756635778e+02
1.429014205933e+00	4.500000000000e+02	7.370756702130e+02
1.448424339294e+00	5.000000000000e+02	7.370756758141e+02
1.468554496765e+00	5.000000000000e+01	7.370756805543e+02
1.488870143890e+00	4.000000000000e+02	7.370756833290e+02
1.509847164154e+00	3.500000000000e+02	7.370756887256e+02
1.528989315033e+00	3.500000000000e+02	7.370756978607e+02
1.549069166183e+00	5.000000000000e+02	7.370757033823e+02
1.568931102753e+00	5.000000000000e+01	7.370757033823e+02
1.589887380600e+00	4.000000000000e+02	7.370757093672e+02
1.608798027039e+00	4.500000000000e+02	7.370757150038e+02
1.629066944122e+00	4.500000000000e+02	7.370757217565e+02
1.649837970734e+00	2.500000000000e+02	7.370757229939e+02
1.668799400330e+00	5.000000000000e+02	7.370757245963e+02
1.688826560974e+00	2.500000000000e+02	7.370757310081e+02
1.708746910095e+00	2.000000000000e+02	7.370757377166e+02
1.729069948196e+00	3.500000000000e+02	7.370757432776e+02
1.749187231064e+00	4.500000000000e+02	7.370757432776e+02
1.769025802612e+00	1.000000000000e+02	7.370757470810e+02
1.789158105850e+00	3.000000000000e+02	7.370757534502e+02
1.808980941772e+00	2.500000000000e+02	7.370757601907e+02
1.829065799713e+00	2.000000000000e+02	7.370757628550e+02
1.848952054977e+00	4.000000000000e+02	7.370757632646e+02
1.869065046310e+00	5.000000000000e+01	7.370757697911e+02
1.889734029770e+00	2.500000000000e+02	7.370757762566e+02
1.908981800079e+00	2.500000000000e+02	7.370757820958e+02
1.929440498352e+00	2.500000000000e+02	7.370757823985e+02
1.948123931885e+00	1.500000000000e+02	7.370757849771e+02
1.969060897827e+00	2.000000000000e+02	7.370757917365e+02
1.989063978195e+00	3.500000000000e+02	7.370757982114e+02
2.008928298950e+00	2.500000000000e+02	7.370758020589e+02
2.028869152069e+00	2.000000000000e+02	7.370758020589e+02
2.048816442490e+00	6.500000000000e+02	7.370758075298e+02
2.069016218185e+00	2.000000000000e+02	7.370758138379e+02
2.088959932327e+00	3.000000000000e+02	7.370758195890e+02
2.108336210251e+00	2.000000000000e+02	7.370758220150e+02
2.128889560699e+00	2.000000000000e+02	7.370758230496e+02
2.149072408676e+00	3.000000000000e+02	7.370758296819e+02
2.169030666351e+00	1.500000000000e+02	7.370758316041e+02
2.189046144485e+00	2.000000000000e+02	7.370758316041e+02
2.208809375763e+00	2.000000000000e+02	7.370758316041e+02
2.229074716568e+00	2.500000000000e+02	7.370758388049e+02
2.249645709991e+00	2.500000000000e+02	7.370758508548e+02
2.269070863724e+00	1.000000000000e+02	7.370758584740e+02
2.289061307907e+00	2.000000000000e+02	7.370758622406e+02
2.308612346649e+00	3.000000000000e+02	7.370758622406e+02
2.329075098038e+00	2.000000000000e+02	7.370758679575e+02
2.349076271057e+00	5.000000000000e+01	7.370758742655e+02
2.368447303772e+00	1.000000000000e+02	7.370758805510e+02
2.388399124146e+00	5.000000000000e+01	7.370758867319e+02
2.408318281174e+00	5.000000000000e+01	7.370758919322e+02
2.429045200348e+00	2.500000000000e+02	7.370758919322e+02
2.449156999588e+00	1.500000000000e+02	7.370758965931e+02
2.469050645828e+00	5.000000000000e+01	7.370759031876e+02
2.489068984985e+00	5.000000000000e+01	7.370759095889e+02
2.508817911148e+00	4.000000000000e+02	7.370759124454e+02
2.529233694077e+00	1.500000000000e+02	7.370759126747e+02
2.549034833908e+00	5.000000000000e+01	7.370759172574e+02
2.569062232971e+00	1.500000000000e+02	7.370759218924e+02
2.589019060135e+00	2.000000000000e+02	7.370759297029e+02
2.609096050262e+00	1.500000000000e+02	7.370759364758e+02
2.629033088684e+00	1.500000000000e+02	7.370759419286e+02
2.649942874908e+00	1.000000000000e+02	7.370759438021e+02
2.669068336487e+00	1.500000000000e+02	7.370759445591e+02
2.689073085785e+00	0.000000000000e+00	7.370759457118e+02
2.708238840103e+00	0.000000000000e+00	7.370759440355e+02
2.728723764420e+00	1.000000000000e+02	7.370759411258e+02
2.748669862747e+00	1.500000000000e+02	7.370759411258e+02
2.768621444702e+00	5.000000000000e+01	7.370759378368e+02
2.789028406143e+00	5.000000000000e+01	7.370759332136e+02
2.808618307114e+00	2.500000000000e+02	7.370759332136e+02
2.829185009003e+00	5.000000000000e+01	7.370759249064e+02
2.849034309387e+00	2.000000000000e+02	7.370759164798e+02
2.869057416916e+00	1.000000000000e+02	7.370759155159e+02
2.889038562775e+00	3.000000000000e+02	7.370759126218e+02
2.908838510513e+00	0.000000000000e+00	7.370759044418e+02
2.929203033447e+00	2.500000000000e+02	7.370758996831e+02
2.949080944061e+00	1.000000000000e+02	7.370758963577e+02
2.968276739120e+00	2.500000000000e+02	7.370758963577e+02
2.988947629929e+00	3.000000000000e+02	7.370758910835e+02
3.009204626083e+00	3.000000000000e+02	7.370758857181e+02
3.029125928879e+00	5.000000000000e+01	7.370758796677e+02
3.049021720886e+00	2.500000000000e+02	7.370758779382e+02
3.069056987762e+00	2.000000000000e+02	7.370758770790e+02
3.089049100876e+00	1.500000000000e+02	7.370758709004e+02
3.108998298645e+00	2.000000000000e+02	7.370758646584e+02
3.128913879395e+00	1.000000000000e+02	7.370758590045e+02
3.149146080017e+00	5.000000000000e+02	7.370758590045e+02
3.169851541519e+00	2.500000000000e+02	7.370758558839e+02
3.188931703568e+00	2.500000000000e+02	7.370758497103e+02
3.209189891815e+00	5.000000000000e+01	7.370758497103e+02
3.229072570801e+00	5.000000000000e+01	7.370758466477e+02
3.248925924301e+00	2.500000000000e+02	7.370758402703e+02
3.269053697586e+00	1.500000000000e+02	7.370758340388e+02
3.289060831070e+00	1.500000000000e+02	7.370758279065e+02
3.309162616730e+00	3.000000000000e+02	7.370758218061e+02
3.328804254532e+00	3.000000000000e+02	7.370758207698e+02
3.349065542221e+00	4.500000000000e+02	7.370758187348e+02
3.369049072266e+00	2.000000000000e+02	7.370758127691e+02
3.388874053955e+00	3.000000000000e+02	7.370758069716e+02
3.409049749374e+00	3.000000000000e+02	7.370758025519e+02
3.429010629654e+00	2.500000000000e+02	7.370758025519e+02
3.448819160461e+00	1.500000000000e+02	7.370757984948e+02
3.468760728836e+00	1.500000000000e+02	7.370757926578e+02
3.489029407501e+00	4.000000000000e+02	7.370757862393e+02
3.509159088135e+00	5.000000000000e+02	7.370757832067e+02
3.529125452042e+00	1.000000000000e+02	7.370757829800e+02
3.548852682114e+00	2.000000000000e+02	7.370757785801e+02
3.568634033203e+00	3.000000000000e+02	7.370757741682e+02
3.588668823242e+00	3.000000000000e+02	7.370757691754e+02
3.609204292297e+00	1.500000000000e+02	7.370757640328e+02
3.628582715988e+00	7.500000000000e+02	7.370757590810e+02
3.648913383484e+00	4.000000000000e+02	7.370757572912e+02
3.668861389160e+00	4.000000000000e+02	7.370757559925e+02
3.688878059387e+00	3.500000000000e+02	7.370757472680e+02
3.708804607391e+00	5.000000000000e+02	7.370757414222e+02
3.728751659393e+00	5.000000000000e+02	7.370757362874e+02
3.748755455017e+00	6.000000000000e+02	7.370757362874e+02
3.769186735153e+00	7.000000000000e+02	7.370757328475e+02
3.789826393127e+00	3.500000000000e+02	7.370757268268e+02
3.809035539627e+00	6.500000000000e+02	7.370757172990e+02
3.828983068466e+00	4.500000000000e+02	7.370757167934e+02
3.848696231842e+00	5.000000000000e+02	7.370757167934e+02
3.869040727615e+00	3.000000000000e+02	7.370757106344e+02
3.889075756073e+00	7.500000000000e+02	7.370757039989e+02
3.908847332001e+00	5.000000000000e+02	7.370756975479e+02
3.929068803787e+00	1.050000000000e+03	7.370756972218e+02
3.948906421661e+00	8.500000000000e+02	7.370756938888e+02
3.968500137329e+00	6.000000000000e+02	7.370756867150e+02
3.988961935043e+00	5.000000000000e+02	7.370756809657e+02
4.009236812592e+00	7.000000000000e+02	7.370756749909e+02
4.029175996780e+00	4.500000000000e+02	7.370756687084e+02
4.049072980881e+00	9.500000000000e+02	7.370756677720e+02
4.069081068039e+00	9.000000000000e+02	7.370756659796e+02
4.089079618454e+00	7.000000000000e+02	7.370756594233e+02
4.108343124390e+00	1.100000000000e+03	7.370756534237e+02
4.128922700882e+00	7.500000000000e+02	7.370756483556e+02
4.149076223373e+00	5.500000000000e+02	7.370756483556e+02
4.168840646744e+00	3.000000000000e+02	7.370756440339e+02
4.188787221909e+00	6.500000000000e+02	7.370756374265e+02
4.208759069443e+00	9.000000000000e+02	7.370756310784e+02
4.229048728943e+00	9.000000000000e+02	7.370756287305e+02
4.248998403549e+00	7.500000000000e+02	7.370756285629e+02
4.269076108932e+00	1.000000000000e+03	7.370756220520e+02
4.289076805115e+00	1.100000000000e+03	7.370756160028e+02
4.308302164078e+00	1.100000000000e+03	7.370756105205e+02
4.328551292419e+00	1.200000000000e+03	7.370756038942e+02
4.348916769028e+00	1.000000000000e+03	7.370755994888e+02
4.369039535522e+00	1.000000000000e+03	7.370755994888e+02
4.389069557190e+00	1.000000000000e+03	7.370755977419e+02
4.408764600754e+00	1.050000000000e+03	7.370755898544e+02
4.429915666580e+00	1.150000000000e+03	7.370755898544e+02
4.449042320251e+00	9.500000000000e+02	7.370755866210e+02
4.469079256058e+00	6.000000000000e+02	7.370755813012e+02
4.488980770111e+00	1.850000000000e+03	7.370755742160e+02
4.508229017258e+00	9.000000000000e+02	7.370755675514e+02
4.528936862946e+00	1.100000000000e+03	7.370755614330e+02
4.548887014389e+00	1.100000000000e+03	7.370755590810e+02
4.568389415741e+00	1.250000000000e+03	7.370755577356e+02
4.588411331177e+00	8.500000000000e+02	7.370755528921e+02
4.608339071274e+00	1.350000000000e+03	7.370755477588e+02
4.628952741623e+00	7.000000000000e+02	7.370755409748e+02
4.648908615112e+00	1.050000000000e+03	7.370755390129e+02
4.669075012207e+00	1.050000000000e+03	7.370755355035e+02
4.689037084579e+00	1.200000000000e+03	7.370755301519e+02
4.708281517029e+00	1.500000000000e+03	7.370755240769e+02
4.728884935379e+00	1.050000000000e+03	7.370755170592e+02
4.749015569687e+00	1.500000000000e+03	7.370755103039e+02
4.769041061401e+00	1.400000000000e+03	7.370755075995e+02
4.788962364197e+00	1.350000000000e+03	7.370755065524e+02
4.809188604355e+00	1.000000000000e+03	7.370754996317e+02
4.829289674759e+00	1.000000000000e+03	7.370754930655e+02
4.848962783813e+00	1.350000000000e+03	7.370754874570e+02
4.869042634964e+00	9.000000000000e+02	7.370754874570e+02
4.889131546021e+00	1.350000000000e+03	7.370754844307e+02
4.909078598022e+00	1.300000000000e+03	7.370754789258e+02
4.929044246674e+00	1.100000000000e+03	7.370754724513e+02
4.948861598969e+00	1.100000000000e+03	7.370754685433e+02
4.969044446945e+00	8.500000000000e+02	7.370754685433e+02
4.989079236984e+00	9.000000000000e+02	7.370754624535e+02
5.009085178375e+00	1.200000000000e+03	7.370754563767e+02
5.029078006744e+00	9.500000000000e+02	7.370754511765e+02
5.049078941345e+00	1.050000000000e+03	7.370754503979e+02
5.069076776505e+00	1.150000000000e+03	7.370754486682e+02
5.089014053345e+00	1.250000000000e+03	7.370754432225e+02
5.109011411667e+00	9.000000000000e+02	7.370754373152e+02
5.129791021347e+00	1.250000000000e+03	7.370754317426e+02
5.151126384735e+00	1.400000000000e+03	7.370754317426e+02
5.169100284576e+00	1.300000000000e+03	7.370754282294e+02
5.189059734344e+00	9.500000000000e+02	7.370754223725e+02
5.208297729492e+00	1.050000000000e+03	7.370754165985e+02
5.229086399078e+00	4.000000000000e+02	7.370754105915e+02
5.249149560928e+00	3.500000000000e+02	7.370754050177e+02
5.269096374512e+00	3.000000000000e+02	7.370754044618e+02
5.289057254791e+00	3.500000000000e+02	7.370754020197e+02
5.309269428253e+00	2.000000000000e+02	7.370753965290e+02
5.328963279724e+00	3.500000000000e+02	7.370753905580e+02
5.348959207535e+00	3.000000000000e+02	7.370753856654e+02
5.369105577469e+00	5.000000000000e+02	7.370753856654e+02
5.388789176941e+00	1.000000000000e+02	7.370753815308e+02
5.408902406693e+00	4.500000000000e+02	7.370753755094e+02
5.428350210190e+00	3.000000000000e+02	7.370753692080e+02
5.449081420898e+00	1.500000000000e+02	7.370753659785e+02
5.469069242477e+00	3.500000000000e+02	7.370753655832e+02
5.488898277283e+00	5.500000000000e+02	7.370753593290e+02
5.508264064789e+00	3.000000000000e+02	7.370753533309e+02
5.529179096222e+00	0.000000000000e+00	7.370753469799e+02
5.548578023911e+00	4.500000000000e+02	7.370753460664e+02
5.569077968597e+00	4.000000000000e+02	7.370753447070e+02
5.588757038116e+00	5.000000000000e+02	7.370753415194e+02
5.608596563339e+00	3.000000000000e+02	7.370753383058e+02
5.628566980362e+00	2.000000000000e+02	7.370753255212e+02
5.648512601852e+00	1.500000000000e+02	7.370753192911e+02
5.669091463089e+00	2.500000000000e+02	7.370753162689e+02
5.688439130783e+00	6.500000000000e+02	7.370753162689e+02
5.708268404007e+00	2.000000000000e+02	7.370753129263e+02
5.730003595352e+00	4.000000000000e+02	7.370753061655e+02
5.749221801758e+00	3.500000000000e+02	7.370752992883e+02
5.769081830978e+00	3.500000000000e+02	7.370752923636e+02
5.788805723190e+00	5.000000000000e+02	7.370752859455e+02
5.808775424957e+00	2.000000000000e+02	7.370752848391e+02
5.829213380814e+00	3.500000000000e+02	7.370752811342e+02
5.849235057831e+00	4.500000000000e+02	7.370752745297e+02
5.869079828262e+00	1.500000000000e+02	7.370752683207e+02
5.889048814774e+00	3.000000000000e+02	7.370752642307e+02
5.908549308777e+00	5.000000000000e+02	7.370752642307e+02
5.929373264313e+00	2.000000000000e+02	7.370752592213e+02
5.949381589890e+00	1.000000000000e+02	7.370752540218e+02
5.968585252762e+00	1.000000000000e+02	7.370752462857e+02
5.988531589508e+00	3.000000000000e+02	7.370752438751e+02
6.008822441101e+00	3.000000000000e+02	7.370752412357e+02
6.029209613800e+00	2.500000000000e+02	7.370752360202e+02
6.049048185349e+00	4.000000000000e+02	7.370752300363e+02
6.068674802780e+00	3.500000000000e+02	7.370752238306e+02
6.089084148407e+00	0.000000000000e+00	7.370752238306e+02
6.109216690063e+00	2.500000000000e+02	7.370752201979e+02
6.129180431366e+00	5.000000000000e+01	7.370752137783e+02
6.149832248688e+00	4.500000000000e+02	7.370752082586e+02
6.168800830841e+00	2.000000000000e+02	7.370752042274e+02
6.188344955444e+00	2.500000000000e+02	7.370752042274e+02
6.209030389786e+00	2.000000000000e+02	7.370751978429e+02
6.228969335556e+00	1.500000000000e+02	7.370751915924e+02
6.250005483627e+00	1.000000000000e+02	7.370751859954e+02
6.269904375076e+00	1.500000000000e+02	7.370751844005e+02
6.288877010345e+00	1.500000000000e+02	7.370751817896e+02
6.308356761932e+00	2.000000000000e+02	7.370751755220e+02
6.328336238861e+00	1.000000000000e+02	7.370751697436e+02
6.348282814026e+00	1.500000000000e+02	7.370751647458e+02
6.368973731995e+00	1.000000000000e+02	7.370751647458e+02
6.389162063599e+00	1.500000000000e+02	7.370751609630e+02
6.408303022385e+00	3.000000000000e+02	7.370751545727e+02
6.429069757462e+00	1.500000000000e+02	7.370751478480e+02
6.449084281921e+00	1.000000000000e+02	7.370751415458e+02
6.469618320465e+00	1.000000000000e+02	7.370751352537e+02
6.489563465118e+00	1.000000000000e+02	7.370751346412e+02
6.509040832520e+00	5.000000000000e+01	7.370751317270e+02
6.529176712036e+00	2.500000000000e+02	7.370751248296e+02
6.549890756607e+00	1.000000000000e+02	7.370751185011e+02
6.569466590881e+00	2.000000000000e+02	7.370751138040e+02
6.589088201523e+00	0.000000000000e+00	7.370751138040e+02
6.609176397324e+00	1.000000000000e+02	7.370751083555e+02
6.629081487656e+00	1.500000000000e+02	7.370751018848e+02
6.649079799652e+00	3.500000000000e+02	7.370750952790e+02
6.669163465500e+00	1.000000000000e+02	7.370750939606e+02
6.689203739166e+00	0.000000000000e+00	7.370750922397e+02
6.709205389023e+00	0.000000000000e+00	7.370750854253e+02
6.729048013687e+00	0.000000000000e+00	7.370750789606e+02
6.749105215073e+00	2.000000000000e+02	7.370750732583e+02
6.768798351288e+00	1.500000000000e+02	7.370750732583e+02
6.789105415344e+00	2.000000000000e+02	7.370750722178e+02
6.809136867523e+00	5.000000000000e+01	7.370750702933e+02
6.829832315445e+00	5.000000000000e+01	7.370750723103e+02
6.848987340927e+00	5.000000000000e+01	7.370750737450e+02
6.868713140488e+00	5.000000000000e+01	7.370750737450e+02
6.889103651047e+00	0.000000000000e+00	7.370750782140e+02
6.909183502197e+00	2.500000000000e+02	7.370750831033e+02
6.929098367691e+00	1.000000000000e+02	7.370750866509e+02
6.949406623840e+00	1.000000000000e+02	7.370750902687e+02
6.968419790268e+00	1.000000000000e+02	7.370750958138e+02
6.989079475403e+00	2.000000000000e+02	7.370751020725e+02
7.010020732880e+00	2.500000000000e+02	7.370751083728e+02
7.029034376144e+00	1.500000000000e+02	7.370751092746e+02
7.049048900604e+00	5.000000000000e+01	7.370751119179e+02
7.068995952606e+00	2.000000000000e+02	7.370751177922e+02
7.088979005814e+00	2.000000000000e+02	7.370751183798e+02
7.108972311020e+00	5.000000000000e+01	7.370751212987e+02
7.129113912582e+00	2.000000000000e+02	7.370751273841e+02
7.149126291275e+00	2.000000000000e+02	7.370751333570e+02
7.169420719147e+00	5.000000000000e+01	7.370751393742e+02
7.188393354416e+00	1.000000000000e+02	7.370751449054e+02
7.209129810333e+00	2.500000000000e+02	7.370751472246e+02
7.229266166687e+00	1.000000000000e+02	7.370751480583e+02
7.248829364777e+00	1.500000000000e+02	7.370751548267e+02
7.268980026245e+00	3.500000000000e+02	7.370751606878e+02
7.288833856583e+00	2.000000000000e+02	7.370751658887e+02
7.308464527130e+00	5.000000000000e+01	7.370751658887e+02
7.328407287598e+00	1.500000000000e+02	7.370751694314e+02
7.349110603333e+00	5.000000000000e+01	7.370751764920e+02
7.369067668915e+00	5.000000000000e+01	7.370751820208e+02
7.389089822769e+00	0.000000000000e+00	7.370751850845e+02
7.408867359161e+00	1.500000000000e+02	7.370751850845e+02
7.428396224976e+00	2.500000000000e+02	7.370751904419e+02
7.449064254761e+00	1.000000000000e+02	7.370751964851e+02
7.469084024429e+00	2.500000000000e+02	7.370752030932e+02
7.488701343536e+00	2.500000000000e+02	7.370752040815e+02
7.509089469910e+00	1.500000000000e+02	7.370752064453e+02
7.528424024582e+00	1.000000000000e+02	7.370752137379e+02
7.548908472061e+00	3.500000000000e+02	7.370752192256e+02
7.569097042084e+00	2.500000000000e+02	7.370752235121e+02
7.589090585709e+00	5.000000000000e+01	7.370752235121e+02
7.608700275421e+00	2.000000000000e+02	7.370752271530e+02
7.629918575287e+00	2.000000000000e+02	7.370752333664e+02
7.649039983749e+00	2.000000000000e+02	7.370752396779e+02
7.669088840485e+00	3.000000000000e+02	7.370752428194e+02
7.689085721970e+00	1.000000000000e+02	7.370752428194e+02
7.708897352219e+00	1.500000000000e+02	7.370752489000e+02
7.729093313217e+00	1.000000000000e+02	7.370752548986e+02
7.749829769135e+00	3.000000000000e+02	7.370752607634e+02
7.768820762634e+00	1.000000000000e+02	7.370752671607e+02
7.788790941238e+00	5.000000000000e+02	7.370752725704e+02
7.808707714081e+00	3.000000000000e+02	7.370752725704e+02
7.828764677048e+00	4.000000000000e+02	7.370752777507e+02
7.849205017090e+00	3.500000000000e+02	7.370752834990e+02
7.868937492371e+00	3.000000000000e+02	7.370752903913e+02
7.889051675797e+00	2.000000000000e+02	7.370752924821e+02
7.908934831619e+00	2.500000000000e+02	7.370752934964e+02
7.929085254669e+00	2.500000000000e+02	7.370753002673e+02
7.948873519897e+00	3.500000000000e+02	7.370753028937e+02
7.969019174576e+00	2.500000000000e+02	7.370753028937e+02
7.989090204239e+00	3.000000000000e+02	7.370753028937e+02
8.008855342865e+00	5.000000000000e+02	7.370753028937e+02
8.029197216034e+00	3.500000000000e+02	7.370753028937e+02
8.049086809158e+00	6.000000000000e+02	7.370753209248e+02
8.069094657898e+00	2.500000000000e+02	7.370753347366e+02
8.089100122452e+00	4.000000000000e+02	7.370753390391e+02
8.108600139618e+00	2.500000000000e+02	7.370753424920e+02
8.128547906876e+00	5.500000000000e+02	7.370753424920e+02
8.148527622223e+00	5.000000000000e+02	7.370753491048e+02
8.169087171555e+00	4.500000000000e+02	7.370753550135e+02
8.189096212387e+00	4.000000000000e+02	7.370753599478e+02
8.208849668503e+00	2.500000000000e+02	7.370753618775e+02
8.229092597961e+00	2.000000000000e+02	7.370753643819e+02
8.249020338058e+00	4.000000000000e+02	7.370753692921e+02
8.269066095352e+00	2.000000000000e+02	7.370753714849e+02
8.289341926575e+00	5.000000000000e+02	7.370753740120e+02
8.309235095978e+00	6.000000000000e+02	7.370753788953e+02
8.329268693924e+00	4.000000000000e+02	7.370753844319e+02
8.348500490189e+00	6.500000000000e+02	7.370753902204e+02
8.369052410126e+00	5.500000000000e+02	7.370753961414e+02
8.388326883316e+00	3.000000000000e+02	7.370753999475e+02
8.409275531769e+00	7.000000000000e+02	7.370753999475e+02
8.429039955139e+00	7.000000000000e+02	7.370754047663e+02
8.449585199356e+00	6.500000000000e+02	7.370754102567e+02
8.469084739685e+00	6.500000000000e+02	7.370754165008e+02
8.488979101181e+00	9.500000000000e+02	7.370754187095e+02
8.508894443512e+00	8.500000000000e+02	7.370754187095e+02
8.528482198715e+00	4.500000000000e+02	7.370754187095e+02
8.549091339111e+00	5.000000000000e+02	7.370754280137e+02
8.569196939468e+00	4.500000000000e+02	7.370754367590e+02
8.589096069336e+00	9.000000000000e+02	7.370754424339e+02
8.608930110931e+00	7.000000000000e+02	7.370754452815e+02
8.629051923752e+00	9.500000000000e+02	7.370754452815e+02
8.648931741714e+00	1.250000000000e+03	7.370754506480e+02
8.669244289398e+00	1.200000000000e+03	7.370754565900e+02
8.690206527710e+00	1.100000000000e+03	7.370754629127e+02
8.709165334702e+00	1.250000000000e+03	7.370754635142e+02
8.729068756104e+00	7.000000000000e+02	7.370754659650e+02
8.749861001968e+00	7.500000000000e+02	7.370754711642e+02
8.769804000854e+00	1.050000000000e+03	7.370754772445e+02
8.789746761322e+00	1.200000000000e+03	7.370754828106e+02
8.808291196823e+00	1.150000000000e+03	7.370754828106e+02
8.829055786133e+00	1.400000000000e+03	7.370754868249e+02
8.849032878876e+00	9.000000000000e+02	7.370754935174e+02
8.868979692459e+00	9.500000000000e+02	7.370755000710e+02
8.889753341675e+00	1.700000000000e+03	7.370755030201e+02
8.908554792404e+00	1.000000000000e+03	7.370755030201e+02
8.929101228714e+00	1.100000000000e+03	7.370755103360e+02
8.949093341827e+00	1.100000000000e+03	7.370755170009e+02
8.969044208527e+00	1.200000000000e+03	7.370755232451e+02
8.989243984222e+00	1.000000000000e+03	7.370755297169e+02
9.008322477341e+00	1.000000000000e+03	7.370755342450e+02
9.029093503952e+00	1.150000000000e+03	7.370755342450e+02
9.048970460892e+00	1.000000000000e+03	7.370755392416e+02
9.069783687592e+00	9.500000000000e+02	7.370755460003e+02
9.088860273361e+00	1.150000000000e+03	7.370755525368e+02
9.109252214432e+00	1.550000000000e+03	7.370755552714e+02
9.129813432693e+00	1.250000000000e+03	7.370755552714e+02
9.149095296860e+00	1.200000000000e+03	7.370755620610e+02
9.169094085693e+00	1.050000000000e+03	7.370755684649e+02
9.189751625061e+00	9.000000000000e+02	7.370755745495e+02
9.208693504333e+00	7.500000000000e+02	7.370755757329e+02
9.229197025299e+00	1.200000000000e+03	7.370755785614e+02
9.248584747314e+00	1.150000000000e+03	7.370755854142e+02
9.268985271454e+00	1.950000000000e+03	7.370755920020e+02
9.289042949677e+00	1.100000000000e+03	7.370755960965e+02
9.311336755753e+00	1.250000000000e+03	7.370755960965e+02
9.329102516174e+00	1.200000000000e+03	7.370756014011e+02
9.348938226700e+00	1.400000000000e+03	7.370756077102e+02
9.369048357010e+00	7.000000000000e+02	7.370756141840e+02
9.389211654663e+00	8.500000000000e+02	7.370756158219e+02
9.408509016037e+00	7.000000000000e+02	7.370756170339e+02
9.429028272629e+00	0.000000000000e+00	7.370756232688e+02
9.448873996735e+00	0.000000000000e+00	7.370756287501e+02
9.469180583954e+00	0.000000000000e+00	7.370756340511e+02
9.489120721817e+00	5.000000000000e+01	7.370756345718e+02
9.508953094482e+00	1.050000000000e+03	7.370756374433e+02
9.529097795486e+00	9.000000000000e+02	7.370756423115e+02
9.548782587051e+00	9.000000000000e+02	7.370756497923e+02
9.568855762482e+00	6.500000000000e+02	7.370756577240e+02
9.588802337646e+00	4.000000000000e+02	7.370756634149e+02
9.608748912811e+00	5.500000000000e+02	7.370756679635e+02
9.629096984863e+00	8.000000000000e+02	7.370756723123e+02
9.648742675781e+00	4.500000000000e+02	7.370756736854e+02
9.668986558914e+00	4.000000000000e+02	7.370756744893e+02
9.689083814621e+00	8.000000000000e+02	7.370756815398e+02
9.708443641663e+00	4.000000000000e+02	7.370756879398e+02
9.729851961136e+00	6.000000000000e+02	7.370756946643e+02
9.749034643173e+00	3.500000000000e+02	7.370756952897e+02
9.769061088562e+00	7.000000000000e+02	7.370756984550e+02
9.788977384567e+00	7.500000000000e+02	7.370757045382e+02
9.809280157089e+00	6.000000000000e+02	7.370757113975e+02
9.828349351883e+00	5.000000000000e+02	7.370757151444e+02
9.848721981049e+00	5.000000000000e+02	7.370757151444e+02
9.868498802185e+00	4.500000000000e+02	7.370757207371e+02
9.889077186584e+00	4.000000000000e+02	7.370757271629e+02
9.909636020660e+00	3.000000000000e+02	7.370757345091e+02
9.928615331650e+00	5.500000000000e+02	7.370757345091e+02
9.948556184769e+00	6.500000000000e+02	7.370757375377e+02
9.968786001205e+00	3.500000000000e+02	7.370757436862e+02
9.988948822021e+00	6.000000000000e+02	7.370757495773e+02
1.000916934013e+01	2.500000000000e+02	7.370757542876e+02
1.002897095680e+01	3.500000000000e+02	7.370757542876e+02
1.004882431030e+01	1.500000000000e+02	7.370757588378e+02
1.006880664825e+01	3.500000000000e+02	7.370757654538e+02
1.008909749985e+01	3.500000000000e+02	7.370757715287e+02
1.010917806625e+01	4.000000000000e+02	7.370757741688e+02
1.012901592255e+01	2.500000000000e+02	7.370757746850e+02
1.014907336235e+01	3.500000000000e+02	7.370757805804e+02
1.016904640198e+01	1.000000000000e+02	7.370757863255e+02
1.018918347359e+01	5.000000000000e+01	7.370757920036e+02
1.020912456512e+01	3.500000000000e+02	7.370757931273e+02
1.022907209396e+01	2.000000000000e+02	7.370757963196e+02
1.024906015396e+01	1.000000000000e+02	7.370758027320e+02
1.026889824867e+01	6.000000000000e+02	7.370758089988e+02
1.028884482384e+01	3.000000000000e+02	7.370758154473e+02
1.030879116058e+01	2.000000000000e+02	7.370758221157e+02
1.032909727097e+01	0.000000000000e+00	7.370758227752e+02
1.034908843040e+01	4.000000000000e+02	7.370758244572e+02
1.036907482147e+01	4.000000000000e+02	7.370758312676e+02
1.038909864426e+01	2.000000000000e+02	7.370758376085e+02
1.040907192230e+01	2.000000000000e+02	7.370758422418e+02
1.042934536934e+01	1.500000000000e+02	7.370758422418e+02
1.044943094254e+01	4.000000000000e+02	7.370758456096e+02
1.046906137466e+01	2.500000000000e+02	7.370758498736e+02
1.048896670341e+01	2.000000000000e+02	7.370758548137e+02
1.050986099243e+01	2.000000000000e+02	7.370758609286e+02
1.052914834023e+01	1.000000000000e+02	7.370758622059e+02
1.054909729958e+01	1.500000000000e+02	7.370758650963e+02
1.056906390190e+01	3.000000000000e+02	7.370758709590e+02
1.058828783035e+01	1.500000000000e+02	7.370758780507e+02
1.060883069038e+01	2.500000000000e+02	7.370758820640e+02
1.062917113304e+01	1.500000000000e+02	7.370758820640e+02
1.064911603928e+01	2.000000000000e+02	7.370758868657e+02
1.066905260086e+01	2.000000000000e+02	7.370758921966e+02
1.068928909302e+01	1.000000000000e+02	7.370758982806e+02
1.070925951004e+01	5.000000000000e+01	7.370759048855e+02
1.072920632362e+01	1.500000000000e+02	7.370759120059e+02
1.074897551537e+01	1.500000000000e+02	7.370759121970e+02
1.076906299591e+01	1.500000000000e+02	7.370759170729e+02
1.078926062584e+01	2.000000000000e+02	7.370759219755e+02
1.080839085579e+01	2.000000000000e+02	7.370759227157e+02
1.082895612717e+01	3.500000000000e+02	7.370759279433e+02
1.084897542000e+01	2.000000000000e+02	7.370759333412e+02
1.086898422241e+01	1.000000000000e+02	7.370759402268e+02
1.088905310631e+01	0.000000000000e+00	7.370759469329e+02
1.090827035904e+01	1.500000000000e+02	7.370759531854e+02
1.092880249023e+01	2.500000000000e+02	7.370759592292e+02
1.094910073280e+01	1.500000000000e+02	7.370759635603e+02
1.096906614304e+01	5.000000000000e+01	7.370759635603e+02
1.098835873604e+01	2.500000000000e+02	7.370759684163e+02
1.100921416283e+01	1.000000000000e+02	7.370759754828e+02
1.102918553352e+01	5.000000000000e+01	7.370759824879e+02
1.104926300049e+01	1.000000000000e+02	7.370759842330e+02
1.106895899773e+01	2.000000000000e+02	7.370759850324e+02
1.108910584450e+01	5.000000000000e+01	7.370759903282e+02
1.110894942284e+01	5.000000000000e+01	7.370759916984e+02
1.112901759148e+01	0.000000000000e+00	7.370759912686e+02
1.114919757843e+01	1.000000000000e+02	7.370759912686e+02
1.116906690598e+01	2.500000000000e+02	7.370759890781e+02
1.118855619431e+01	2.000000000000e+02	7.370759853416e+02
1.120929002762e+01	3.000000000000e+02	7.370759798639e+02
1.122909283638e+01	0.000000000000e+00	7.370759775604e+02
1.124904084206e+01	2.000000000000e+02	7.370759775604e+02
1.126925134659e+01	1.000000000000e+02	7.370759718173e+02
1.128909850121e+01	5.000000000000e+01	7.370759662812e+02
1.130981492996e+01	1.000000000000e+02	7.370759610246e+02
1.132927751541e+01	3.500000000000e+02	7.370759597596e+02
1.134888410568e+01	5.000000000000e+01	7.370759575315e+02
1.136885356903e+01	0.000000000000e+00	7.370759511587e+02
1.138889193535e+01	1.500000000000e+02	7.370759452385e+02
1.140890645981e+01	1.000000000000e+02	7.370759403212e+02
1.142894268036e+01	2.500000000000e+02	7.370759403212e+02
1.144906210899e+01	0.000000000000e+00	7.370759361061e+02
1.146897816658e+01	1.500000000000e+02	7.370759299951e+02
1.148908162117e+01	5.000000000000e+01	7.370759233261e+02
1.150841760635e+01	1.000000000000e+02	7.370759174732e+02
1.152985262871e+01	5.000000000000e+01	7.370759114594e+02
1.154907393456e+01	1.500000000000e+02	7.370759109004e+02
1.156906580925e+01	1.000000000000e+02	7.370759109004e+02
1.158899283409e+01	1.000000000000e+02	7.370759068133e+02
1.160889053345e+01	5.000000000000e+01	7.370759003521e+02
1.162914514542e+01	3.000000000000e+02	7.370758920337e+02
1.164923191071e+01	5.000000000000e+01	7.370758920337e+02
1.166832304001e+01	1.000000000000e+02	7.370758920337e+02
1.168897509575e+01	1.500000000000e+02	7.370758851031e+02
1.170847582817e+01	1.000000000000e+02	7.370758781619e+02
1.172943186760e+01	1.000000000000e+02	7.370758733038e+02
1.174836850166e+01	2.500000000000e+02	7.370758733038e+02
1.176910877228e+01	3.000000000000e+02	7.370758680864e+02
1.178906536102e+01	1.000000000000e+02	7.370758611503e+02
1.180891156197e+01	2.000000000000e+02	7.370758567178e+02
1.182852959633e+01	1.500000000000e+02	7.370758540054e+02
1.184902453423e+01	3.000000000000e+02	7.370758540054e+02
1.186817693710e+01	3.000000000000e+02	7.370758477578e+02
1.188910293579e+01	2.000000000000e+02	7.370758410886e+02
1.190852546692e+01	1.500000000000e+02	7.370758353835e+02
1.192829895020e+01	5.000000000000e+01	7.370758298566e+02
1.194898581505e+01	2.000000000000e+02	7.370758256867e+02
1.196910357475e+01	1.500000000000e+02	7.370758256867e+02
1.198909950256e+01	1.500000000000e+02	7.370758205113e+02
1.200930309296e+01	3.000000000000e+02	7.370758142048e+02
1.202899074554e+01	3.000000000000e+02	7.370758095442e+02
1.204893112183e+01	3.500000000000e+02	7.370758071121e+02
1.206856727600e+01	2.000000000000e+02	7.370758064814e+02
1.208853387833e+01	2.000000000000e+02	7.370758001589e+02
1.210848021507e+01	2.500000000000e+02	7.370757942014e+02
1.212845444679e+01	2.000000000000e+02	7.370757887598e+02
1.214886832237e+01	2.500000000000e+02	7.370757887598e+02
1.216913461685e+01	1.500000000000e+02	7.370757850978e+02
1.218911337852e+01	3.000000000000e+02	7.370757788308e+02
1.220980167389e+01	3.000000000000e+02	7.370757719680e+02
1.222910332680e+01	3.000000000000e+02	7.370757691745e+02
1.224891209602e+01	5.000000000000e+02	7.370757691745e+02
1.226911234856e+01	3.000000000000e+02	7.370757630549e+02
1.228910398483e+01	2.000000000000e+02	7.370757567775e+02
1.230907535553e+01	2.500000000000e+02	7.370757502076e+02
1.232902193069e+01	2.500000000000e+02	7.370757442730e+02
1.234919214249e+01	2.000000000000e+02	7.370757400933e+02
1.236910343170e+01	5.500000000000e+02	7.370757400933e+02
1.238904047012e+01	2.500000000000e+02	7.370757349530e+02
1.240911912918e+01	4.500000000000e+02	7.370757285332e+02
1.242903542519e+01	4.000000000000e+02	7.370757223414e+02
1.244863247871e+01	2.000000000000e+02	7.370757205874e+02
1.246855568886e+01	3.000000000000e+02	7.370757196412e+02
1.248852586746e+01	5.500000000000e+02	7.370757132897e+02
1.250916790962e+01	2.500000000000e+02	7.370757072336e+02
1.252977013588e+01	2.000000000000e+02	7.370757015545e+02
1.254913496971e+01	4.500000000000e+02	7.370757009977e+02
1.256913256645e+01	4.000000000000e+02	7.370756981508e+02
1.258917403221e+01	9.500000000000e+02	7.370756925090e+02
1.260911655426e+01	6.500000000000e+02	7.370756867858e+02
1.262893891335e+01	6.000000000000e+02	7.370756810794e+02
1.264896821976e+01	5.500000000000e+02	7.370756762284e+02
1.266898322105e+01	5.500000000000e+02	7.370756715592e+02
1.268933439255e+01	3.500000000000e+02	7.370756715592e+02
1.270969700813e+01	9.000000000000e+02	7.370756677711e+02
1.272882533073e+01	6.500000000000e+02	7.370756616969e+02
1.274907088280e+01	7.000000000000e+02	7.370756550067e+02
1.276911282539e+01	7.500000000000e+02	7.370756517436e+02
1.278925418854e+01	9.000000000000e+02	7.370756485526e+02
1.280888223648e+01	9.000000000000e+02	7.370756424625e+02
1.282882857323e+01	8.500000000000e+02	7.370756369352e+02
1.284875488281e+01	1.050000000000e+03	7.370756322721e+02
1.286910700798e+01	9.500000000000e+02	7.370756322721e+02
1.288837623596e+01	7.500000000000e+02	7.370756291972e+02
1.290914130211e+01	1.150000000000e+03	7.370756225358e+02
1.292899608612e+01	1.050000000000e+03	7.370756175347e+02
1.294898700714e+01	1.150000000000e+03	7.370756132808e+02
1.296899843216e+01	9.500000000000e+02	7.370756128551e+02
1.298907732964e+01	8.500000000000e+02	7.370756075366e+02
1.300850915909e+01	1.100000000000e+03	7.370756021829e+02
1.302906680107e+01	9.500000000000e+02	7.370755953184e+02
1.304913902283e+01	1.250000000000e+03	7.370755930703e+02
1.306909036636e+01	9.000000000000e+02	7.370755923529e+02
1.308907341957e+01	9.000000000000e+02	7.370755861673e+02
1.310860824585e+01	1.100000000000e+03	7.370755801180e+02
1.312915897369e+01	8.000000000000e+02	7.370755737517e+02
1.314945435524e+01	8.500000000000e+02	7.370755728119e+02
1.316842365265e+01	1.150000000000e+03	7.370755698563e+02
1.318839168549e+01	1.400000000000e+03	7.370755632912e+02
1.320833921432e+01	1.200000000000e+03	7.370755567022e+02
1.322910594940e+01	1.750000000000e+03	7.370755499528e+02
1.325121974945e+01	1.350000000000e+03	7.370755429768e+02
1.326911449432e+01	1.250000000000e+03	7.370755423587e+02
1.328918647766e+01	1.050000000000e+03	7.370755401034e+02
1.330943155289e+01	1.400000000000e+03	7.370755337910e+02
1.332839417458e+01	1.350000000000e+03	7.370755270322e+02
1.334893536568e+01	1.250000000000e+03	7.370755212370e+02
1.336911582947e+01	1.050000000000e+03	7.370755212370e+02
1.338891100883e+01	7.500000000000e+02	7.370755164169e+02
1.340850710869e+01	5.000000000000e+02	7.370755100352e+02
1.342905330658e+01	1.300000000000e+03	7.370755030018e+02
1.344983482361e+01	1.500000000000e+03	7.370755010006e+02
1.346902608871e+01	1.000000000000e+03	7.370755002690e+02
1.348911452293e+01	1.000000000000e+03	7.370754959963e+02
1.350923323631e+01	1.150000000000e+03	7.370754917172e+02
1.352914285660e+01	7.500000000000e+02	7.370754830546e+02
1.354910874367e+01	1.400000000000e+03	7.370754775834e+02
1.356925773621e+01	8.500000000000e+02	7.370754728973e+02
1.358921051025e+01	1.000000000000e+03	7.370754719672e+02
1.360862493515e+01	5.000000000000e+02	7.370754703226e+02
1.362911653519e+01	5.500000000000e+02	7.370754620396e+02
1.364918088913e+01	9.500000000000e+02	7.370754559176e+02
1.366911530495e+01	7.500000000000e+02	7.370754531904e+02
1.368910622597e+01	6.500000000000e+02	7.370754531904e+02
1.370910191536e+01	6.000000000000e+02	7.370754500172e+02
1.372970390320e+01	3.500000000000e+02	7.370754445674e+02
1.374910783768e+01	7.000000000000e+02	7.370754379811e+02
1.376907348633e+01	1.000000000000e+03	7.370754349340e+02
1.378911161423e+01	8.000000000000e+02	7.370754325029e+02
1.380923748016e+01	3.500000000000e+02	7.370754277944e+02
1.382911920547e+01	3.000000000000e+02	7.370754231149e+02
1.384984183311e+01	5.000000000000e+02	7.370754182134e+02
1.386885380745e+01	6.000000000000e+02	7.370754172641e+02
1.388924956322e+01	8.000000000000e+02	7.370754141045e+02
1.390917301178e+01	9.000000000000e+02	7.370754071855e+02
1.392914247513e+01	5.500000000000e+02	7.370754017947e+02
1.394911026955e+01	8.000000000000e+02	7.370753961694e+02
1.396891975403e+01	3.500000000000e+02	7.370753901925e+02
1.398911952972e+01	4.500000000000e+02	7.370753890212e+02
1.400827431679e+01	4.000000000000e+02	7.370753874755e+02
1.402911376953e+01	3.000000000000e+02	7.370753812265e+02
1.404906249046e+01	0.000000000000e+00	7.370753750220e+02
1.406992554665e+01	5.000000000000e+02	7.370753693948e+02
1.408930850029e+01	4.000000000000e+02	7.370753693948e+02
1.410925507545e+01	3.500000000000e+02	7.370753651722e+02
1.412899398804e+01	7.000000000000e+02	7.370753575390e+02
1.414982867241e+01	3.000000000000e+02	7.370753518698e+02
1.416951107979e+01	2.000000000000e+02	7.370753484126e+02
1.418907666206e+01	2.500000000000e+02	7.370753484126e+02
1.420899605751e+01	4.500000000000e+02	7.370753421469e+02
1.422914218903e+01	4.500000000000e+02	7.370753353873e+02
1.424922752380e+01	8.000000000000e+02	7.370753290234e+02
1.426917362213e+01	9.000000000000e+02	7.370753290234e+02
1.428913784027e+01	7.500000000000e+02	7.370753266773e+02
1.430917167664e+01	7.000000000000e+02	7.370753199676e+02
1.432913923264e+01	4.500000000000e+02	7.370753133312e+02
1.434913420677e+01	4.500000000000e+02	7.370753082824e+02
1.436966156960e+01	3.500000000000e+02	7.370753082824e+02
1.438917255402e+01	5.000000000000e+02	7.370753036932e+02
1.440839052200e+01	5.500000000000e+02	7.370752971982e+02
1.442907738686e+01	6.000000000000e+02	7.370752902655e+02
1.444911599159e+01	5.000000000000e+02	7.370752874430e+02
1.446888375282e+01	3.000000000000e+02	7.370752871141e+02
1.448910689354e+01	4.000000000000e+02	7.370752804569e+02
1.450923824310e+01	3.500000000000e+02	7.370752739216e+02
1.452897381783e+01	5.000000000000e+01	7.370752675930e+02
1.454911565781e+01	4.000000000000e+02	7.370752671615e+02
1.456910848618e+01	4.000000000000e+02	7.370752630406e+02
1.458984565735e+01	2.000000000000e+02	7.370752544849e+02
1.460844659805e+01	2.000000000000e+02	7.370752468106e+02
1.462837290764e+01	3.000000000000e+02	7.370752468106e+02
1.464834284782e+01	3.000000000000e+02	7.370752402537e+02
1.466916918755e+01	2.500000000000e+02	7.370752342265e+02
1.468911743164e+01	3.500000000000e+02	7.370752291677e+02
1.470985770226e+01	3.000000000000e+02	7.370752273630e+02
1.472906208038e+01	1.500000000000e+02	7.370752251432e+02
1.474897956848e+01	3.000000000000e+02	7.370752190315e+02
1.476911497116e+01	1.500000000000e+02	7.370752130463e+02
1.478895354271e+01	1.000000000000e+02	7.370752071966e+02
1.480919742584e+01	2.000000000000e+02	7.370752068969e+02
1.482991671562e+01	3.000000000000e+02	7.370752033868e+02
1.484945249557e+01	5.000000000000e+01	7.370751984080e+02
1.486911559105e+01	5.000000000000e+01	7.370751912626e+02
1.488911461830e+01	3.000000000000e+02	7.370751874130e+02
1.490922856331e+01	4.000000000000e+02	7.370751874130e+02
1.492911124229e+01	2.500000000000e+02	7.370751825095e+02
1.494913792610e+01	1.500000000000e+02	7.370751754029e+02
1.496927428246e+01	2.500000000000e+02	7.370751693622e+02
1.498921632767e+01	1.000000000000e+02	7.370751678744e+02
1.500914001465e+01	2.000000000000e+02	7.370751665664e+02
1.502907896042e+01	1.500000000000e+02	7.370751600295e+02
1.504900264740e+01	1.500000000000e+02	7.370751541344e+02
1.506984281540e+01	5.000000000000e+01	7.370751483228e+02
1.508911681175e+01	5.000000000000e+01	7.370751470616e+02
1.510851430893e+01	1.000000000000e+02	7.370751440562e+02
1.512900638580e+01	1.000000000000e+02	7.370751380067e+02
1.514910936356e+01	1.500000000000e+02	7.370751305708e+02
1.516903138161e+01	1.000000000000e+02	7.370751238914e+02
1.518859934807e+01	1.000000000000e+02	7.370751180137e+02
1.520913195610e+01	1.500000000000e+02	7.370751170298e+02
1.522913146019e+01	2.000000000000e+02	7.370751152961e+02
1.524910330772e+01	1.500000000000e+02	7.370751080419e+02
1.526916527748e+01	1.500000000000e+02	7.370751010539e+02
1.528900718689e+01	5.000000000000e+01	7.370750962420e+02
1.530936479568e+01	1.500000000000e+02	7.370750962420e+02
1.532834315300e+01	1.000000000000e+02	7.370750920490e+02
1.534927821159e+01	5.000000000000e+01	7.370750842584e+02
1.536920142174e+01	2.000000000000e+02	7.370750776041e+02
1.538855266571e+01	1.000000000000e+02	7.370750759658e+02
1.540826034546e+01	1.500000000000e+02	7.370750746057e+02
1.542911386490e+01	0.000000000000e+00	7.370750676690e+02
1.544892954826e+01	5.000000000000e+01	7.370750616800e+02
1.546900272369e+01	1.000000000000e+02	7.370750559321e+02
1.548902559280e+01	1.000000000000e+02	7.370750559321e+02
1.550830459595e+01	5.000000000000e+01	7.370750559321e+02
1.552918601036e+01	2.000000000000e+02	7.370750527808e+02
1.554911279678e+01	5.000000000000e+01	7.370750553844e+02
1.556911230087e+01	5.000000000000e+01	7.370750566879e+02
1.558826351166e+01	1.000000000000e+02	7.370750566879e+02
1.560889410973e+01	5.000000000000e+01	7.370750607880e+02
1.562909579277e+01	5.000000000000e+01	7.370750656363e+02
1.564985489845e+01	0.000000000000e+00	7.370750708840e+02
1.566934251785e+01	0.000000000000e+00	7.370750753156e+02
1.568824601173e+01	2.500000000000e+02	7.370750794511e+02
1.570918965340e+01	5.000000000000e+01	7.370750816352e+02
1.572913670540e+01	1.000000000000e+02	7.370750838133e+02
1.574892091751e+01	1.500000000000e+02	7.370750881448e+02
1.576922702789e+01	1.000000000000e+02	7.370750930461e+02
1.578916168213e+01	1.000000000000e+02	7.370750985007e+02
1.580829954147e+01	5.000000000000e+01	7.370750998557e+02
1.582925963402e+01	5.000000000000e+01	7.370751031183e+02
1.584922194481e+01	1.000000000000e+02	7.370751087124e+02
1.586911821365e+01	5.000000000000e+01	7.370751159368e+02
1.589076709747e+01	5.000000000000e+01	7.370751194480e+02
1.590903067589e+01	1.000000000000e+02	7.370751195003e+02
1.592917752266e+01	5.000000000000e+01	7.370751250817e+02
1.594923424721e+01	1.500000000000e+02	7.370751307525e+02
1.596906924248e+01	1.000000000000e+02	7.370751367720e+02
1.599025416374e+01	1.000000000000e+02	7.370751427141e+02
1.601114273071e+01	1.500000000000e+02	7.370751482914e+02
1.602903199196e+01	5.000000000000e+01	7.370751488241e+02
1.604914188385e+01	1.500000000000e+02	7.370751518959e+02
1.606908845901e+01	1.500000000000e+02	7.370751580520e+02
1.608906912804e+01	2.000000000000e+02	7.370751644557e+02
1.610855865479e+01	1.500000000000e+02	7.370751676806e+02
1.612925863266e+01	2.500000000000e+02	7.370751682883e+02
1.614911627769e+01	4.000000000000e+02	7.370751743325e+02
1.616911482811e+01	5.000000000000e+01	7.370751800181e+02
1.618899011612e+01	1.500000000000e+02	7.370751853328e+02
1.620910358429e+01	1.500000000000e+02	7.370751872002e+02
1.622928452492e+01	4.000000000000e+02	7.370751886082e+02
1.624982857704e+01	2.000000000000e+02	7.370751946309e+02
1.626977038383e+01	2.000000000000e+02	7.370752019056e+02
1.628909420967e+01	3.000000000000e+02	7.370752062125e+02
1.630903768539e+01	3.000000000000e+02	7.370752062125e+02
1.632923316956e+01	1.500000000000e+02	7.370752100440e+02
1.634912610054e+01	2.000000000000e+02	7.370752162597e+02
1.636908173561e+01	2.000000000000e+02	7.370752224361e+02
1.638842058182e+01	2.500000000000e+02	7.370752254720e+02
1.640834808350e+01	3.500000000000e+02	7.370752254720e+02
1.642831683159e+01	1.500000000000e+02	7.370752318119e+02
1.644907021523e+01	4.000000000000e+02	7.370752384141e+02
1.646924257278e+01	1.500000000000e+02	7.370752448457e+02
1.648909878731e+01	1.000000000000e+02	7.370752514943e+02
1.650922131538e+01	5.000000000000e+01	7.370752551753e+02
1.652931356430e+01	3.500000000000e+02	7.370752551753e+02
1.654889369011e+01	3.500000000000e+02	7.370752599286e+02
1.656908178329e+01	4.000000000000e+02	7.370752658928e+02
1.658907747269e+01	3.500000000000e+02	7.370752717816e+02
1.660904669762e+01	1.000000000000e+02	7.370752741318e+02
1.662843751907e+01	1.500000000000e+02	7.370752756132e+02
1.664915704727e+01	1.500000000000e+02	7.370752817680e+02
1.666837620735e+01	3.500000000000e+02	7.370752880290e+02
1.668903374672e+01	3.500000000000e+02	7.370752941187e+02
1.670912814140e+01	2.000000000000e+02	7.370752941187e+02
1.672876524925e+01	2.000000000000e+02	7.370752980704e+02
1.674924159050e+01	5.000000000000e+02	7.370753048664e+02
1.676921176910e+01	4.000000000000e+02	7.370753109860e+02
1.678854918480e+01	4.000000000000e+02	7.370753140331e+02
1.680857372284e+01	3.500000000000e+02	7.370753140331e+02
1.682900905609e+01	2.000000000000e+02	7.370753205304e+02
1.684912371635e+01	4.500000000000e+02	7.370753268229e+02
1.686908459663e+01	3.000000000000e+02	7.370753316268e+02
1.688980436325e+01	7.000000000000e+02	7.370753339783e+02
1.690901756287e+01	3.000000000000e+02	7.370753339783e+02
1.692912340164e+01	5.000000000000e+02	7.370753430584e+02
1.694986534119e+01	3.500000000000e+02	7.370753529176e+02
1.696908760071e+01	2.000000000000e+02	7.370753545207e+02
1.698912286758e+01	4.500000000000e+02	7.370753585197e+02
1.700834155083e+01	4.500000000000e+02	7.370753639592e+02
1.702910304070e+01	5.000000000000e+02	7.370753702730e+02
1.704912328720e+01	3.500000000000e+02	7.370753741158e+02
1.706898593903e+01	6.500000000000e+02	7.370753741158e+02
1.708912372589e+01	6.000000000000e+02	7.370753808768e+02
1.710869216919e+01	6.000000000000e+02	7.370753863714e+02
1.712863874435e+01	2.000000000000e+02	7.370753913616e+02
1.714861464500e+01	2.000000000000e+02	7.370753923597e+02
1.716900205612e+01	4.000000000000e+02	7.370753951893e+02
1.718965888023e+01	1.500000000000e+02	7.370754007865e+02
1.720960545540e+01	3.000000000000e+02	7.370754021377e+02
1.722906017303e+01	3.000000000000e+02	7.370754047293e+02
1.724912405014e+01	5.000000000000e+02	7.370754093399e+02
1.726904630661e+01	5.000000000000e+02	7.370754147791e+02
1.728902816772e+01	5.500000000000e+02	7.370754206665e+02
1.730866837502e+01	3.500000000000e+02	7.370754261324e+02
1.732913661003e+01	3.500000000000e+02	7.370754294897e+02
1.734914302826e+01	7.500000000000e+02	7.370754294897e+02
1.736912584305e+01	1.200000000000e+03	7.370754349439e+02
1.738912892342e+01	1.100000000000e+03	7.370754407080e+02
1.740985345840e+01	1.300000000000e+03	7.370754462178e+02
1.742882537842e+01	1.100000000000e+03	7.370754472781e+02
1.744898676872e+01	1.150000000000e+03	7.370754494401e+02
1.746910643578e+01	9.000000000000e+02	7.370754554892e+02
1.748876476288e+01	8.500000000000e+02	7.370754616010e+02
1.750868868828e+01	1.000000000000e+03	7.370754659760e+02
1.752903771400e+01	1.400000000000e+03	7.370754659760e+02
1.754912376404e+01	8.500000000000e+02	7.370754703305e+02
1.756869149208e+01	1.100000000000e+03	7.370754761670e+02
1.758912110329e+01	9.000000000000e+02	7.370754825049e+02
1.760961413383e+01	1.500000000000e+03	7.370754847597e+02
1.762891912460e+01	9.000000000000e+02	7.370754856530e+02
1.764912724495e+01	1.000000000000e+03	7.370754916861e+02
1.766911792755e+01	6.500000000000e+02	7.370754982512e+02
1.768900966644e+01	1.050000000000e+03	7.370755049650e+02
1.770927119255e+01	1.050000000000e+03	7.370755049650e+02
1.772905015945e+01	1.350000000000e+03	7.370755086087e+02
1.774917912483e+01	1.100000000000e+03	7.370755152691e+02
1.776905751228e+01	1.250000000000e+03	7.370755219007e+02
1.778912806511e+01	1.150000000000e+03	7.370755255342e+02
1.780855607986e+01	1.150000000000e+03	7.370755255342e+02
1.782879090309e+01	1.050000000000e+03	7.370755321872e+02
1.784910368919e+01	9.000000000000e+02	7.370755381247e+02
1.786905026436e+01	1.200000000000e+03	7.370755426106e+02
1.788910865784e+01	1.200000000000e+03	7.370755479616e+02
1.790865683556e+01	9.000000000000e+02	7.370755568786e+02
1.792900872231e+01	9.500000000000e+02	7.370755568786e+02
1.794912910461e+01	1.100000000000e+03	7.370755579449e+02
1.796912384033e+01	1.100000000000e+03	7.370755645909e+02
1.798907399178e+01	1.100000000000e+03	7.370755726847e+02
1.800923156738e+01	1.050000000000e+03	7.370755778829e+02
1.802915191650e+01	1.350000000000e+03	7.370755778829e+02
1.804912757874e+01	1.600000000000e+03	7.370755808563e+02
1.807015657425e+01	1.000000000000e+03	7.370755866541e+02
1.808949279785e+01	9.500000000000e+02	7.370755937546e+02
1.810884904861e+01	8.500000000000e+02	7.370756006668e+02
1.812902951241e+01	9.000000000000e+02	7.370756068220e+02
1.814887547493e+01	7.500000000000e+02	7.370756077351e+02
1.816980195045e+01	1.200000000000e+03	7.370756077351e+02
1.818907451630e+01	1.150000000000e+03	7.370756077351e+02
1.820905518532e+01	1.300000000000e+03	7.370756162230e+02
1.822897219658e+01	5.000000000000e+02	7.370756272810e+02
1.824854207039e+01	1.050000000000e+03	7.370756275354e+02
1.826869273186e+01	1.000000000000e+03	7.370756327254e+02
1.828912878036e+01	4.500000000000e+02	7.370756381951e+02
1.830925083160e+01	1.050000000000e+03	7.370756450710e+02
1.832915759087e+01	5.000000000000e+02	7.370756467737e+02
1.834903979301e+01	6.000000000000e+02	7.370756470959e+02
1.836908984184e+01	1.000000000000e+03	7.370756542107e+02
1.838903880119e+01	7.000000000000e+02	7.370756607545e+02
1.840889048576e+01	5.500000000000e+02	7.370756665528e+02
1.842869853973e+01	6.000000000000e+02	7.370756665528e+02
1.844913029671e+01	6.500000000000e+02	7.370756695593e+02
1.846931815147e+01	5.000000000000e+02	7.370756762590e+02
1.848951673508e+01	6.500000000000e+02	7.370756823803e+02
1.850942182541e+01	7.500000000000e+02	7.370756865881e+02
1.852857828140e+01	9.500000000000e+02	7.370756865881e+02
1.854892301559e+01	3.000000000000e+02	7.370756920703e+02
1.856879353523e+01	5.500000000000e+02	7.370756988202e+02
1.858876609802e+01	7.000000000000e+02	7.370757052600e+02
1.860880136490e+01	7.500000000000e+02	7.370757068603e+02
1.862917804718e+01	3.000000000000e+02	7.370757084068e+02
1.864912581444e+01	5.500000000000e+02	7.370757145926e+02
1.866900062561e+01	4.500000000000e+02	7.370757205266e+02
1.868864870071e+01	2.500000000000e+02	7.370757259811e+02
1.870902132988e+01	6.500000000000e+02	7.370757259811e+02
1.872857952118e+01	6.500000000000e+02	7.370757293147e+02
1.874879980087e+01	8.000000000000e+02	7.370757356648e+02
1.876924180984e+01	5.000000000000e+02	7.370757425953e+02
1.878850722313e+01	6.500000000000e+02	7.370757491448e+02
1.880829763412e+01	5.500000000000e+02	7.370757558604e+02
1.882908320427e+01	2.500000000000e+02	7.370757571668e+02
1.884936928749e+01	6.000000000000e+02	7.370757586994e+02
1.886912536621e+01	5.000000000000e+02	7.370757647253e+02
1.888919425011e+01	3.000000000000e+02	7.370757712117e+02
1.890916514397e+01	3.500000000000e+02	7.370757761152e+02
1.892908859253e+01	2.000000000000e+02	7.370757761152e+02
1.894853019714e+01	1.500000000000e+02	7.370757799930e+02
1.896827602386e+01	3.000000000000e+02	7.370757862786e+02
1.898921966553e+01	2.500000000000e+02	7.370757925279e+02
1.900916624069e+01	4.500000000000e+02	7.370757952073e+02
1.902911329269e+01	5.500000000000e+02	7.370757952073e+02
1.904906082153e+01	2.500000000000e+02	7.370758012954e+02
1.906902956963e+01	3.500000000000e+02	7.370758068325e+02
1.908873248100e+01	2.000000000000e+02	7.370758112781e+02
1.910856962204e+01	4.000000000000e+02	7.370758157807e+02
1.912913155556e+01	4.500000000000e+02	7.370758209634e+02
1.915010809898e+01	2.500000000000e+02	7.370758249850e+02
1.916902089119e+01	2.500000000000e+02	7.370758249850e+02
1.918913125992e+01	2.500000000000e+02	7.370758297950e+02
1.920832371712e+01	2.500000000000e+02	7.370758343854e+02
1.923117828369e+01	4.000000000000e+02	7.370758402580e+02
1.924912953377e+01	2.500000000000e+02	7.370758450909e+02
1.926902723312e+01	2.500000000000e+02	7.370758516691e+02
1.928876924515e+01	3.000000000000e+02	7.370758578645e+02
1.930871081352e+01	1.000000000000e+02	7.370758638987e+02
1.932963252068e+01	1.000000000000e+02	7.370758638987e+02
1.934909367561e+01	1.000000000000e+02	7.370758685167e+02
1.936924695969e+01	2.000000000000e+02	7.370758735676e+02
1.938911604881e+01	0.000000000000e+00	7.370758804915e+02
1.940924263000e+01	2.000000000000e+02	7.370758838007e+02
1.942901635170e+01	2.500000000000e+02	7.370758841254e+02
1.944901990891e+01	2.000000000000e+02	7.370758925584e+02
1.946837687492e+01	2.000000000000e+02	7.370758976370e+02
1.948912692070e+01	2.000000000000e+02	7.370759026545e+02
1.950924968719e+01	2.500000000000e+02	7.370759038641e+02
1.952904844284e+01	1.500000000000e+02	7.370759049962e+02
1.954905486107e+01	1.500000000000e+02	7.370759119442e+02
1.956846451759e+01	5.000000000000e+01	7.370759181533e+02
1.958904170990e+01	1.000000000000e+02	7.370759237878e+02
1.960834670067e+01	1.500000000000e+02	7.370759237878e+02
1.962908148766e+01	1.000000000000e+02	7.370759306422e+02
1.964903187752e+01	2.000000000000e+02	7.370759369283e+02
1.966900253296e+01	1.500000000000e+02	7.370759429112e+02
1.968894815445e+01	2.000000000000e+02	7.370759446969e+02
1.970912837982e+01	2.500000000000e+02	7.370759446969e+02
1.972913432121e+01	5.000000000000e+01	7.370759514017e+02
1.974928045273e+01	5.000000000000e+01	7.370759572921e+02
1.976910471916e+01	0.000000000000e+00	7.370759621605e+02
1.978872942924e+01	0.000000000000e+00	7.370759613920e+02
1.980836296082e+01	2.000000000000e+02	7.370759604426e+02
1.982914113998e+01	2.000000000000e+02	7.370759604426e+02
1.984965848923e+01	1.000000000000e+02	7.370759572861e+02
1.986919546127e+01	1.500000000000e+02	7.370759531753e+02
1.988909435272e+01	1.000000000000e+02	7.370759478675e+02
1.990925431252e+01	2.000000000000e+02	7.370759465704e+02
1.992908620834e+01	2.500000000000e+02	7.370759456038e+02
1.994902420044e+01	5.000000000000e+01	7.370759395038e+02
1.996922945976e+01	3.000000000000e+02	7.370759334378e+02
1.998896217346e+01	2.000000000000e+02	7.370759281798e+02
2.000890970230e+01	2.000000000000e+02	7.370759281798e+02
2.002847790718e+01	5.000000000000e+01	7.370759247448e+02
2.004852461815e+01	1.000000000000e+02	7.370759184835e+02
2.006899762154e+01	1.000000000000e+02	7.370759121955e+02
2.008908700943e+01	1.000000000000e+02	7.370759087843e+02
2.010922336578e+01	2.500000000000e+02	7.370759084961e+02
2.012903475761e+01	1.000000000000e+02	7.370759028816e+02
2.014901781082e+01	1.500000000000e+02	7.370758970709e+02
2.016909623146e+01	2.000000000000e+02	7.370758909927e+02
2.018961668015e+01	1.500000000000e+02	7.370758898261e+02
2.020954108238e+01	3.000000000000e+02	7.370758883796e+02
2.022949099541e+01	3.000000000000e+02	7.370758826317e+02
2.024840903282e+01	2.500000000000e+02	7.370758768353e+02
2.026889705658e+01	2.500000000000e+02	7.370758712428e+02
2.028912997246e+01	3.000000000000e+02	7.370758712428e+02
2.030842924118e+01	3.500000000000e+02	7.370758678163e+02
2.032826519012e+01	2.000000000000e+02	7.370758617577e+02
2.034938979149e+01	2.500000000000e+02	7.370758553635e+02
2.036836123466e+01	1.500000000000e+02	7.370758526464e+02
2.038828516006e+01	1.000000000000e+02	7.370758526464e+02
2.040913438797e+01	2.000000000000e+02	7.370758463752e+02
2.042913389206e+01	3.500000000000e+02	7.370758409160e+02
2.045028877258e+01	1.000000000000e+02	7.370758357315e+02
2.046913504601e+01	5.000000000000e+01	7.370758310077e+02
2.048913192749e+01	3.000000000000e+02	7.370758259081e+02
2.050851321220e+01	4.000000000000e+02	7.370758203454e+02
2.052904510498e+01	6.000000000000e+02	7.370758148525e+02
2.054852366447e+01	0.000000000000e+00	7.370758148525e+02
2.056913208961e+01	0.000000000000e+00	7.370758114094e+02
2.058905172348e+01	0.000000000000e+00	7.370758059036e+02
2.060883045197e+01	1.500000000000e+02	7.370758059036e+02
2.062922668457e+01	1.000000000000e+02	7.370758059036e+02
2.065012931824e+01	3.000000000000e+02	7.370758059036e+02
2.066913199425e+01	3.500000000000e+02	7.370757932093e+02
2.068913269043e+01	3.000000000000e+02	7.370757837640e+02
2.070920538902e+01	5.500000000000e+02	7.370757787647e+02
2.072917342186e+01	2.000000000000e+02	7.370757780201e+02
2.074855995178e+01	2.500000000000e+02	7.370757752545e+02
2.076935219765e+01	1.500000000000e+02	7.370757684410e+02
2.078921270370e+01	4.500000000000e+02	7.370757617727e+02
2.080927491188e+01	5.500000000000e+02	7.370757577036e+02
2.082911467552e+01	7.500000000000e+02	7.370757577036e+02
2.084982728958e+01	4.500000000000e+02	7.370757529227e+02
2.086879801750e+01	6.500000000000e+02	7.370757474679e+02
2.088906049728e+01	2.500000000000e+02	7.370757404821e+02
2.090928316116e+01	8.000000000000e+02	7.370757387625e+02
2.092910242081e+01	3.500000000000e+02	7.370757369717e+02
2.094913554192e+01	3.000000000000e+02	7.370757305942e+02
2.096884202957e+01	5.500000000000e+02	7.370757241904e+02
2.098913788795e+01	2.500000000000e+02	7.370757189337e+02
2.100839233398e+01	6.000000000000e+02	7.370757189337e+02
2.102908611298e+01	6.500000000000e+02	7.370757147837e+02
2.104914474487e+01	4.000000000000e+02	7.370757080421e+02
2.106868505478e+01	5.000000000000e+02	7.370757020211e+02
2.108863210678e+01	8.000000000000e+02	7.370756989550e+02
2.110855507851e+01	5.500000000000e+02	7.370756986396e+02
2.112885308266e+01	8.000000000000e+02	7.370756922226e+02
2.114908456802e+01	7.500000000000e+02	7.370756864060e+02
2.116923451424e+01	6.500000000000e+02	7.370756811615e+02
2.118909335136e+01	8.000000000000e+02	7.370756747977e+02
2.120923900604e+01	5.000000000000e+02	7.370756707284e+02
2.122914552689e+01	5.500000000000e+02	7.370756707284e+02
2.124914360046e+01	6.500000000000e+02	7.370756657578e+02
2.126883888245e+01	6.500000000000e+02	7.370756594123e+02
2.128927659988e+01	1.200000000000e+03	7.370756528194e+02
2.130831789970e+01	7.000000000000e+02	7.370756512106e+02
2.132902836800e+01	8.500000000000e+02	7.370756501611e+02
2.134922409058e+01	1.050000000000e+03	7.370756435664e+02
2.136925005913e+01	5.000000000000e+02	7.370756376401e+02
2.138929390907e+01	9.000000000000e+02	7.370756320410e+02
2.140879440308e+01	7.500000000000e+02	7.370756314858e+02
2.142883586884e+01	6.500000000000e+02	7.370756314858e+02
2.144878149033e+01	5.500000000000e+02	7.370756264802e+02
2.146931719780e+01	1.100000000000e+03	7.370756205793e+02
2.148893976212e+01	6.500000000000e+02	7.370756127296e+02
2.150904440880e+01	6.000000000000e+02	7.370756074964e+02
2.152918577194e+01	1.000000000000e+03	7.370756026141e+02
2.154914355278e+01	8.000000000000e+02	7.370756026141e+02
2.156918072701e+01	1.150000000000e+03	7.370755982742e+02
2.158829402924e+01	8.500000000000e+02	7.370755925188e+02
2.160861921310e+01	8.500000000000e+02	7.370755925188e+02
2.162900686264e+01	1.000000000000e+03	7.370755874117e+02
2.164923214912e+01	1.100000000000e+03	7.370755823453e+02
2.167238450050e+01	7.000000000000e+02	7.370755756642e+02
2.168833875656e+01	0.000000000000e+00	7.370755704629e+02
2.170840525627e+01	5.500000000000e+02	7.370755626614e+02
2.172914123535e+01	1.100000000000e+03	7.370755559253e+02
2.174936294556e+01	1.050000000000e+03	7.370755521827e+02
2.176932930946e+01	1.100000000000e+03	7.370755521827e+02
2.178926944733e+01	1.000000000000e+03	7.370755466515e+02
2.180921602249e+01	1.200000000000e+03	7.370755412226e+02
2.182916235924e+01	8.000000000000e+02	7.370755380949e+02
2.184926533699e+01	1.350000000000e+03	7.370755376206e+02
2.186913752556e+01	8.500000000000e+02	7.370755372069e+02
2.188914275169e+01	1.000000000000e+03	7.370755360155e+02
2.190912890434e+01	1.250000000000e+03	7.370755358372e+02
2.192912936211e+01	1.350000000000e+03	7.370755355582e+02
2.194993209839e+01	7.500000000000e+02	7.370755349794e+02
2.196933126450e+01	1.350000000000e+03	7.370755343293e+02
2.198901295662e+01	1.250000000000e+03	7.370755338201e+02
2.200925159454e+01	1.400000000000e+03	7.370755338201e+02
2.202918028831e+01	1.500000000000e+03	7.370755337436e+02
2.204853725433e+01	1.350000000000e+03	7.370755336381e+02
2.206916522980e+01	1.450000000000e+03	7.370755333011e+02
2.208917164803e+01	1.200000000000e+03	7.370755331882e+02
2.210829591751e+01	7.000000000000e+02	7.370755332440e+02
2.212905979156e+01	1.300000000000e+03	7.370755332440e+02
2.214861035347e+01	9.500000000000e+02	7.370755332399e+02
2.216853451729e+01	1.000000000000e+03	7.370755332308e+02
2.218914151192e+01	1.250000000000e+03	7.370755331537e+02
2.220833778381e+01	1.150000000000e+03	7.370755331098e+02
2.222899913788e+01	1.150000000000e+03	7.370755331098e+02
2.224891757965e+01	1.450000000000e+03	7.370755331510e+02
2.226914191246e+01	9.000000000000e+02	7.370755331653e+02
2.228903031349e+01	9.000000000000e+02	7.370755331131e+02
2.230910539627e+01	1.650000000000e+03	7.370755331001e+02
2.232926750183e+01	1.000000000000e+03	7.370755330746e+02
2.234948062897e+01	1.400000000000e+03	7.370755328161e+02
2.236851072311e+01	8.000000000000e+02	7.370755325728e+02
2.238913869858e+01	1.150000000000e+03	7.370755328013e+02
2.240930104256e+01	8.500000000000e+02	7.370755329047e+02
2.242898535728e+01	1.250000000000e+03	7.370755329633e+02
2.244912338257e+01	1.250000000000e+03	7.370755329633e+02
2.246863222122e+01	9.500000000000e+02	7.370755326807e+02
2.248937416077e+01	6.500000000000e+02	7.370755322535e+02
2.250921440125e+01	1.200000000000e+03	7.370755321748e+02
2.252916240692e+01	1.450000000000e+03	7.370755321446e+02
2.254886174202e+01	1.450000000000e+03	7.370755321432e+02
2.256870388985e+01	1.400000000000e+03	7.370755322456e+02
2.258899831772e+01	1.550000000000e+03	7.370755324014e+02
2.260925483704e+01	1.300000000000e+03	7.370755325616e+02
2.263001918793e+01	1.500000000000e+03	7.370755325616e+02
2.264853167534e+01	1.650000000000e+03	7.370755324550e+02
2.266882324219e+01	1.350000000000e+03	7.370755322072e+02
2.268874502182e+01	1.100000000000e+03	7.370755321706e+02
2.270921707153e+01	1.250000000000e+03	7.370755321696e+02
2.272914338112e+01	1.250000000000e+03	7.370755321696e+02
2.274979019165e+01	1.350000000000e+03	7.370755319901e+02
2.276935458183e+01	1.350000000000e+03	7.370755317842e+02
2.278922462463e+01	1.350000000000e+03	7.370755318815e+02
2.280918765068e+01	1.150000000000e+03	7.370755319016e+02
2.282936763763e+01	1.300000000000e+03	7.370755318239e+02
2.284912633896e+01	1.050000000000e+03	7.370755318158e+02
2.286859989166e+01	9.000000000000e+02	7.370755317965e+02
2.288896846771e+01	9.500000000000e+02	7.370755317403e+02
2.290851068497e+01	1.350000000000e+03	7.370755317265e+02
2.292910647392e+01	1.200000000000e+03	7.370755317457e+02
2.294911837578e+01	1.500000000000e+03	7.370755317865e+02
2.296903443336e+01	1.300000000000e+03	7.370755317583e+02
2.298957967758e+01	1.450000000000e+03	7.370755317065e+02
2.300928092003e+01	1.250000000000e+03	7.370755316231e+02
2.302915167809e+01	1.050000000000e+03	7.370755316021e+02
2.304868340492e+01	1.450000000000e+03	7.370755315947e+02
2.306864571571e+01	1.250000000000e+03	7.370755314463e+02
2.309197211266e+01	8.000000000000e+02	7.370755313127e+02
2.310892462730e+01	1.500000000000e+03	7.370755312306e+02
2.312898778915e+01	1.300000000000e+03	7.370755312209e+02
2.314915108681e+01	1.450000000000e+03	7.370755312578e+02
2.316902542114e+01	1.350000000000e+03	7.370755313280e+02
2.319003033638e+01	7.500000000000e+02	7.370755314638e+02
2.320828270912e+01	1.250000000000e+03	7.370755315274e+02
2.322890424728e+01	1.500000000000e+03	7.370755315274e+02
2.324885296822e+01	1.100000000000e+03	7.370755316705e+02
