#Saved Data from the class wavemeter_logger_logic on 22.11.2022 at 14h15m04s.
#
#Parameters:
#===========
#
#Start Time (s): 22.11.2022 14h:14min:32s
#Stop Time (s): 22.11.2022 14h:15min:05s
#
#Data:
#=====
#Measurement Time (s)	Signal (counts/s)	Interpolated Wavelength (nm)
1.501560211182e-02	2.300000000000e+03	7.370758048516e+02
3.315854072571e-02	1.800000000000e+03	7.370758048516e+02
5.249071121216e-02	2.600000000000e+03	7.370758048516e+02
7.301330566406e-02	3.050000000000e+03	7.370758048516e+02
9.254193305969e-02	2.050000000000e+03	7.370758048516e+02
1.189846992493e-01	2.550000000000e+03	7.370758173010e+02
1.442596912384e-01	2.050000000000e+03	7.370758358349e+02
1.562035083771e-01	2.050000000000e+03	7.370758445932e+02
1.751525402069e-01	1.900000000000e+03	7.370758445932e+02
2.387545108795e-01	2.250000000000e+03	7.370758526200e+02
3.305108547211e-01	2.250000000000e+03	7.370758772034e+02
3.783826828003e-01	1.900000000000e+03	7.370758900292e+02
3.983297348022e-01	2.950000000000e+03	7.370758953734e+02
3.993268013000e-01	1.450000000000e+03	7.370758956405e+02
3.993268013000e-01	2.500000000000e+03	7.370758956405e+02
4.003243446350e-01	2.050000000000e+03	7.370758966336e+02
4.003243446350e-01	2.100000000000e+03	7.370758966336e+02
4.003243446350e-01	1.650000000000e+03	7.370758966336e+02
4.013216495514e-01	1.750000000000e+03	7.370758976265e+02
4.013216495514e-01	2.350000000000e+03	7.370758976265e+02
4.130461215973e-01	1.800000000000e+03	7.370759063202e+02
4.330465793610e-01	2.500000000000e+03	7.370759063202e+02
4.530158042908e-01	2.250000000000e+03	7.370759100556e+02
4.729397296906e-01	7.500000000000e+02	7.370759162622e+02
4.929087162018e-01	2.000000000000e+03	7.370759231652e+02
5.130989551544e-01	2.550000000000e+03	7.370759270238e+02
5.330517292023e-01	1.550000000000e+03	7.370759270238e+02
5.539710521698e-01	1.450000000000e+03	7.370759335967e+02
5.739145278931e-01	1.650000000000e+03	7.370759402848e+02
5.928907394409e-01	1.450000000000e+03	7.370759467850e+02
6.130406856537e-01	2.250000000000e+03	7.370759478004e+02
6.327943801880e-01	1.550000000000e+03	7.370759491777e+02
6.524109840393e-01	2.100000000000e+03	7.370759558849e+02
6.732521057129e-01	1.750000000000e+03	7.370759626702e+02
6.937398910522e-01	1.650000000000e+03	7.370759689822e+02
7.130956649780e-01	1.250000000000e+03	7.370759737345e+02
7.331864833832e-01	1.950000000000e+03	7.370759784224e+02
7.530274391174e-01	1.500000000000e+03	7.370759784224e+02
7.731800079346e-01	1.650000000000e+03	7.370759854491e+02
7.931005954742e-01	2.150000000000e+03	7.370759886814e+02
8.130834102631e-01	1.500000000000e+03	7.370759886814e+02
8.331701755524e-01	1.200000000000e+03	7.370759933020e+02
8.527457714081e-01	1.950000000000e+03	7.370759980605e+02
8.723475933075e-01	1.600000000000e+03	7.370760045984e+02
8.930909633636e-01	1.850000000000e+03	7.370760117191e+02
9.131090641022e-01	1.300000000000e+03	7.370760187127e+02
9.330558776855e-01	1.450000000000e+03	7.370760190609e+02
9.530029296875e-01	1.750000000000e+03	7.370760194910e+02
9.733974933624e-01	2.200000000000e+03	7.370760285247e+02
9.931590557098e-01	1.900000000000e+03	7.370760338737e+02
1.013131380081e+00	2.050000000000e+03	7.370760385448e+02
1.033061742783e+00	1.450000000000e+03	7.370760385448e+02
1.053606987000e+00	1.050000000000e+03	7.370760412894e+02
1.073522567749e+00	1.600000000000e+03	7.370760481399e+02
1.093321323395e+00	1.800000000000e+03	7.370760551871e+02
1.113150835037e+00	1.350000000000e+03	7.370760589809e+02
1.132410526276e+00	1.750000000000e+03	7.370760589809e+02
1.153258323669e+00	1.400000000000e+03	7.370760651011e+02
1.173692941666e+00	9.000000000000e+02	7.370760718347e+02
1.193100690842e+00	1.500000000000e+03	7.370760784376e+02
1.213121652603e+00	1.550000000000e+03	7.370760798881e+02
1.233303308487e+00	1.650000000000e+03	7.370760824569e+02
1.252971410751e+00	1.200000000000e+03	7.370760896813e+02
1.272387266159e+00	1.350000000000e+03	7.370760959863e+02
1.293303728104e+00	1.150000000000e+03	7.370761023924e+02
1.313250303268e+00	1.500000000000e+03	7.370761078448e+02
1.332341670990e+00	1.150000000000e+03	7.370761111994e+02
1.352975606918e+00	1.750000000000e+03	7.370761111994e+02
1.373127698898e+00	9.500000000000e+02	7.370761188067e+02
1.393445014954e+00	1.450000000000e+03	7.370761259022e+02
1.413066387177e+00	1.100000000000e+03	7.370761317954e+02
1.433060884476e+00	1.000000000000e+03	7.370761317954e+02
1.452328681946e+00	9.000000000000e+02	7.370761349207e+02
1.473131418228e+00	9.500000000000e+02	7.370761421454e+02
1.493587017059e+00	1.100000000000e+03	7.370761477751e+02
1.513459205627e+00	1.200000000000e+03	7.370761524116e+02
1.532475471497e+00	1.200000000000e+03	7.370761524116e+02
1.553024768829e+00	1.450000000000e+03	7.370761587171e+02
1.573153018951e+00	1.550000000000e+03	7.370761651733e+02
1.593968868256e+00	1.200000000000e+03	7.370761717888e+02
1.613123416901e+00	1.200000000000e+03	7.370761731266e+02
1.633256196976e+00	1.300000000000e+03	7.370761752192e+02
1.653177738190e+00	1.200000000000e+03	7.370761821569e+02
1.672687768936e+00	1.100000000000e+03	7.370761884639e+02
1.693308591843e+00	1.600000000000e+03	7.370761945825e+02
1.712471723557e+00	1.250000000000e+03	7.370761986608e+02
1.733032464981e+00	1.100000000000e+03	7.370762030366e+02
1.752828121185e+00	1.400000000000e+03	7.370762034033e+02
1.773162364960e+00	1.150000000000e+03	7.370762080361e+02
1.793164253235e+00	9.000000000000e+02	7.370762128282e+02
1.813339710236e+00	1.300000000000e+03	7.370762135994e+02
1.833102464676e+00	1.000000000000e+03	7.370762190905e+02
1.853442192078e+00	1.150000000000e+03	7.370762254687e+02
1.873157024384e+00	6.500000000000e+02	7.370762319424e+02
1.892818450928e+00	7.000000000000e+02	7.370762375176e+02
1.913078546524e+00	9.500000000000e+02	7.370762428533e+02
1.933221101761e+00	1.050000000000e+03	7.370762489625e+02
1.953055381775e+00	8.000000000000e+02	7.370762549404e+02
1.973160028458e+00	8.000000000000e+02	7.370762549404e+02
1.993064641953e+00	7.500000000000e+02	7.370762589909e+02
2.013004779816e+00	6.500000000000e+02	7.370762652018e+02
2.032974243164e+00	7.500000000000e+02	7.370762652018e+02
2.053181171417e+00	9.000000000000e+02	7.370762699299e+02
2.073302507401e+00	1.050000000000e+03	7.370762752175e+02
2.093913555145e+00	7.000000000000e+02	7.370762822337e+02
2.113105535507e+00	8.500000000000e+02	7.370762889354e+02
2.133231639862e+00	5.500000000000e+02	7.370762961234e+02
2.153089761734e+00	8.000000000000e+02	7.370762964790e+02
2.173727750778e+00	1.050000000000e+03	7.370762994328e+02
2.193158388138e+00	7.500000000000e+02	7.370763053750e+02
2.213124513626e+00	7.000000000000e+02	7.370763118520e+02
2.232869386673e+00	7.500000000000e+02	7.370763175511e+02
2.252423286438e+00	9.000000000000e+02	7.370763175511e+02
2.273084163666e+00	7.500000000000e+02	7.370763218421e+02
2.294045448303e+00	5.500000000000e+02	7.370763267949e+02
2.313314437866e+00	8.000000000000e+02	7.370763361677e+02
2.333035945892e+00	8.500000000000e+02	7.370763377150e+02
2.353251934052e+00	9.500000000000e+02	7.370763377150e+02
2.373197317123e+00	8.000000000000e+02	7.370763446626e+02
2.393143892288e+00	8.000000000000e+02	7.370763512613e+02
2.413135766983e+00	7.500000000000e+02	7.370763574451e+02
2.433154106140e+00	6.500000000000e+02	7.370763583700e+02
2.453318357468e+00	6.500000000000e+02	7.370763608013e+02
2.473224878311e+00	1.000000000000e+03	7.370763674566e+02
2.493086338043e+00	9.500000000000e+02	7.370763738256e+02
2.513178110123e+00	8.500000000000e+02	7.370763785573e+02
2.533185005188e+00	5.000000000000e+02	7.370763785573e+02
2.553309440613e+00	1.300000000000e+03	7.370763837482e+02
2.573276996613e+00	6.500000000000e+02	7.370763901027e+02
2.593072652817e+00	6.500000000000e+02	7.370763964560e+02
2.613256692886e+00	5.500000000000e+02	7.370764028986e+02
2.633060932159e+00	5.000000000000e+02	7.370764084043e+02
2.652365684509e+00	6.500000000000e+02	7.370764084043e+02
2.673156976700e+00	6.500000000000e+02	7.370764126349e+02
2.693017721176e+00	9.000000000000e+02	7.370764195770e+02
2.712965726852e+00	1.000000000000e+03	7.370764263106e+02
2.732937335968e+00	1.350000000000e+03	7.370764286672e+02
2.753855705261e+00	1.000000000000e+03	7.370764286672e+02
2.776072263718e+00	1.050000000000e+03	7.370764337633e+02
2.793003797531e+00	8.500000000000e+02	7.370764378299e+02
2.813153505325e+00	1.000000000000e+03	7.370764444115e+02
2.833105564117e+00	6.000000000000e+02	7.370764492335e+02
2.853134870529e+00	6.000000000000e+02	7.370764507116e+02
2.872434377670e+00	3.500000000000e+02	7.370764554388e+02
2.893072366714e+00	1.100000000000e+03	7.370764610531e+02
2.913160800934e+00	5.500000000000e+02	7.370764680624e+02
2.933985233307e+00	6.000000000000e+02	7.370764701595e+02
2.952399253845e+00	6.500000000000e+02	7.370764715150e+02
2.972723245621e+00	6.000000000000e+02	7.370764803087e+02
2.993133544922e+00	7.000000000000e+02	7.370764858641e+02
3.013288497925e+00	7.500000000000e+02	7.370764913033e+02
3.033043384552e+00	6.500000000000e+02	7.370764988940e+02
3.052296638489e+00	1.000000000000e+03	7.370765019547e+02
3.072870731354e+00	4.000000000000e+02	7.370765019547e+02
3.092858314514e+00	3.500000000000e+02	7.370765083917e+02
3.112835645676e+00	5.500000000000e+02	7.370765151692e+02
3.133123636246e+00	5.000000000000e+02	7.370765220617e+02
3.152489423752e+00	4.500000000000e+02	7.370765231222e+02
3.173471689224e+00	3.000000000000e+02	7.370765259512e+02
3.193048238754e+00	5.500000000000e+02	7.370765329447e+02
3.213109731674e+00	4.500000000000e+02	7.370765402238e+02
3.233101367950e+00	6.500000000000e+02	7.370765453058e+02
3.253070354462e+00	8.500000000000e+02	7.370765453058e+02
3.273110628128e+00	8.500000000000e+02	7.370765512490e+02
3.293077707291e+00	4.000000000000e+02	7.370765579606e+02
3.313009500504e+00	4.500000000000e+02	7.370765648923e+02
3.333309650421e+00	4.500000000000e+02	7.370765666149e+02
3.353319168091e+00	7.000000000000e+02	7.370765679605e+02
3.374296903610e+00	8.000000000000e+02	7.370765750328e+02
3.393235445023e+00	4.000000000000e+02	7.370765821153e+02
3.412583589554e+00	5.000000000000e+02	7.370765896510e+02
3.432329416275e+00	4.000000000000e+02	7.370765961684e+02
3.453273773193e+00	2.500000000000e+02	7.370765988019e+02
3.473281621933e+00	6.000000000000e+02	7.370765995492e+02
3.492946863174e+00	6.000000000000e+02	7.370766069175e+02
3.513120174408e+00	5.500000000000e+02	7.370766138913e+02
3.533138036728e+00	7.000000000000e+02	7.370766203432e+02
3.552340984344e+00	8.000000000000e+02	7.370766249322e+02
3.572651147842e+00	2.500000000000e+02	7.370766297857e+02
3.592993497849e+00	3.000000000000e+02	7.370766312161e+02
3.613160133362e+00	5.000000000000e+02	7.370766336396e+02
3.634040832520e+00	7.000000000000e+02	7.370766423978e+02
3.653273105621e+00	4.000000000000e+02	7.370766423978e+02
3.672871351242e+00	3.500000000000e+02	7.370766449092e+02
3.692869186401e+00	5.000000000000e+02	7.370766505236e+02
3.713090181351e+00	4.500000000000e+02	7.370766581988e+02
3.732414960861e+00	4.500000000000e+02	7.370766632681e+02
3.752367973328e+00	5.000000000000e+02	7.370766632681e+02
3.773360967636e+00	9.500000000000e+02	7.370766702031e+02
3.793307304382e+00	4.000000000000e+02	7.370766767746e+02
3.813254117966e+00	5.500000000000e+02	7.370766826142e+02
3.833226442337e+00	6.000000000000e+02	7.370766885986e+02
3.853275060654e+00	7.000000000000e+02	7.370766946804e+02
3.873347759247e+00	3.500000000000e+02	7.370766952843e+02
3.893492460251e+00	4.500000000000e+02	7.370766970290e+02
3.912968873978e+00	4.000000000000e+02	7.370767055673e+02
3.933143377304e+00	5.500000000000e+02	7.370767123694e+02
3.952478885651e+00	3.500000000000e+02	7.370767186979e+02
3.973278045654e+00	8.500000000000e+02	7.370767251277e+02
3.992857933044e+00	4.000000000000e+02	7.370767287236e+02
4.013061046600e+00	4.000000000000e+02	7.370767302527e+02
4.033192157745e+00	3.500000000000e+02	7.370767377225e+02
4.053134918213e+00	4.500000000000e+02	7.370767440133e+02
4.073121547699e+00	4.000000000000e+02	7.370767489673e+02
4.092855930328e+00	4.500000000000e+02	7.370767489673e+02
4.113130331039e+00	1.500000000000e+02	7.370767544927e+02
4.133052587509e+00	2.500000000000e+02	7.370767614534e+02
4.153014659882e+00	4.000000000000e+02	7.370767614534e+02
4.172991275787e+00	5.000000000000e+02	7.370767658822e+02
4.192907571793e+00	5.500000000000e+02	7.370767732053e+02
4.213072776794e+00	3.000000000000e+02	7.370767800791e+02
4.233030557632e+00	2.500000000000e+02	7.370767868623e+02
4.252682447433e+00	5.000000000000e+02	7.370767935253e+02
4.274054288864e+00	6.500000000000e+02	7.370767942020e+02
4.293207168579e+00	3.500000000000e+02	7.370767960549e+02
4.313005685806e+00	4.500000000000e+02	7.370768034488e+02
4.333074092865e+00	5.000000000000e+02	7.370768041785e+02
4.353420972824e+00	6.500000000000e+02	7.370768079621e+02
4.373144149780e+00	4.000000000000e+02	7.370768168425e+02
4.393029451370e+00	3.500000000000e+02	7.370768253439e+02
4.413433074951e+00	4.500000000000e+02	7.370768253439e+02
4.432978630066e+00	2.000000000000e+02	7.370768295631e+02
4.454048156738e+00	3.500000000000e+02	7.370768343631e+02
4.473001718521e+00	4.500000000000e+02	7.370768354991e+02
4.493024110794e+00	2.500000000000e+02	7.370768399322e+02
4.512931585312e+00	4.500000000000e+02	7.370768451118e+02
4.533182859421e+00	2.500000000000e+02	7.370768518325e+02
4.553129911423e+00	3.000000000000e+02	7.370768585188e+02
4.573100090027e+00	2.500000000000e+02	7.370768648194e+02
4.593113183975e+00	2.000000000000e+02	7.370768663826e+02
4.613075971603e+00	4.000000000000e+02	7.370768705321e+02
4.633195638657e+00	6.000000000000e+02	7.370768754512e+02
4.653162717819e+00	2.500000000000e+02	7.370768824420e+02
4.672382831573e+00	3.000000000000e+02	7.370768863025e+02
4.693167209625e+00	1.500000000000e+02	7.370768863025e+02
4.713115215302e+00	4.000000000000e+02	7.370768909376e+02
4.733084678650e+00	1.000000000000e+02	7.370768983791e+02
4.753030300140e+00	3.500000000000e+02	7.370769052139e+02
4.773122549057e+00	3.500000000000e+02	7.370769063279e+02
4.794017076492e+00	3.000000000000e+02	7.370769063279e+02
4.814956665039e+00	2.500000000000e+02	7.370769129277e+02
4.832972526550e+00	4.000000000000e+02	7.370769194398e+02
4.853159427643e+00	2.500000000000e+02	7.370769261896e+02
4.872526407242e+00	2.000000000000e+02	7.370769265229e+02
4.892501592636e+00	2.000000000000e+02	7.370769291271e+02
4.914414167404e+00	4.500000000000e+02	7.370769362957e+02
4.933140993118e+00	1.500000000000e+02	7.370769423689e+02
4.953377246857e+00	1.500000000000e+02	7.370769465288e+02
4.973088741302e+00	2.500000000000e+02	7.370769465288e+02
4.993186473846e+00	2.000000000000e+02	7.370769521368e+02
5.013040781021e+00	4.000000000000e+02	7.370769589141e+02
5.033053874969e+00	2.500000000000e+02	7.370769656001e+02
5.053136110306e+00	3.500000000000e+02	7.370769724537e+02
5.072770833969e+00	3.500000000000e+02	7.370769781842e+02
5.093128919601e+00	3.500000000000e+02	7.370769781842e+02
5.115066051483e+00	3.500000000000e+02	7.370769838312e+02
5.133135557175e+00	5.000000000000e+02	7.370769902578e+02
5.152422904968e+00	5.000000000000e+02	7.370769970833e+02
5.173075199127e+00	2.000000000000e+02	7.370770003113e+02
5.192843914032e+00	5.000000000000e+02	7.370770003113e+02
5.213616371155e+00	2.500000000000e+02	7.370770041847e+02
5.232588291168e+00	2.000000000000e+02	7.370770077223e+02
5.252512454987e+00	1.500000000000e+02	7.370770114375e+02
5.272459268570e+00	4.500000000000e+02	7.370770180037e+02
5.293171405792e+00	2.500000000000e+02	7.370770247521e+02
5.312785148621e+00	2.000000000000e+02	7.370770310541e+02
5.333177804947e+00	3.500000000000e+02	7.370770384597e+02
5.353022813797e+00	4.500000000000e+02	7.370770434720e+02
5.373168468475e+00	3.000000000000e+02	7.370770434720e+02
5.393986463547e+00	2.000000000000e+02	7.370770488533e+02
5.413922309875e+00	3.000000000000e+02	7.370770550120e+02
5.434861183167e+00	1.000000000000e+02	7.370770627813e+02
5.453277349472e+00	3.000000000000e+02	7.370770679835e+02
5.473167181015e+00	3.000000000000e+02	7.370770727593e+02
5.493171930313e+00	2.000000000000e+02	7.370770755714e+02
5.512385129929e+00	4.000000000000e+02	7.370770755714e+02
5.533168554306e+00	4.500000000000e+02	7.370770814204e+02
5.553043603897e+00	3.000000000000e+02	7.370770883852e+02
5.573143243790e+00	3.000000000000e+02	7.370770955234e+02
5.593142509460e+00	4.000000000000e+02	7.370770969406e+02
5.614108324051e+00	1.500000000000e+02	7.370771030130e+02
5.633035182953e+00	1.500000000000e+02	7.370771089773e+02
5.652501344681e+00	2.000000000000e+02	7.370771147504e+02
5.672913551331e+00	2.500000000000e+02	7.370771205852e+02
5.693172454834e+00	1.500000000000e+02	7.370771261289e+02
5.712377786636e+00	3.500000000000e+02	7.370771291303e+02
5.733103752136e+00	5.000000000000e+01	7.370771291303e+02
5.753273487091e+00	4.500000000000e+02	7.370771395433e+02
5.773167610168e+00	1.500000000000e+02	7.370771405838e+02
5.792368888855e+00	2.000000000000e+02	7.370771431764e+02
5.813313484192e+00	3.000000000000e+02	7.370771484818e+02
5.833087205887e+00	2.000000000000e+02	7.370771533759e+02
5.853165626526e+00	3.500000000000e+02	7.370771581739e+02
5.872613906860e+00	5.000000000000e+02	7.370771577540e+02
5.893173217773e+00	5.500000000000e+02	7.370771569977e+02
5.913047313690e+00	1.500000000000e+02	7.370771569977e+02
5.933132886887e+00	2.000000000000e+02	7.370771548593e+02
5.952528715134e+00	2.500000000000e+02	7.370771521127e+02
5.972498416901e+00	1.500000000000e+02	7.370771459094e+02
5.992917060852e+00	1.500000000000e+02	7.370771432349e+02
6.013470411301e+00	3.000000000000e+02	7.370771419519e+02
6.033174276352e+00	3.500000000000e+02	7.370771356143e+02
6.053313732147e+00	2.500000000000e+02	7.370771304392e+02
6.073136091232e+00	1.500000000000e+02	7.370771265554e+02
6.093143701553e+00	3.500000000000e+02	7.370771265554e+02
6.112638950348e+00	3.000000000000e+02	7.370771229347e+02
6.133121252060e+00	3.000000000000e+02	7.370771170270e+02
6.152646064758e+00	2.000000000000e+02	7.370771118343e+02
6.173045635223e+00	2.000000000000e+02	7.370771088751e+02
6.192475318909e+00	1.500000000000e+02	7.370771088751e+02
6.213278055191e+00	2.500000000000e+02	7.370771028228e+02
6.233051300049e+00	2.000000000000e+02	7.370770965655e+02
6.252383947372e+00	3.500000000000e+02	7.370770911154e+02
6.273169994354e+00	4.500000000000e+02	7.370770911154e+02
6.292641639709e+00	2.000000000000e+02	7.370770892886e+02
6.312740087509e+00	3.000000000000e+02	7.370770831772e+02
6.332663297653e+00	2.000000000000e+02	7.370770773335e+02
6.352632284164e+00	2.500000000000e+02	7.370770726892e+02
6.373171091080e+00	3.000000000000e+02	7.370770726892e+02
6.393374443054e+00	3.000000000000e+02	7.370770683265e+02
6.413319349289e+00	2.500000000000e+02	7.370770623256e+02
6.433117151260e+00	2.500000000000e+02	7.370770567794e+02
6.453175544739e+00	6.000000000000e+02	7.370770511272e+02
6.473363637924e+00	4.000000000000e+02	7.370770454121e+02
6.493107557297e+00	2.000000000000e+02	7.370770445636e+02
6.513255834579e+00	5.000000000000e+01	7.370770416865e+02
6.533298730850e+00	3.500000000000e+02	7.370770359979e+02
6.552544593811e+00	3.500000000000e+02	7.370770295033e+02
6.572504520416e+00	2.000000000000e+02	7.370770254315e+02
6.592538833618e+00	3.500000000000e+02	7.370770254315e+02
6.613130331039e+00	5.500000000000e+02	7.370770200205e+02
6.632963418961e+00	2.500000000000e+02	7.370770141665e+02
6.652428150177e+00	1.000000000000e+02	7.370770092076e+02
6.673111200333e+00	4.500000000000e+02	7.370770062254e+02
6.693083047867e+00	4.000000000000e+02	7.370770062254e+02
6.713031768799e+00	3.500000000000e+02	7.370770025750e+02
6.733115196228e+00	2.000000000000e+02	7.370769973296e+02
6.754081010818e+00	2.000000000000e+02	7.370769884952e+02
6.774074316025e+00	3.500000000000e+02	7.370769835201e+02
6.793087244034e+00	3.000000000000e+02	7.370769794122e+02
6.813013315201e+00	3.000000000000e+02	7.370769786575e+02
6.832484960556e+00	4.000000000000e+02	7.370769755429e+02
6.852472782135e+00	4.500000000000e+02	7.370769688566e+02
6.872466564178e+00	3.000000000000e+02	7.370769688566e+02
6.892396211624e+00	4.000000000000e+02	7.370769646510e+02
6.912392377853e+00	2.000000000000e+02	7.370769587108e+02
6.933310508728e+00	2.500000000000e+02	7.370769528494e+02
6.952535390854e+00	1.500000000000e+02	7.370769480046e+02
6.972465038300e+00	2.500000000000e+02	7.370769433634e+02
6.993134737015e+00	4.000000000000e+02	7.370769375389e+02
7.013154983521e+00	3.500000000000e+02	7.370769321679e+02
7.032463550568e+00	3.000000000000e+02	7.370769321679e+02
7.052404880524e+00	2.500000000000e+02	7.370769279758e+02
7.072649717331e+00	4.500000000000e+02	7.370769211239e+02
7.092328071594e+00	5.000000000000e+02	7.370769164864e+02
7.113174676895e+00	3.500000000000e+02	7.370769144057e+02
7.133180618286e+00	1.000000000000e+02	7.370769144057e+02
7.152436494827e+00	2.000000000000e+02	7.370769086870e+02
7.173084974289e+00	4.000000000000e+02	7.370769018281e+02
7.192337512970e+00	2.500000000000e+02	7.370768958300e+02
7.213172912598e+00	3.000000000000e+02	7.370768958300e+02
7.232561588287e+00	4.000000000000e+02	7.370768925837e+02
7.252858161926e+00	3.500000000000e+02	7.370768867884e+02
7.273172855377e+00	4.000000000000e+02	7.370768807940e+02
7.293171167374e+00	5.000000000000e+02	7.370768773893e+02
7.313120603561e+00	2.000000000000e+02	7.370768773893e+02
7.332928657532e+00	3.500000000000e+02	7.370768721478e+02
7.353177785873e+00	4.000000000000e+02	7.370768661818e+02
7.373067140579e+00	2.500000000000e+02	7.370768601846e+02
7.393211126328e+00	3.500000000000e+02	7.370768592965e+02
7.413157701492e+00	3.500000000000e+02	7.370768585861e+02
7.433104276657e+00	5.000000000000e+02	7.370768514284e+02
7.452583074570e+00	3.000000000000e+02	7.370768459489e+02
7.472460269928e+00	4.000000000000e+02	7.370768410708e+02
7.493246793747e+00	4.500000000000e+02	7.370768398472e+02
7.513204097748e+00	4.500000000000e+02	7.370768372320e+02
7.534064054489e+00	3.500000000000e+02	7.370768305281e+02
7.553037405014e+00	1.500000000000e+02	7.370768256054e+02
7.573104858398e+00	1.500000000000e+02	7.370768206596e+02
7.593179702759e+00	3.000000000000e+02	7.370768206596e+02
7.613194465637e+00	4.000000000000e+02	7.370768165838e+02
7.633072614670e+00	2.000000000000e+02	7.370768115549e+02
7.652446508408e+00	4.500000000000e+02	7.370768047201e+02
7.673096895218e+00	6.000000000000e+02	7.370767973344e+02
7.693436384201e+00	5.000000000000e+02	7.370767904467e+02
7.713236570358e+00	1.500000000000e+02	7.370767901090e+02
7.733206272125e+00	4.000000000000e+02	7.370767885299e+02
7.753153085709e+00	4.500000000000e+02	7.370767808321e+02
7.773101806641e+00	5.500000000000e+02	7.370767748695e+02
7.793179035187e+00	2.500000000000e+02	7.370767702265e+02
7.813332319260e+00	3.500000000000e+02	7.370767702265e+02
7.833142280579e+00	3.500000000000e+02	7.370767658292e+02
7.854032993317e+00	4.500000000000e+02	7.370767604240e+02
7.873184204102e+00	5.000000000000e+02	7.370767534758e+02
7.893163681030e+00	4.000000000000e+02	7.370767494679e+02
7.913100957870e+00	7.500000000000e+02	7.370767494679e+02
7.933104991913e+00	3.000000000000e+02	7.370767430331e+02
7.953180551529e+00	5.000000000000e+02	7.370767361623e+02
7.973069429398e+00	5.500000000000e+02	7.370767297193e+02
7.993087291718e+00	7.000000000000e+02	7.370767287494e+02
8.013109207153e+00	3.000000000000e+02	7.370767278217e+02
8.033125877380e+00	4.500000000000e+02	7.370767215542e+02
8.053103446960e+00	5.000000000000e+02	7.370767151856e+02
8.073121786118e+00	4.500000000000e+02	7.370767086908e+02
8.093179464340e+00	2.500000000000e+02	7.370767023021e+02
8.112652778625e+00	4.500000000000e+02	7.370766989641e+02
8.132595539093e+00	3.500000000000e+02	7.370766989641e+02
8.152546644211e+00	4.500000000000e+02	7.370766913543e+02
8.173197269440e+00	3.500000000000e+02	7.370766843285e+02
8.193231344223e+00	4.000000000000e+02	7.370766782859e+02
8.213043928146e+00	3.000000000000e+02	7.370766779849e+02
8.233193635941e+00	2.500000000000e+02	7.370766759061e+02
8.253084897995e+00	4.500000000000e+02	7.370766696161e+02
8.273272037506e+00	7.000000000000e+02	7.370766632566e+02
8.293204069138e+00	6.500000000000e+02	7.370766587946e+02
8.313124656677e+00	3.500000000000e+02	7.370766587946e+02
8.333175182343e+00	5.500000000000e+02	7.370766538800e+02
8.353065490723e+00	3.500000000000e+02	7.370766471156e+02
8.372529029846e+00	2.500000000000e+02	7.370766408636e+02
8.393037796021e+00	4.000000000000e+02	7.370766346896e+02
8.414054870605e+00	3.500000000000e+02	7.370766286398e+02
8.433179140091e+00	7.500000000000e+02	7.370766286398e+02
8.453088045120e+00	5.000000000000e+02	7.370766255838e+02
8.472702741623e+00	5.000000000000e+02	7.370766196407e+02
8.492681026459e+00	6.000000000000e+02	7.370766125084e+02
8.513178110123e+00	6.000000000000e+02	7.370766085571e+02
8.532848358154e+00	7.500000000000e+02	7.370766085571e+02
8.553339481354e+00	5.500000000000e+02	7.370766023287e+02
8.573182344437e+00	6.000000000000e+02	7.370765957898e+02
8.593180656433e+00	6.500000000000e+02	7.370765893834e+02
8.613112926483e+00	7.000000000000e+02	7.370765881050e+02
8.632823228836e+00	3.500000000000e+02	7.370765862184e+02
8.653183221817e+00	6.000000000000e+02	7.370765795862e+02
8.673165559769e+00	6.000000000000e+02	7.370765737989e+02
8.694006443024e+00	5.000000000000e+02	7.370765680134e+02
8.713134288788e+00	9.000000000000e+02	7.370765640087e+02
8.733286142349e+00	5.000000000000e+02	7.370765597896e+02
8.753091335297e+00	6.000000000000e+02	7.370765582793e+02
8.772585868835e+00	6.000000000000e+02	7.370765538557e+02
8.793026685715e+00	1.000000000000e+02	7.370765492174e+02
8.813221216202e+00	6.000000000000e+02	7.370765414951e+02
8.833161354065e+00	6.000000000000e+02	7.370765381324e+02
8.852937698364e+00	5.500000000000e+02	7.370765381324e+02
8.872883319855e+00	6.000000000000e+02	7.370765339582e+02
8.893000364304e+00	6.000000000000e+02	7.370765274829e+02
8.912658452988e+00	4.500000000000e+02	7.370765212874e+02
8.933142423630e+00	8.000000000000e+02	7.370765184172e+02
8.952610254288e+00	4.000000000000e+02	7.370765162164e+02
8.973211765289e+00	5.500000000000e+02	7.370765111814e+02
8.993180274963e+00	4.000000000000e+02	7.370765045952e+02
9.013188600540e+00	1.050000000000e+03	7.370764989704e+02
9.033099889755e+00	5.500000000000e+02	7.370764989704e+02
9.053167819977e+00	8.500000000000e+02	7.370764954322e+02
9.073127031326e+00	6.500000000000e+02	7.370764869640e+02
9.093098640442e+00	6.500000000000e+02	7.370764821466e+02
9.112576961517e+00	4.000000000000e+02	7.370764786509e+02
9.132347345352e+00	5.500000000000e+02	7.370764786509e+02
9.153302431107e+00	1.200000000000e+03	7.370764744916e+02
9.173123598099e+00	9.000000000000e+02	7.370764689083e+02
9.192865610123e+00	6.500000000000e+02	7.370764625774e+02
9.213207244873e+00	5.500000000000e+02	7.370764598868e+02
9.233183383942e+00	1.150000000000e+03	7.370764577516e+02
9.252964735031e+00	6.000000000000e+02	7.370764530609e+02
9.273080587387e+00	6.500000000000e+02	7.370764463336e+02
9.293267250061e+00	8.500000000000e+02	7.370764390343e+02
9.313211917877e+00	6.500000000000e+02	7.370764341676e+02
9.333050489426e+00	8.000000000000e+02	7.370764308354e+02
9.352336883545e+00	9.500000000000e+02	7.370764308354e+02
9.373056173325e+00	9.000000000000e+02	7.370764262970e+02
9.393131732941e+00	8.000000000000e+02	7.370764197247e+02
9.413203954697e+00	7.000000000000e+02	7.370764133945e+02
9.433181524277e+00	6.000000000000e+02	7.370764115319e+02
9.453098773956e+00	7.500000000000e+02	7.370764091121e+02
9.473158359528e+00	1.050000000000e+03	7.370764039388e+02
9.492383480072e+00	8.000000000000e+02	7.370763967150e+02
9.513342857361e+00	5.500000000000e+02	7.370763898527e+02
9.532888650894e+00	4.000000000000e+02	7.370763853276e+02
9.552837848663e+00	6.000000000000e+02	7.370763830181e+02
9.572842836380e+00	1.250000000000e+03	7.370763830181e+02
9.592777967453e+00	8.000000000000e+02	7.370763751500e+02
9.613315343857e+00	7.500000000000e+02	7.370763680495e+02
9.633320569992e+00	6.500000000000e+02	7.370763633102e+02
9.653258562088e+00	8.000000000000e+02	7.370763633102e+02
9.673189878464e+00	8.500000000000e+02	7.370763595056e+02
9.693162202835e+00	1.000000000000e+03	7.370763531558e+02
9.713190317154e+00	1.450000000000e+03	7.370763469254e+02
9.733277797699e+00	1.100000000000e+03	7.370763432692e+02
9.752686977386e+00	5.000000000000e+02	7.370763432692e+02
9.773313045502e+00	1.050000000000e+03	7.370763375337e+02
9.792983531952e+00	1.050000000000e+03	7.370763309116e+02
9.813054800034e+00	1.250000000000e+03	7.370763254690e+02
9.832470178604e+00	8.500000000000e+02	7.370763232556e+02
9.853523015976e+00	8.500000000000e+02	7.370763232556e+02
9.873185634613e+00	7.500000000000e+02	7.370763161682e+02
9.892426729202e+00	1.000000000000e+03	7.370763089516e+02
9.912557363510e+00	9.500000000000e+02	7.370763026619e+02
9.932506322861e+00	4.500000000000e+02	7.370763026619e+02
9.953184127808e+00	1.000000000000e+03	7.370762989095e+02
9.973129034042e+00	1.050000000000e+03	7.370762925251e+02
9.992540836334e+00	9.500000000000e+02	7.370762863306e+02
1.001319336891e+01	1.400000000000e+03	7.370762824564e+02
1.003317475319e+01	6.500000000000e+02	7.370762824564e+02
1.005310988426e+01	1.050000000000e+03	7.370762768404e+02
1.007310080528e+01	7.000000000000e+02	7.370762706094e+02
1.009393501282e+01	1.050000000000e+03	7.370762632011e+02
1.011330175400e+01	1.100000000000e+03	7.370762571992e+02
1.013409447670e+01	1.000000000000e+03	7.370762522597e+02
1.015333724022e+01	1.100000000000e+03	7.370762522597e+02
1.017423033714e+01	8.500000000000e+02	7.370762476935e+02
1.019307041168e+01	1.150000000000e+03	7.370762422164e+02
1.021396899223e+01	1.350000000000e+03	7.370762353301e+02
1.023322248459e+01	1.200000000000e+03	7.370762329220e+02
1.025322484970e+01	1.200000000000e+03	7.370762325910e+02
1.027319192886e+01	1.250000000000e+03	7.370762258503e+02
1.029304265976e+01	1.350000000000e+03	7.370762199828e+02
1.031318688393e+01	1.200000000000e+03	7.370762147244e+02
1.033233356476e+01	1.350000000000e+03	7.370762137481e+02
1.035299849510e+01	1.250000000000e+03	7.370762123520e+02
1.037328124046e+01	8.000000000000e+02	7.370762066754e+02
1.039280223846e+01	1.350000000000e+03	7.370762012586e+02
1.041318845749e+01	1.600000000000e+03	7.370761956641e+02
1.043318510056e+01	1.250000000000e+03	7.370761934740e+02
1.045398783684e+01	8.000000000000e+02	7.370761909024e+02
1.047318720818e+01	1.300000000000e+03	7.370761859533e+02
1.049311423302e+01	9.500000000000e+02	7.370761802509e+02
1.051335287094e+01	1.000000000000e+03	7.370761738778e+02
1.053312015533e+01	1.500000000000e+03	7.370761668434e+02
1.055329489708e+01	1.250000000000e+03	7.370761639554e+02
1.057317209244e+01	1.350000000000e+03	7.370761639554e+02
1.059316778183e+01	1.400000000000e+03	7.370761571623e+02
1.061298894882e+01	1.550000000000e+03	7.370761506323e+02
1.063293743134e+01	1.650000000000e+03	7.370761443033e+02
1.065290617943e+01	1.450000000000e+03	7.370761436707e+02
1.067293882370e+01	1.350000000000e+03	7.370761412790e+02
1.069235825539e+01	1.700000000000e+03	7.370761336558e+02
1.071317100525e+01	1.150000000000e+03	7.370761266400e+02
1.073399305344e+01	2.000000000000e+03	7.370761225578e+02
1.075347924232e+01	1.750000000000e+03	7.370761225578e+02
1.077279043198e+01	1.600000000000e+03	7.370761171825e+02
1.079273915291e+01	1.350000000000e+03	7.370761113991e+02
1.081393098831e+01	1.400000000000e+03	7.370761055624e+02
1.083375167847e+01	1.800000000000e+03	7.370760991652e+02
1.085271596909e+01	1.900000000000e+03	7.370760930324e+02
1.087303185463e+01	9.000000000000e+02	7.370760930324e+02
1.089308023453e+01	1.650000000000e+03	7.370760884230e+02
1.091307616234e+01	1.250000000000e+03	7.370760825830e+02
1.093316936493e+01	2.100000000000e+03	7.370760755098e+02
1.095311737061e+01	1.100000000000e+03	7.370760727004e+02
1.097330379486e+01	1.700000000000e+03	7.370760727004e+02
1.099266910553e+01	1.250000000000e+03	7.370760662852e+02
1.101262497902e+01	1.200000000000e+03	7.370760599796e+02
1.103268241882e+01	1.700000000000e+03	7.370760540171e+02
1.105314087868e+01	1.450000000000e+03	7.370760528178e+02
1.107314920425e+01	1.450000000000e+03	7.370760502479e+02
1.109269332886e+01	1.200000000000e+03	7.370760446524e+02
1.111322712898e+01	1.700000000000e+03	7.370760381136e+02
1.113321781158e+01	1.000000000000e+03	7.370760332834e+02
1.115321779251e+01	9.000000000000e+02	7.370760332834e+02
1.117322182655e+01	1.100000000000e+03	7.370760289278e+02
1.119274616241e+01	1.600000000000e+03	7.370760228268e+02
1.121321678162e+01	1.450000000000e+03	7.370760157457e+02
1.123321461678e+01	1.600000000000e+03	7.370760133582e+02
1.125322008133e+01	1.800000000000e+03	7.370760130395e+02
1.127316784859e+01	1.500000000000e+03	7.370760066697e+02
1.129313611984e+01	1.700000000000e+03	7.370760031663e+02
1.131316924095e+01	1.350000000000e+03	7.370760031663e+02
1.133315205574e+01	2.150000000000e+03	7.370760031663e+02
1.135310196877e+01	1.450000000000e+03	7.370759987468e+02
1.137304592133e+01	1.800000000000e+03	7.370759861667e+02
1.139329671860e+01	1.900000000000e+03	7.370759783900e+02
1.141314554214e+01	1.450000000000e+03	7.370759722467e+02
1.143312191963e+01	1.300000000000e+03	7.370759649593e+02
1.145244073868e+01	1.500000000000e+03	7.370759620824e+02
1.147471117973e+01	1.700000000000e+03	7.370759611055e+02
1.149313807487e+01	1.750000000000e+03	7.370759550904e+02
1.151319670677e+01	1.350000000000e+03	7.370759490408e+02
1.153319644928e+01	1.750000000000e+03	7.370759434111e+02
1.155246067047e+01	1.250000000000e+03	7.370759414939e+02
1.157425618172e+01	2.150000000000e+03	7.370759391707e+02
1.159321236610e+01	1.650000000000e+03	7.370759328615e+02
1.161327791214e+01	2.200000000000e+03	7.370759274171e+02
1.163320660591e+01	1.950000000000e+03	7.370759223519e+02
1.165251064301e+01	1.900000000000e+03	7.370759208174e+02
1.167319417000e+01	1.450000000000e+03	7.370759170134e+02
1.169299840927e+01	1.950000000000e+03	7.370759101963e+02
1.171295857430e+01	1.750000000000e+03	7.370759038060e+02
1.173291015625e+01	2.250000000000e+03	7.370759003121e+02
1.175349092484e+01	2.150000000000e+03	7.370759003121e+02
1.177319121361e+01	1.700000000000e+03	7.370758937392e+02
1.179283499718e+01	1.600000000000e+03	7.370758875876e+02
1.181319046021e+01	1.750000000000e+03	7.370758817419e+02
1.183319497108e+01	1.350000000000e+03	7.370758755428e+02
1.185310959816e+01	2.200000000000e+03	7.370758694419e+02
1.187319636345e+01	1.900000000000e+03	7.370758694419e+02
1.189315485954e+01	2.100000000000e+03	7.370758652601e+02
1.191288256645e+01	1.350000000000e+03	7.370758599584e+02
1.193247628212e+01	2.600000000000e+03	7.370758523226e+02
1.195259785652e+01	2.500000000000e+03	7.370758490600e+02
1.197314763069e+01	2.650000000000e+03	7.370758488075e+02
1.199320292473e+01	2.200000000000e+03	7.370758436841e+02
1.201314187050e+01	2.650000000000e+03	7.370758382516e+02
1.203313660622e+01	1.850000000000e+03	7.370758307512e+02
1.205312585831e+01	2.100000000000e+03	7.370758291620e+02
1.207309579849e+01	2.450000000000e+03	7.370758276538e+02
1.209301877022e+01	2.500000000000e+03	7.370758216558e+02
1.211313772202e+01	1.800000000000e+03	7.370758155914e+02
1.213329005241e+01	1.700000000000e+03	7.370758098137e+02
1.215249776840e+01	2.350000000000e+03	7.370758098137e+02
1.217319250107e+01	1.800000000000e+03	7.370758051113e+02
1.219247126579e+01	2.000000000000e+03	7.370757993054e+02
1.221302461624e+01	1.750000000000e+03	7.370757938025e+02
1.223319387436e+01	2.600000000000e+03	7.370757879518e+02
1.225327515602e+01	2.200000000000e+03	7.370757812424e+02
1.227316141129e+01	2.050000000000e+03	7.370757807178e+02
1.229266214371e+01	2.350000000000e+03	7.370757793220e+02
1.231296968460e+01	2.150000000000e+03	7.370757723987e+02
1.233338260651e+01	2.700000000000e+03	7.370757666198e+02
1.235439395905e+01	2.400000000000e+03	7.370757611754e+02
1.237305855751e+01	2.700000000000e+03	7.370757611754e+02
1.239320635796e+01	2.350000000000e+03	7.370757570666e+02
1.241301822662e+01	2.050000000000e+03	7.370757508197e+02
1.243298697472e+01	2.750000000000e+03	7.370757440508e+02
1.245293426514e+01	2.600000000000e+03	7.370757406646e+02
1.247325253487e+01	2.450000000000e+03	7.370757406646e+02
1.249403333664e+01	2.550000000000e+03	7.370757341108e+02
1.251309013367e+01	1.700000000000e+03	7.370757275295e+02
1.253308415413e+01	2.000000000000e+03	7.370757195734e+02
1.255312681198e+01	2.700000000000e+03	7.370757195734e+02
1.257308220863e+01	3.150000000000e+03	7.370757174977e+02
1.259314846992e+01	2.600000000000e+03	7.370757106646e+02
1.261309456825e+01	2.200000000000e+03	7.370757040518e+02
1.263287138939e+01	2.850000000000e+03	7.370756974445e+02
1.265241932869e+01	2.000000000000e+03	7.370756904952e+02
1.267326593399e+01	2.450000000000e+03	7.370756877569e+02
1.269530558586e+01	2.400000000000e+03	7.370756877569e+02
1.271325874329e+01	1.800000000000e+03	7.370756827930e+02
1.273320531845e+01	3.200000000000e+03	7.370756747585e+02
1.275326824188e+01	2.600000000000e+03	7.370756681696e+02
1.277402997017e+01	2.800000000000e+03	7.370756675147e+02
1.279300642014e+01	2.900000000000e+03	7.370756657926e+02
1.281285738945e+01	3.150000000000e+03	7.370756589760e+02
1.283280444145e+01	2.750000000000e+03	7.370756524825e+02
1.285324311256e+01	2.650000000000e+03	7.370756469297e+02
1.287321114540e+01	2.950000000000e+03	7.370756469297e+02
1.289304447174e+01	1.800000000000e+03	7.370756425946e+02
1.291278195381e+01	2.350000000000e+03	7.370756360822e+02
1.293322467804e+01	2.200000000000e+03	7.370756299676e+02
1.295319104195e+01	2.600000000000e+03	7.370756266800e+02
1.297251701355e+01	2.450000000000e+03	7.370756266800e+02
1.299358487129e+01	2.350000000000e+03	7.370756200388e+02
1.301319932938e+01	3.450000000000e+03	7.370756137559e+02
1.303329086304e+01	2.850000000000e+03	7.370756072038e+02
1.305238747597e+01	3.300000000000e+03	7.370756062280e+02
1.307319116592e+01	2.700000000000e+03	7.370756036236e+02
1.309273171425e+01	2.550000000000e+03	7.370755978506e+02
1.311313128471e+01	2.850000000000e+03	7.370755906445e+02
1.313299655914e+01	2.450000000000e+03	7.370755836007e+02
1.315294361115e+01	2.350000000000e+03	7.370755775826e+02
1.317288994789e+01	2.300000000000e+03	7.370755754763e+02
1.319310069084e+01	2.300000000000e+03	7.370755754763e+02
1.321319341660e+01	3.500000000000e+03	7.370755684757e+02
1.323320388794e+01	3.300000000000e+03	7.370755614337e+02
1.325325942039e+01	2.350000000000e+03	7.370755547526e+02
1.327319717407e+01	1.750000000000e+03	7.370755490646e+02
1.329255771637e+01	2.400000000000e+03	7.370755436440e+02
1.331249976158e+01	1.850000000000e+03	7.370755433499e+02
1.333310794830e+01	2.400000000000e+03	7.370755415969e+02
1.335320472717e+01	3.200000000000e+03	7.370755347547e+02
1.337323665619e+01	2.450000000000e+03	7.370755267352e+02
1.339308118820e+01	2.500000000000e+03	7.370755221699e+02
1.341338253021e+01	2.100000000000e+03	7.370755221699e+02
1.343305063248e+01	3.300000000000e+03	7.370755144936e+02
1.345300102234e+01	2.400000000000e+03	7.370755073962e+02
1.347286987305e+01	1.800000000000e+03	7.370755009679e+02
1.349311804771e+01	3.350000000000e+03	7.370755003221e+02
1.351235914230e+01	1.750000000000e+03	7.370755003221e+02
1.353327655792e+01	2.000000000000e+03	7.370754905543e+02
1.355312371254e+01	2.300000000000e+03	7.370754852672e+02
1.357329988480e+01	2.100000000000e+03	7.370754805514e+02
1.359294033051e+01	2.350000000000e+03	7.370754792689e+02
1.361319732666e+01	2.900000000000e+03	7.370754746450e+02
1.363265895844e+01	2.850000000000e+03	7.370754696737e+02
1.365284705162e+01	2.900000000000e+03	7.370754642996e+02
1.367312121391e+01	2.550000000000e+03	7.370754594207e+02
1.369305992126e+01	2.900000000000e+03	7.370754594207e+02
1.371319746971e+01	2.550000000000e+03	7.370754533472e+02
1.373319435120e+01	2.450000000000e+03	7.370754469612e+02
1.375243544579e+01	1.850000000000e+03	7.370754411126e+02
1.377300357819e+01	2.500000000000e+03	7.370754357297e+02
1.379308724403e+01	1.850000000000e+03	7.370754306066e+02
1.381318926811e+01	2.600000000000e+03	7.370754302386e+02
1.383318781853e+01	2.000000000000e+03	7.370754278616e+02
1.385333013535e+01	2.450000000000e+03	7.370754219503e+02
1.387330126762e+01	2.450000000000e+03	7.370754152985e+02
1.389332604408e+01	2.650000000000e+03	7.370754118804e+02
1.391320228577e+01	2.000000000000e+03	7.370754118804e+02
1.393330883980e+01	1.850000000000e+03	7.370754056839e+02
1.395257616043e+01	1.900000000000e+03	7.370753989168e+02
1.397307348251e+01	2.250000000000e+03	7.370753924886e+02
1.399306082726e+01	1.950000000000e+03	7.370753919439e+02
1.401315236092e+01	8.500000000000e+02	7.370753904207e+02
1.403314781189e+01	1.750000000000e+03	7.370753843002e+02
1.405331325531e+01	2.150000000000e+03	7.370753778671e+02
1.407311797142e+01	1.350000000000e+03	7.370753720464e+02
1.409331655502e+01	1.650000000000e+03	7.370753720464e+02
1.411346173286e+01	1.850000000000e+03	7.370753685398e+02
1.413321995735e+01	2.250000000000e+03	7.370753609840e+02
1.415249705315e+01	1.900000000000e+03	7.370753552076e+02
1.417316961288e+01	2.050000000000e+03	7.370753520990e+02
1.419240713120e+01	2.000000000000e+03	7.370753520990e+02
1.421330237389e+01	1.950000000000e+03	7.370753449093e+02
1.423249292374e+01	2.200000000000e+03	7.370753379979e+02
1.425255942345e+01	2.100000000000e+03	7.370753308111e+02
1.427317094803e+01	2.200000000000e+03	7.370753304544e+02
1.429311347008e+01	2.200000000000e+03	7.370753281003e+02
1.431295275688e+01	2.150000000000e+03	7.370753219407e+02
1.433312869072e+01	2.650000000000e+03	7.370753146665e+02
1.435246014595e+01	2.100000000000e+03	7.370753097255e+02
1.437316155434e+01	1.750000000000e+03	7.370753097255e+02
1.439258790016e+01	2.050000000000e+03	7.370753047903e+02
1.441243195534e+01	1.800000000000e+03	7.370752979911e+02
1.443305921555e+01	1.950000000000e+03	7.370752912154e+02
1.445313167572e+01	1.300000000000e+03	7.370752845197e+02
1.447311615944e+01	2.000000000000e+03	7.370752777651e+02
1.449295878410e+01	2.000000000000e+03	7.370752775226e+02
1.451319384575e+01	1.050000000000e+03	7.370752739455e+02
1.453333497047e+01	1.700000000000e+03	7.370752667326e+02
1.455328059196e+01	1.400000000000e+03	7.370752594864e+02
1.457325053215e+01	1.250000000000e+03	7.370752558600e+02
1.459319400787e+01	2.050000000000e+03	7.370752558600e+02
1.461314392090e+01	2.600000000000e+03	7.370752500335e+02
1.463319563866e+01	1.750000000000e+03	7.370752433528e+02
1.465322303772e+01	2.100000000000e+03	7.370752362555e+02
1.467276096344e+01	1.650000000000e+03	7.370752311190e+02
1.469294857979e+01	1.550000000000e+03	7.370752264446e+02
1.471316242218e+01	2.050000000000e+03	7.370752240917e+02
1.473296546936e+01	1.650000000000e+03	7.370752240917e+02
1.475320720673e+01	1.350000000000e+03	7.370752171659e+02
1.477319788933e+01	1.200000000000e+03	7.370752104914e+02
1.479302382469e+01	1.650000000000e+03	7.370752040707e+02
1.481282424927e+01	1.800000000000e+03	7.370752034247e+02
1.483320403099e+01	1.400000000000e+03	7.370752007650e+02
1.485335445404e+01	1.450000000000e+03	7.370751929808e+02
1.487315130234e+01	1.500000000000e+03	7.370751867340e+02
1.489314675331e+01	1.350000000000e+03	7.370751823022e+02
1.491317057610e+01	2.100000000000e+03	7.370751807694e+02
1.493288993835e+01	1.700000000000e+03	7.370751741465e+02
1.495283699036e+01	1.550000000000e+03	7.370751685741e+02
1.497291851044e+01	1.650000000000e+03	7.370751637206e+02
1.499320721626e+01	1.650000000000e+03	7.370751615482e+02
1.501329994202e+01	1.500000000000e+03	7.370751592085e+02
1.503251051903e+01	9.500000000000e+02	7.370751521319e+02
1.505242085457e+01	1.250000000000e+03	7.370751464847e+02
1.507355117798e+01	1.550000000000e+03	7.370751404548e+02
1.509283733368e+01	1.900000000000e+03	7.370751336548e+02
1.511321210861e+01	1.650000000000e+03	7.370751311174e+02
1.513309669495e+01	1.050000000000e+03	7.370751293388e+02
1.515300107002e+01	9.500000000000e+02	7.370751235271e+02
1.517312598228e+01	1.450000000000e+03	7.370751179020e+02
1.519315290451e+01	1.800000000000e+03	7.370751125524e+02
1.521281504631e+01	1.500000000000e+03	7.370751103130e+02
1.523309874535e+01	1.050000000000e+03	7.370751075863e+02
1.525320219994e+01	1.950000000000e+03	7.370750999356e+02
1.527356052399e+01	1.250000000000e+03	7.370750932036e+02
1.529247617722e+01	1.300000000000e+03	7.370750892876e+02
1.531244564056e+01	1.650000000000e+03	7.370750892876e+02
1.533283662796e+01	1.950000000000e+03	7.370750838155e+02
1.535282015800e+01	8.500000000000e+02	7.370750763968e+02
1.537306284904e+01	1.300000000000e+03	7.370750702392e+02
1.539315319061e+01	9.000000000000e+02	7.370750680867e+02
1.541305327415e+01	9.500000000000e+02	7.370750677485e+02
1.543323636055e+01	1.000000000000e+03	7.370750608129e+02
1.545254158974e+01	1.750000000000e+03	7.370750545173e+02
1.547341656685e+01	1.050000000000e+03	7.370750483554e+02
1.549319911003e+01	1.400000000000e+03	7.370750468832e+02
1.551321387291e+01	1.250000000000e+03	7.370750447980e+02
1.553267955780e+01	1.300000000000e+03	7.370750378347e+02
1.555312943459e+01	2.000000000000e+03	7.370750302755e+02
1.557311820984e+01	1.550000000000e+03	7.370750262945e+02
1.559318327904e+01	1.100000000000e+03	7.370750262945e+02
1.561309123039e+01	1.000000000000e+03	7.370750214311e+02
1.563320565224e+01	1.550000000000e+03	7.370750148295e+02
1.565297579765e+01	1.450000000000e+03	7.370750084295e+02
1.567332696915e+01	1.000000000000e+03	7.370750020589e+02
1.569324922562e+01	1.250000000000e+03	7.370749962403e+02
1.571318578720e+01	1.400000000000e+03	7.370749962403e+02
1.573320984840e+01	9.500000000000e+02	7.370749931175e+02
1.575323510170e+01	8.500000000000e+02	7.370749872940e+02
1.577301645279e+01	7.000000000000e+02	7.370749803868e+02
1.579320764542e+01	1.150000000000e+03	7.370749763974e+02
1.581303906441e+01	1.100000000000e+03	7.370749763974e+02
1.583302116394e+01	7.500000000000e+02	7.370749703506e+02
1.585304832458e+01	1.150000000000e+03	7.370749647177e+02
1.587316942215e+01	1.300000000000e+03	7.370749605603e+02
1.589305496216e+01	9.500000000000e+02	7.370749563010e+02
1.591310095787e+01	1.050000000000e+03	7.370749491340e+02
1.593247437477e+01	8.500000000000e+02	7.370749462682e+02
1.595317125320e+01	1.250000000000e+03	7.370749454364e+02
1.597307085991e+01	1.350000000000e+03	7.370749373982e+02
1.599302291870e+01	5.500000000000e+02	7.370749314590e+02
1.601239395142e+01	1.050000000000e+03	7.370749260535e+02
1.603336310387e+01	8.000000000000e+02	7.370749254969e+02
1.605330872536e+01	7.500000000000e+02	7.370749223585e+02
1.607323122025e+01	9.500000000000e+02	7.370749161034e+02
1.609317827225e+01	7.000000000000e+02	7.370749094822e+02
1.611312508583e+01	8.500000000000e+02	7.370749054858e+02
1.613291645050e+01	1.150000000000e+03	7.370749054858e+02
1.615293049812e+01	1.350000000000e+03	7.370748992213e+02
1.617286419868e+01	9.500000000000e+02	7.370748923698e+02
1.619308948517e+01	9.000000000000e+02	7.370748865454e+02
1.621311378479e+01	7.000000000000e+02	7.370748848157e+02
1.623308277130e+01	8.000000000000e+02	7.370748811747e+02
1.625302624702e+01	7.500000000000e+02	7.370748732427e+02
1.627318429947e+01	8.000000000000e+02	7.370748678168e+02
1.629316020012e+01	8.500000000000e+02	7.370748621852e+02
1.631320238113e+01	1.000000000000e+03	7.370748551718e+02
1.633329367638e+01	1.000000000000e+03	7.370748524030e+02
1.635312104225e+01	5.500000000000e+02	7.370748517273e+02
1.637239885330e+01	5.000000000000e+02	7.370748451964e+02
1.639336967468e+01	8.000000000000e+02	7.370748377251e+02
1.641328883171e+01	8.000000000000e+02	7.370748302446e+02
1.643330574036e+01	9.000000000000e+02	7.370748302446e+02
1.645320820808e+01	6.000000000000e+02	7.370748270835e+02
1.647337484360e+01	6.500000000000e+02	7.370748200979e+02
1.649317717552e+01	8.500000000000e+02	7.370748128014e+02
1.651330542564e+01	6.500000000000e+02	7.370748083103e+02
1.653332138062e+01	5.000000000000e+02	7.370748083103e+02
1.655325388908e+01	6.000000000000e+02	7.370748032240e+02
1.657321572304e+01	7.000000000000e+02	7.370747953949e+02
1.659316587448e+01	1.200000000000e+03	7.370747885709e+02
1.661312580109e+01	5.500000000000e+02	7.370747865197e+02
1.663240623474e+01	5.000000000000e+02	7.370747854881e+02
1.665288019180e+01	9.500000000000e+02	7.370747784023e+02
1.667317867279e+01	7.500000000000e+02	7.370747717322e+02
1.669312453270e+01	7.000000000000e+02	7.370747665264e+02
1.671315598488e+01	9.000000000000e+02	7.370747665264e+02
1.673309850693e+01	7.500000000000e+02	7.370747636272e+02
1.675304365158e+01	6.500000000000e+02	7.370747563760e+02
1.677308750153e+01	7.000000000000e+02	7.370747510311e+02
1.679327654839e+01	7.000000000000e+02	7.370747458638e+02
1.681321120262e+01	4.500000000000e+02	7.370747392492e+02
1.683321046829e+01	5.000000000000e+02	7.370747348258e+02
1.685312962532e+01	6.500000000000e+02	7.370747348258e+02
1.687322592735e+01	4.000000000000e+02	7.370747292653e+02
1.689304637909e+01	7.500000000000e+02	7.370747225543e+02
1.691320800781e+01	7.000000000000e+02	7.370747149725e+02
1.693333363533e+01	5.500000000000e+02	7.370747138467e+02
1.695330405235e+01	9.000000000000e+02	7.370747125177e+02
1.697313213348e+01	1.000000000000e+03	7.370747037800e+02
1.699308562279e+01	9.500000000000e+02	7.370746981105e+02
1.701310610771e+01	8.000000000000e+02	7.370746931346e+02
1.703288626671e+01	9.000000000000e+02	7.370746931346e+02
1.705415320396e+01	6.500000000000e+02	7.370746876288e+02
1.707306432724e+01	5.000000000000e+02	7.370746821469e+02
1.709243750572e+01	6.500000000000e+02	7.370746745570e+02
1.711250472069e+01	8.000000000000e+02	7.370746725558e+02
1.713313364983e+01	4.500000000000e+02	7.370746725558e+02
1.715323734283e+01	6.500000000000e+02	7.370746655759e+02
1.717249464989e+01	5.000000000000e+02	7.370746588957e+02
1.719302034378e+01	4.500000000000e+02	7.370746522754e+02
1.721330738068e+01	5.500000000000e+02	7.370746516467e+02
1.723355531693e+01	6.500000000000e+02	7.370746495398e+02
1.725283575058e+01	4.000000000000e+02	7.370746414458e+02
1.727281498909e+01	6.500000000000e+02	7.370746351085e+02
1.729290604591e+01	4.500000000000e+02	7.370746303717e+02
1.731321430206e+01	6.000000000000e+02	7.370746303717e+02
1.733307838440e+01	4.500000000000e+02	7.370746249879e+02
1.735243582726e+01	3.500000000000e+02	7.370746180234e+02
1.737320995331e+01	7.000000000000e+02	7.370746107926e+02
1.739314389229e+01	6.000000000000e+02	7.370746041720e+02
1.741309785843e+01	3.000000000000e+02	7.370745980365e+02
1.743323874474e+01	5.000000000000e+02	7.370745980365e+02
1.745297122002e+01	9.000000000000e+02	7.370745949316e+02
1.747291874886e+01	5.000000000000e+02	7.370745880314e+02
1.749286460876e+01	4.500000000000e+02	7.370745813030e+02
1.751324248314e+01	4.500000000000e+02	7.370745767554e+02
1.753322649002e+01	5.000000000000e+02	7.370745767554e+02
1.755331158638e+01	6.500000000000e+02	7.370745712759e+02
1.757328724861e+01	6.000000000000e+02	7.370745645283e+02
1.759310793877e+01	6.500000000000e+02	7.370745579769e+02
1.761273694038e+01	3.500000000000e+02	7.370745512413e+02
1.763318324089e+01	5.000000000000e+02	7.370745452176e+02
1.765304517746e+01	6.000000000000e+02	7.370745452176e+02
1.767321085930e+01	5.000000000000e+02	7.370745416200e+02
1.769310665131e+01	9.500000000000e+02	7.370745353325e+02
1.771317911148e+01	6.000000000000e+02	7.370745280259e+02
1.773321890831e+01	6.000000000000e+02	7.370745244665e+02
1.775397753716e+01	5.500000000000e+02	7.370745244665e+02
1.777394962311e+01	7.500000000000e+02	7.370745188011e+02
1.779316926003e+01	5.500000000000e+02	7.370745133214e+02
1.781253552437e+01	6.500000000000e+02	7.370745093693e+02
1.783246302605e+01	5.000000000000e+02	7.370745055008e+02
1.785241031647e+01	6.000000000000e+02	7.370745040112e+02
1.787248444557e+01	3.000000000000e+02	7.370744997177e+02
1.789305758476e+01	8.000000000000e+02	7.370744953174e+02
1.791324377060e+01	4.000000000000e+02	7.370744877485e+02
1.793312644958e+01	6.000000000000e+02	7.370744810731e+02
1.795307731628e+01	6.000000000000e+02	7.370744750091e+02
1.797301697731e+01	7.000000000000e+02	7.370744747085e+02
1.799285244942e+01	3.500000000000e+02	7.370744698518e+02
1.801315140724e+01	5.500000000000e+02	7.370744618550e+02
1.803323912621e+01	5.500000000000e+02	7.370744565286e+02
1.805333805084e+01	4.000000000000e+02	7.370744538940e+02
1.807280230522e+01	4.500000000000e+02	7.370744538940e+02
1.809387516975e+01	2.500000000000e+02	7.370744481239e+02
1.811318016052e+01	5.500000000000e+02	7.370744415571e+02
1.813321709633e+01	3.500000000000e+02	7.370744344048e+02
1.815313172340e+01	6.500000000000e+02	7.370744323198e+02
1.817294716835e+01	5.000000000000e+02	7.370744315649e+02
1.819331574440e+01	3.500000000000e+02	7.370744238640e+02
1.821301269531e+01	5.500000000000e+02	7.370744155768e+02
1.823321533203e+01	3.500000000000e+02	7.370744106752e+02
1.825312876701e+01	7.500000000000e+02	7.370744106752e+02
1.827331948280e+01	6.500000000000e+02	7.370744059144e+02
1.829388904572e+01	3.500000000000e+02	7.370744005377e+02
1.831279897690e+01	6.500000000000e+02	7.370743938140e+02
1.833321499825e+01	2.000000000000e+02	7.370743896575e+02
1.835331296921e+01	7.500000000000e+02	7.370743896575e+02
1.837327766418e+01	5.500000000000e+02	7.370743842521e+02
1.839316248894e+01	5.500000000000e+02	7.370743763924e+02
1.841286230087e+01	3.500000000000e+02	7.370743681422e+02
1.843235898018e+01	2.000000000000e+02	7.370743622427e+02
1.845302438736e+01	4.500000000000e+02	7.370743567101e+02
1.847313880920e+01	6.500000000000e+02	7.370743567101e+02
1.849317312241e+01	3.500000000000e+02	7.370743502229e+02
1.851276206970e+01	7.000000000000e+02	7.370743440488e+02
1.853287792206e+01	3.500000000000e+02	7.370743383338e+02
1.855282497406e+01	5.000000000000e+02	7.370743352234e+02
1.857295608521e+01	6.500000000000e+02	7.370743352234e+02
1.859313011169e+01	2.500000000000e+02	7.370743296924e+02
1.861321735382e+01	5.000000000000e+02	7.370743232436e+02
1.863324952126e+01	5.000000000000e+02	7.370743168490e+02
1.865337133408e+01	5.500000000000e+02	7.370743142925e+02
1.867299580574e+01	1.500000000000e+02	7.370743107566e+02
1.869304442406e+01	4.000000000000e+02	7.370743059149e+02
1.871308374405e+01	6.000000000000e+02	7.370742995036e+02
1.873310947418e+01	4.500000000000e+02	7.370742939581e+02
1.875346636772e+01	6.000000000000e+02	7.370742939581e+02
1.877623486519e+01	4.000000000000e+02	7.370742885033e+02
1.879418778419e+01	5.500000000000e+02	7.370742838251e+02
1.881317758560e+01	5.500000000000e+02	7.370742770895e+02
1.883321738243e+01	5.000000000000e+02	7.370742693186e+02
1.885314416885e+01	5.500000000000e+02	7.370742626818e+02
1.887316346169e+01	5.500000000000e+02	7.370742626818e+02
1.889302778244e+01	2.000000000000e+02	7.370742594342e+02
1.891326832771e+01	2.500000000000e+02	7.370742508300e+02
1.893321418762e+01	3.000000000000e+02	7.370742453483e+02
1.895309090614e+01	4.000000000000e+02	7.370742409990e+02
1.897331976891e+01	4.000000000000e+02	7.370742409990e+02
1.899333310127e+01	6.500000000000e+02	7.370742353793e+02
1.901321148872e+01	5.000000000000e+02	7.370742306598e+02
1.903311443329e+01	2.500000000000e+02	7.370742299313e+02
1.905336570740e+01	6.500000000000e+02	7.370742296756e+02
1.907312965393e+01	3.000000000000e+02	7.370742300315e+02
1.909321761131e+01	4.000000000000e+02	7.370742334027e+02
1.911289310455e+01	5.500000000000e+02	7.370742373420e+02
1.913310813904e+01	4.000000000000e+02	7.370742416001e+02
1.915255928040e+01	3.500000000000e+02	7.370742416001e+02
1.917309808731e+01	6.500000000000e+02	7.370742443069e+02
1.919327449799e+01	3.500000000000e+02	7.370742497745e+02
1.921331119537e+01	5.500000000000e+02	7.370742552222e+02
1.923339343071e+01	2.000000000000e+02	7.370742582894e+02
1.925248408318e+01	6.500000000000e+02	7.370742582894e+02
1.927253413200e+01	5.500000000000e+02	7.370742639047e+02
1.929248118401e+01	8.000000000000e+02	7.370742695230e+02
1.931330132484e+01	1.500000000000e+02	7.370742754491e+02
1.933276939392e+01	7.000000000000e+02	7.370742762974e+02
1.935329508781e+01	4.000000000000e+02	7.370742782164e+02
1.937324452400e+01	4.500000000000e+02	7.370742840950e+02
1.939309716225e+01	6.500000000000e+02	7.370742903827e+02
1.941303753853e+01	4.000000000000e+02	7.370742964186e+02
1.943408250809e+01	3.500000000000e+02	7.370743015570e+02
1.945246601105e+01	2.000000000000e+02	7.370743041076e+02
1.947435331345e+01	4.000000000000e+02	7.370743041076e+02
1.949292230606e+01	4.000000000000e+02	7.370743098924e+02
1.951318311691e+01	5.000000000000e+02	7.370743161146e+02
1.953316307068e+01	4.000000000000e+02	7.370743221570e+02
1.955330920219e+01	3.500000000000e+02	7.370743227541e+02
1.957314014435e+01	8.500000000000e+02	7.370743251019e+02
1.959314298630e+01	8.000000000000e+02	7.370743309729e+02
1.961278796196e+01	4.000000000000e+02	7.370743367482e+02
1.963273406029e+01	7.500000000000e+02	7.370743414342e+02
1.965268540382e+01	6.500000000000e+02	7.370743414342e+02
1.967314314842e+01	4.500000000000e+02	7.370743458351e+02
1.969309830666e+01	1.000000000000e+02	7.370743518120e+02
1.971251630783e+01	3.500000000000e+02	7.370743578607e+02
1.973318409920e+01	4.500000000000e+02	7.370743606218e+02
1.975303840637e+01	3.500000000000e+02	7.370743609027e+02
1.977312564850e+01	5.000000000000e+02	7.370743665648e+02
1.979314827919e+01	3.000000000000e+02	7.370743726398e+02
1.981311273575e+01	3.500000000000e+02	7.370743792203e+02
1.983555793762e+01	4.500000000000e+02	7.370743798061e+02
1.985343527794e+01	6.000000000000e+02	7.370743816390e+02
1.987356567383e+01	7.500000000000e+02	7.370743874687e+02
1.989322900772e+01	3.000000000000e+02	7.370743939337e+02
1.991322040558e+01	1.500000000000e+02	7.370744006307e+02
1.993324732780e+01	7.500000000000e+02	7.370744067839e+02
1.995330166817e+01	6.500000000000e+02	7.370744115732e+02
1.997325372696e+01	4.500000000000e+02	7.370744156910e+02
1.999319481850e+01	4.500000000000e+02	7.370744181562e+02
2.001311826706e+01	3.500000000000e+02	7.370744181562e+02
2.003245282173e+01	4.000000000000e+02	7.370744223339e+02
2.005332112312e+01	3.000000000000e+02	7.370744280156e+02
2.007325220108e+01	8.500000000000e+02	7.370744343302e+02
2.009252762794e+01	6.000000000000e+02	7.370744380062e+02
2.011305499077e+01	7.000000000000e+02	7.370744380062e+02
2.013323330879e+01	5.000000000000e+02	7.370744426840e+02
2.015257835388e+01	5.500000000000e+02	7.370744482979e+02
2.017345285416e+01	4.000000000000e+02	7.370744550252e+02
2.019356465340e+01	4.000000000000e+02	7.370744570343e+02
2.021293306351e+01	8.500000000000e+02	7.370744587985e+02
2.023315834999e+01	7.000000000000e+02	7.370744647375e+02
2.025332570076e+01	4.000000000000e+02	7.370744710228e+02
2.027308011055e+01	5.500000000000e+02	7.370744766770e+02
2.029404425621e+01	5.500000000000e+02	7.370744809431e+02
2.031298875809e+01	1.000000000000e+03	7.370744847983e+02
2.033290624619e+01	5.000000000000e+02	7.370744852856e+02
2.035287976265e+01	5.500000000000e+02	7.370744901649e+02
2.037323904037e+01	5.000000000000e+02	7.370744953576e+02
2.039320397377e+01	4.000000000000e+02	7.370745011120e+02
2.041254329681e+01	7.000000000000e+02	7.370745072922e+02
2.043283033371e+01	7.500000000000e+02	7.370745129872e+02
2.045252799988e+01	8.500000000000e+02	7.370745129872e+02
2.047330737114e+01	5.500000000000e+02	7.370745169968e+02
2.049304676056e+01	3.000000000000e+02	7.370745220495e+02
2.051322102547e+01	6.500000000000e+02	7.370745220495e+02
2.053321790695e+01	6.500000000000e+02	7.370745248512e+02
2.055272793770e+01	5.500000000000e+02	7.370745309230e+02
2.057411170006e+01	8.500000000000e+02	7.370745382976e+02
2.059319949150e+01	7.000000000000e+02	7.370745404521e+02
2.061243534088e+01	4.500000000000e+02	7.370745404521e+02
2.063300132751e+01	5.000000000000e+02	7.370745467874e+02
2.065327930450e+01	5.000000000000e+02	7.370745529437e+02
2.067317056656e+01	6.000000000000e+02	7.370745588770e+02
2.069311809540e+01	5.500000000000e+02	7.370745600674e+02
2.071308851242e+01	3.000000000000e+02	7.370745613578e+02
2.073322820663e+01	5.500000000000e+02	7.370745678349e+02
2.075308442116e+01	2.500000000000e+02	7.370745738423e+02
2.077322030067e+01	9.000000000000e+02	7.370745798128e+02
2.079322814941e+01	3.000000000000e+02	7.370745859939e+02
2.081322932243e+01	4.000000000000e+02	7.370745887318e+02
2.083330774307e+01	6.000000000000e+02	7.370745890183e+02
2.085429596901e+01	9.000000000000e+02	7.370745950412e+02
2.087322783470e+01	8.500000000000e+02	7.370746007761e+02
2.089301681519e+01	7.500000000000e+02	7.370746073597e+02
2.091498804092e+01	8.000000000000e+02	7.370746145821e+02
2.093293452263e+01	7.000000000000e+02	7.370746191457e+02
2.095254993439e+01	4.000000000000e+02	7.370746191457e+02
2.097329926491e+01	5.500000000000e+02	7.370746240863e+02
2.099313855171e+01	8.000000000000e+02	7.370746288854e+02
2.101324033737e+01	6.500000000000e+02	7.370746288854e+02
2.103283739090e+01	8.500000000000e+02	7.370746336097e+02
2.105278444290e+01	5.500000000000e+02	7.370746398017e+02
2.107273030281e+01	6.500000000000e+02	7.370746466282e+02
2.109290242195e+01	4.000000000000e+02	7.370746527063e+02
2.111264538765e+01	6.000000000000e+02	7.370746582265e+02
2.113317465782e+01	4.000000000000e+02	7.370746582265e+02
2.115243101120e+01	7.500000000000e+02	7.370746612364e+02
2.117314457893e+01	7.000000000000e+02	7.370746679682e+02
2.119278430939e+01	9.500000000000e+02	7.370746746182e+02
2.121339845657e+01	4.000000000000e+02	7.370746785278e+02
2.123325157166e+01	3.500000000000e+02	7.370746785278e+02
2.125314140320e+01	6.500000000000e+02	7.370746829346e+02
2.127398276329e+01	7.000000000000e+02	7.370746891372e+02
2.129286432266e+01	6.000000000000e+02	7.370746955786e+02
2.131322646141e+01	1.500000000000e+02	7.370746982989e+02
2.133262062073e+01	6.000000000000e+02	7.370746989099e+02
2.135322570801e+01	6.500000000000e+02	7.370747051672e+02
2.137304615974e+01	6.000000000000e+02	7.370747112141e+02
2.139298605919e+01	3.500000000000e+02	7.370747173246e+02
2.141293239594e+01	8.000000000000e+02	7.370747176301e+02
2.143290662766e+01	7.500000000000e+02	7.370747196822e+02
2.145285606384e+01	4.500000000000e+02	7.370747247956e+02
2.147323608398e+01	3.000000000000e+02	7.370747301430e+02
2.149317049980e+01	4.000000000000e+02	7.370747355229e+02
2.151323437691e+01	3.500000000000e+02	7.370747427307e+02
2.153323006630e+01	3.000000000000e+02	7.370747471883e+02
2.155319213867e+01	5.000000000000e+02	7.370747471883e+02
2.157329869270e+01	9.000000000000e+02	7.370747517830e+02
2.159331750870e+01	7.000000000000e+02	7.370747566039e+02
2.161320614815e+01	5.500000000000e+02	7.370747639288e+02
2.163322877884e+01	6.000000000000e+02	7.370747674119e+02
2.165311765671e+01	7.000000000000e+02	7.370747677569e+02
2.167323708534e+01	5.500000000000e+02	7.370747748774e+02
2.169314122200e+01	8.000000000000e+02	7.370747818512e+02
2.171328926086e+01	4.000000000000e+02	7.370747885836e+02
2.173323559761e+01	7.500000000000e+02	7.370747944746e+02
2.175293040276e+01	5.500000000000e+02	7.370747965872e+02
2.177287840843e+01	4.000000000000e+02	7.370747965872e+02
2.179282498360e+01	6.000000000000e+02	7.370748035806e+02
2.181322789192e+01	7.500000000000e+02	7.370748070777e+02
2.183277201653e+01	7.000000000000e+02	7.370748070777e+02
2.185307860374e+01	7.500000000000e+02	7.370748142564e+02
2.187314248085e+01	6.000000000000e+02	7.370748209269e+02
2.189306139946e+01	6.500000000000e+02	7.370748264501e+02
2.191310596466e+01	8.500000000000e+02	7.370748272724e+02
2.193322873116e+01	7.000000000000e+02	7.370748289030e+02
2.195323228836e+01	9.500000000000e+02	7.370748357117e+02
2.197319269180e+01	9.000000000000e+02	7.370748412787e+02
2.199412536621e+01	6.000000000000e+02	7.370748465656e+02
2.201306629181e+01	1.400000000000e+03	7.370748537436e+02
2.203322529793e+01	1.000000000000e+03	7.370748577642e+02
2.205301761627e+01	8.000000000000e+02	7.370748577642e+02
2.207322978973e+01	8.000000000000e+02	7.370748637399e+02
2.209283733368e+01	6.000000000000e+02	7.370748692728e+02
2.211308693886e+01	7.500000000000e+02	7.370748739502e+02
2.213325142860e+01	9.000000000000e+02	7.370748779230e+02
2.215321683884e+01	5.000000000000e+02	7.370748801540e+02
2.217319178581e+01	1.250000000000e+03	7.370748865387e+02
2.219266271591e+01	9.000000000000e+02	7.370748926945e+02
2.221301388741e+01	7.500000000000e+02	7.370748986447e+02
2.223361706734e+01	6.500000000000e+02	7.370749035409e+02
2.225355935097e+01	1.250000000000e+03	7.370749066209e+02
2.227325177193e+01	9.500000000000e+02	7.370749075827e+02
2.229325127602e+01	7.000000000000e+02	7.370749137215e+02
2.231322360039e+01	1.500000000000e+03	7.370749196161e+02
2.233409690857e+01	8.000000000000e+02	7.370749255798e+02
2.235234451294e+01	5.500000000000e+02	7.370749258648e+02
2.237322235107e+01	1.050000000000e+03	7.370749287153e+02
2.239356327057e+01	9.000000000000e+02	7.370749346798e+02
2.241323566437e+01	9.000000000000e+02	7.370749409613e+02
2.243305468559e+01	8.000000000000e+02	7.370749451670e+02
2.245323228836e+01	6.500000000000e+02	7.370749451670e+02
2.247302722931e+01	1.200000000000e+03	7.370749500937e+02
2.249299907684e+01	9.500000000000e+02	7.370749564708e+02
2.251294350624e+01	8.500000000000e+02	7.370749622126e+02
2.253313708305e+01	1.250000000000e+03	7.370749636494e+02
2.255245804787e+01	1.050000000000e+03	7.370749648779e+02
2.257322716713e+01	8.500000000000e+02	7.370749712624e+02
2.259322643280e+01	1.000000000000e+03	7.370749761462e+02
2.261319231987e+01	1.300000000000e+03	7.370749803716e+02
2.263284587860e+01	1.550000000000e+03	7.370749855005e+02
2.265289497375e+01	9.000000000000e+02	7.370749924090e+02
2.267407584190e+01	1.450000000000e+03	7.370749927530e+02
2.269314169884e+01	1.450000000000e+03	7.370749968387e+02
2.271322870255e+01	1.000000000000e+03	7.370750016378e+02
2.273340272903e+01	6.500000000000e+02	7.370750073931e+02
2.275339889526e+01	1.250000000000e+03	7.370750118751e+02
2.277324795723e+01	8.500000000000e+02	7.370750118751e+02
2.279312467575e+01	9.500000000000e+02	7.370750173054e+02
2.281322312355e+01	1.050000000000e+03	7.370750232181e+02
2.283374571800e+01	1.200000000000e+03	7.370750289810e+02
2.285274672508e+01	8.000000000000e+02	7.370750323504e+02
2.287269639969e+01	8.000000000000e+02	7.370750323504e+02
2.289265608788e+01	1.250000000000e+03	7.370750424225e+02
2.291323566437e+01	1.050000000000e+03	7.370750477643e+02
2.293312692642e+01	1.150000000000e+03	7.370750526825e+02
2.295313286781e+01	1.500000000000e+03	7.370750534226e+02
2.297335076332e+01	1.100000000000e+03	7.370750573596e+02
2.299382519722e+01	1.150000000000e+03	7.370750618061e+02
2.301376152039e+01	1.550000000000e+03	7.370750689040e+02
2.303321123123e+01	1.000000000000e+03	7.370750734071e+02
2.305336594582e+01	1.500000000000e+03	7.370750734071e+02
2.307332801819e+01	1.250000000000e+03	7.370750788923e+02
2.309300827980e+01	1.200000000000e+03	7.370750848929e+02
2.311310052872e+01	7.000000000000e+02	7.370750910898e+02
2.313313674927e+01	7.000000000000e+02	7.370750971385e+02
2.315309190750e+01	1.350000000000e+03	7.370751030666e+02
2.317325901985e+01	8.000000000000e+02	7.370751039541e+02
2.319317913055e+01	1.250000000000e+03	7.370751070980e+02
2.321314835548e+01	1.200000000000e+03	7.370751133332e+02
2.323265504837e+01	1.450000000000e+03	7.370751203635e+02
2.325258898735e+01	1.200000000000e+03	7.370751247428e+02
2.327318859100e+01	1.350000000000e+03	7.370751247428e+02
2.329326605797e+01	1.500000000000e+03	7.370751306505e+02
2.331315302849e+01	1.250000000000e+03	7.370751377840e+02
2.333323454857e+01	1.200000000000e+03	7.370751437122e+02
2.335399699211e+01	1.300000000000e+03	7.370751495193e+02
2.337493777275e+01	1.200000000000e+03	7.370751552716e+02
2.339323496819e+01	1.050000000000e+03	7.370751555497e+02
2.341317868233e+01	1.250000000000e+03	7.370751595160e+02
2.343310952187e+01	1.550000000000e+03	7.370751661237e+02
2.345279526711e+01	1.350000000000e+03	7.370751723888e+02
2.347308969498e+01	1.350000000000e+03	7.370751756663e+02
2.349304842949e+01	1.050000000000e+03	7.370751756663e+02
2.351335644722e+01	9.000000000000e+02	7.370751819220e+02
2.353261709213e+01	1.300000000000e+03	7.370751883820e+02
2.355312919617e+01	1.650000000000e+03	7.370751955885e+02
2.357264089584e+01	1.350000000000e+03	7.370751961287e+02
2.359259247780e+01	1.500000000000e+03	7.370751980539e+02
2.361323642731e+01	1.150000000000e+03	7.370752046901e+02
2.363297438622e+01	1.800000000000e+03	7.370752106342e+02
2.365704393387e+01	1.050000000000e+03	7.370752162577e+02
2.367299866676e+01	1.400000000000e+03	7.370752162577e+02
2.369301319122e+01	1.300000000000e+03	7.370752204910e+02
2.371406149864e+01	1.750000000000e+03	7.370752274072e+02
2.373323321342e+01	1.350000000000e+03	7.370752337581e+02
2.375307941437e+01	1.950000000000e+03	7.370752363356e+02
2.377328634262e+01	1.750000000000e+03	7.370752371093e+02
2.379314637184e+01	1.800000000000e+03	7.370752441810e+02
2.381318402290e+01	1.100000000000e+03	7.370752506799e+02
2.383322358131e+01	2.000000000000e+03	7.370752567909e+02
2.385318350792e+01	1.450000000000e+03	7.370752567909e+02
2.387314438820e+01	2.200000000000e+03	7.370752593266e+02
2.389308619499e+01	1.700000000000e+03	7.370752656842e+02
2.391300010681e+01	1.400000000000e+03	7.370752724091e+02
2.393291974068e+01	1.650000000000e+03	7.370752764699e+02
2.395289301872e+01	1.600000000000e+03	7.370752764699e+02
2.397311186790e+01	2.000000000000e+03	7.370752829345e+02
2.399265432358e+01	1.850000000000e+03	7.370752890951e+02
2.401318287849e+01	1.650000000000e+03	7.370752941192e+02
2.403364348412e+01	1.600000000000e+03	7.370753005909e+02
2.405241799355e+01	1.700000000000e+03	7.370753083699e+02
2.407323861122e+01	1.100000000000e+03	7.370753129838e+02
2.409290814400e+01	1.750000000000e+03	7.370753173426e+02
2.411396336555e+01	1.450000000000e+03	7.370753177613e+02
2.413323616982e+01	2.000000000000e+03	7.370753243157e+02
2.415320038795e+01	1.750000000000e+03	7.370753282352e+02
2.417317056656e+01	1.550000000000e+03	7.370753282352e+02
2.419297480583e+01	2.000000000000e+03	7.370753301133e+02
2.421323060989e+01	2.050000000000e+03	7.370753361803e+02
2.423323416710e+01	2.300000000000e+03	7.370753426150e+02
2.425318050385e+01	1.650000000000e+03	7.370753472065e+02
2.427311873436e+01	2.300000000000e+03	7.370753472065e+02
2.429309153557e+01	1.450000000000e+03	7.370753527840e+02
2.431303620338e+01	1.850000000000e+03	7.370753569544e+02
2.433323884010e+01	2.650000000000e+03	7.370753569544e+02
2.435318493843e+01	2.250000000000e+03	7.370753638436e+02
2.437613177299e+01	1.950000000000e+03	7.370753760384e+02
2.439309644699e+01	2.700000000000e+03	7.370753760384e+02
2.441316056252e+01	2.450000000000e+03	7.370753801384e+02
2.443334054947e+01	2.450000000000e+03	7.370753844797e+02
2.445329093933e+01	2.100000000000e+03	7.370753909200e+02
2.447312903404e+01	1.700000000000e+03	7.370753949260e+02
2.449307155609e+01	2.650000000000e+03	7.370753949260e+02
2.451319003105e+01	2.350000000000e+03	7.370754011700e+02
2.453329467773e+01	2.500000000000e+03	7.370754071575e+02
2.455338716507e+01	2.000000000000e+03	7.370754121349e+02
2.457306551933e+01	2.350000000000e+03	7.370754141000e+02
2.459303212166e+01	1.250000000000e+03	7.370754159729e+02
2.461318349838e+01	2.150000000000e+03	7.370754222297e+02
2.463413548470e+01	2.000000000000e+03	7.370754294244e+02
2.465324497223e+01	2.150000000000e+03	7.370754359867e+02
2.467319154739e+01	2.500000000000e+03	7.370754418988e+02
2.469313740730e+01	2.450000000000e+03	7.370754442632e+02
2.471311831474e+01	2.100000000000e+03	7.370754463730e+02
2.473326468468e+01	2.650000000000e+03	7.370754524391e+02
2.475311374664e+01	2.800000000000e+03	7.370754584474e+02
2.477303600311e+01	2.450000000000e+03	7.370754645032e+02
2.479319834709e+01	2.300000000000e+03	7.370754653211e+02
2.481324887276e+01	2.500000000000e+03	7.370754681933e+02
2.483295917511e+01	3.150000000000e+03	7.370754751988e+02
2.485288310051e+01	3.000000000000e+03	7.370754828158e+02
2.487323331833e+01	2.700000000000e+03	7.370754870422e+02
2.489258694649e+01	2.550000000000e+03	7.370754870422e+02
2.491255497932e+01	2.700000000000e+03	7.370754926733e+02
2.493250942230e+01	2.550000000000e+03	7.370754995369e+02
2.495245122910e+01	2.200000000000e+03	7.370755060805e+02
2.497337245941e+01	2.750000000000e+03	7.370755080367e+02
2.499334239960e+01	2.900000000000e+03	7.370755094584e+02
2.501326560974e+01	2.400000000000e+03	7.370755165196e+02
2.503321242332e+01	2.900000000000e+03	7.370755237120e+02
2.505303144455e+01	2.050000000000e+03	7.370755298352e+02
2.507323908806e+01	2.800000000000e+03	7.370755298352e+02
2.509320235252e+01	2.450000000000e+03	7.370755339866e+02
2.511325216293e+01	2.500000000000e+03	7.370755404197e+02
2.513343262672e+01	2.800000000000e+03	7.370755469484e+02
2.515248990059e+01	2.700000000000e+03	7.370755524278e+02
2.517321801186e+01	2.300000000000e+03	7.370755575490e+02
2.519316768646e+01	2.900000000000e+03	7.370755609569e+02
2.521320700645e+01	2.650000000000e+03	7.370755628888e+02
2.523306798935e+01	2.900000000000e+03	7.370755674567e+02
2.525305438042e+01	3.050000000000e+03	7.370755726282e+02
2.527297925949e+01	2.350000000000e+03	7.370755810376e+02
2.529317879677e+01	2.050000000000e+03	7.370755814592e+02
2.531314086914e+01	2.000000000000e+03	7.370755826527e+02
2.533332967758e+01	2.750000000000e+03	7.370755903438e+02
2.535322260857e+01	3.000000000000e+03	7.370755979864e+02
2.537317061424e+01	1.900000000000e+03	7.370756018265e+02
2.539311742783e+01	2.900000000000e+03	7.370756018265e+02
2.541320776939e+01	1.400000000000e+03	7.370756047024e+02
2.543322014809e+01	2.350000000000e+03	7.370756125984e+02
2.545299768448e+01	2.450000000000e+03	7.370756184787e+02
2.547323822975e+01	2.950000000000e+03	7.370756218744e+02
2.549310517311e+01	2.900000000000e+03	7.370756218744e+02
2.551317024231e+01	2.200000000000e+03	7.370756279209e+02
2.553292489052e+01	3.050000000000e+03	7.370756350945e+02
2.555414509773e+01	2.800000000000e+03	7.370756421446e+02
2.557322645187e+01	1.550000000000e+03	7.370756473328e+02
2.559322023392e+01	3.250000000000e+03	7.370756519556e+02
2.561335563660e+01	2.400000000000e+03	7.370756519556e+02
2.563312864304e+01	2.650000000000e+03	7.370756560270e+02
2.565336728096e+01	9.000000000000e+02	7.370756627976e+02
2.567388248444e+01	2.150000000000e+03	7.370756688571e+02
2.569339776039e+01	2.050000000000e+03	7.370756718028e+02
2.571334362030e+01	1.950000000000e+03	7.370756721480e+02
2.573331522942e+01	2.350000000000e+03	7.370756790627e+02
2.575323700905e+01	2.600000000000e+03	7.370756854407e+02
2.577336454391e+01	2.900000000000e+03	7.370756913610e+02
2.579258823395e+01	3.100000000000e+03	7.370756922409e+02
2.581299924850e+01	2.000000000000e+03	7.370756944593e+02
2.583315610886e+01	2.450000000000e+03	7.370757011087e+02
2.585401225090e+01	3.050000000000e+03	7.370757079863e+02
2.587382364273e+01	3.100000000000e+03	7.370757142284e+02
2.589364933968e+01	2.550000000000e+03	7.370757196016e+02
2.591258597374e+01	2.200000000000e+03	7.370757228342e+02
2.593310689926e+01	1.900000000000e+03	7.370757241060e+02
2.595305323601e+01	2.400000000000e+03	7.370757304303e+02
2.597312378883e+01	2.950000000000e+03	7.370757367372e+02
2.599263811111e+01	2.700000000000e+03	7.370757428375e+02
2.601324748993e+01	2.050000000000e+03	7.370757428375e+02
2.603304219246e+01	2.800000000000e+03	7.370757458129e+02
2.605332732201e+01	2.500000000000e+03	7.370757528836e+02
2.607348060608e+01	1.800000000000e+03	7.370757598962e+02
2.609243679047e+01	2.500000000000e+03	7.370757640608e+02
2.611338210106e+01	2.400000000000e+03	7.370757640608e+02
2.613324379921e+01	2.050000000000e+03	7.370757688311e+02
2.615242147446e+01	2.100000000000e+03	7.370757748299e+02
2.617311763763e+01	2.150000000000e+03	7.370757826059e+02
2.619408106804e+01	2.250000000000e+03	7.370757840760e+02
2.621319842339e+01	1.600000000000e+03	7.370757857653e+02
2.623324632645e+01	2.100000000000e+03	7.370757922920e+02
2.625333452225e+01	1.900000000000e+03	7.370757985569e+02
2.627360582352e+01	2.650000000000e+03	7.370758038535e+02
2.629450964928e+01	2.650000000000e+03	7.370758038535e+02
2.631320571899e+01	2.300000000000e+03	7.370758038535e+02
2.633320641518e+01	2.300000000000e+03	7.370758063797e+02
2.635324478149e+01	1.500000000000e+03	7.370758194456e+02
2.637319111824e+01	2.350000000000e+03	7.370758245820e+02
2.639401388168e+01	2.450000000000e+03	7.370758245820e+02
2.641324782372e+01	7.500000000000e+02	7.370758283107e+02
2.643324708939e+01	2.100000000000e+03	7.370758337349e+02
2.645278525352e+01	1.750000000000e+03	7.370758430469e+02
2.647273254395e+01	1.750000000000e+03	7.370758485601e+02
2.649278688431e+01	2.200000000000e+03	7.370758532311e+02
2.651266837120e+01	2.100000000000e+03	7.370758549559e+02
2.653316736221e+01	1.750000000000e+03	7.370758593342e+02
2.655316448212e+01	1.600000000000e+03	7.370758649768e+02
2.657324194908e+01	1.850000000000e+03	7.370758719941e+02
2.659330224991e+01	2.300000000000e+03	7.370758758642e+02
2.661324119568e+01	1.900000000000e+03	7.370758758642e+02
2.663324117661e+01	1.650000000000e+03	7.370758786879e+02
2.665326356888e+01	1.700000000000e+03	7.370758847987e+02
2.667324709892e+01	1.200000000000e+03	7.370758921814e+02
2.669340634346e+01	2.050000000000e+03	7.370758965647e+02
2.671307826042e+01	1.550000000000e+03	7.370758965647e+02
2.673324799538e+01	1.700000000000e+03	7.370759030125e+02
2.675327897072e+01	1.900000000000e+03	7.370759100097e+02
2.677311921120e+01	2.050000000000e+03	7.370759167643e+02
2.679260206223e+01	1.000000000000e+03	7.370759172858e+02
2.681254839897e+01	1.850000000000e+03	7.370759200670e+02
2.683251810074e+01	1.400000000000e+03	7.370759262589e+02
2.685332322121e+01	1.500000000000e+03	7.370759331186e+02
2.687317228317e+01	1.550000000000e+03	7.370759387693e+02
2.689301085472e+01	1.600000000000e+03	7.370759387693e+02
2.691519999504e+01	1.300000000000e+03	7.370759449393e+02
2.693310832977e+01	1.950000000000e+03	7.370759503383e+02
2.695325255394e+01	1.450000000000e+03	7.370759572345e+02
2.697316265106e+01	1.250000000000e+03	7.370759637705e+02
2.699330520630e+01	2.000000000000e+03	7.370759701994e+02
2.701327037811e+01	1.250000000000e+03	7.370759701994e+02
2.703311896324e+01	1.100000000000e+03	7.370759733063e+02
2.705312895775e+01	1.800000000000e+03	7.370759800296e+02
2.707313060760e+01	1.050000000000e+03	7.370759868058e+02
2.709324049950e+01	1.450000000000e+03	7.370759907954e+02
2.711271286011e+01	1.550000000000e+03	7.370759907954e+02
2.713322901726e+01	1.050000000000e+03	7.370759907954e+02
2.715256905556e+01	1.200000000000e+03	7.370759949690e+02
2.717252469063e+01	1.450000000000e+03	7.370760088547e+02
2.719344568253e+01	1.300000000000e+03	7.370760167084e+02
2.721319937706e+01	1.450000000000e+03	7.370760213477e+02
2.723262214661e+01	1.350000000000e+03	7.370760213477e+02
2.725332665443e+01	1.250000000000e+03	7.370760262745e+02
2.727302789688e+01	1.450000000000e+03	7.370760327055e+02
2.729324841499e+01	1.850000000000e+03	7.370760390878e+02
2.731310081482e+01	1.300000000000e+03	7.370760415690e+02
2.733324360847e+01	1.800000000000e+03	7.370760421534e+02
2.735319542885e+01	1.400000000000e+03	7.370760485807e+02
2.737319564819e+01	1.200000000000e+03	7.370760550412e+02
2.739310169220e+01	1.500000000000e+03	7.370760614870e+02
2.741296076775e+01	1.100000000000e+03	7.370760618178e+02
2.743324398994e+01	1.500000000000e+03	7.370760646350e+02
2.745330882072e+01	1.050000000000e+03	7.370760707172e+02
2.747331285477e+01	1.350000000000e+03	7.370760757980e+02
2.749324584007e+01	1.450000000000e+03	7.370760806166e+02
2.751309132576e+01	1.100000000000e+03	7.370760862929e+02
2.753306317329e+01	1.300000000000e+03	7.370760925872e+02
2.755300712585e+01	7.000000000000e+02	7.370760925872e+02
2.757321667671e+01	1.250000000000e+03	7.370760953702e+02
2.759312987328e+01	1.150000000000e+03	7.370761011396e+02
2.761312603951e+01	1.100000000000e+03	7.370761085390e+02
2.763324785233e+01	9.000000000000e+02	7.370761138726e+02
2.765409994125e+01	6.500000000000e+02	7.370761138726e+02
2.767325353622e+01	1.600000000000e+03	7.370761190018e+02
2.769328355789e+01	1.350000000000e+03	7.370761267805e+02
2.771325278282e+01	9.500000000000e+02	7.370761345356e+02
2.773322415352e+01	8.000000000000e+02	7.370761345356e+02
2.775251674652e+01	1.050000000000e+03	7.370761345356e+02
2.777407741547e+01	5.500000000000e+02	7.370761407986e+02
2.779300117493e+01	1.350000000000e+03	7.370761464258e+02
2.781318926811e+01	1.100000000000e+03	7.370761508222e+02
2.783327746391e+01	6.000000000000e+02	7.370761559976e+02
2.785337209702e+01	8.500000000000e+02	7.370761622177e+02
2.787327837944e+01	1.350000000000e+03	7.370761646758e+02
2.789322495461e+01	7.000000000000e+02	7.370761670939e+02
2.791317129135e+01	6.500000000000e+02	7.370761740028e+02
2.793329453468e+01	7.500000000000e+02	7.370761806306e+02
2.795347523689e+01	9.500000000000e+02	7.370761858724e+02
2.797341489792e+01	1.500000000000e+03	7.370761858724e+02
2.799308967590e+01	1.150000000000e+03	7.370761907452e+02
2.801323032379e+01	1.100000000000e+03	7.370761976519e+02
2.803316760063e+01	7.000000000000e+02	7.370762044651e+02
2.805327963829e+01	1.100000000000e+03	7.370762111303e+02
2.807324194908e+01	1.100000000000e+03	7.370762166380e+02
2.809327483177e+01	5.500000000000e+02	7.370762166380e+02
2.811322999001e+01	6.000000000000e+02	7.370762205381e+02
2.813317155838e+01	6.000000000000e+02	7.370762271136e+02
2.815265536308e+01	9.000000000000e+02	7.370762340950e+02
2.817325067520e+01	8.500000000000e+02	7.370762376785e+02
2.819302749634e+01	5.500000000000e+02	7.370762376785e+02
2.821322917938e+01	9.500000000000e+02	7.370762440189e+02
2.823309922218e+01	6.500000000000e+02	7.370762505260e+02
2.825311160088e+01	9.500000000000e+02	7.370762570091e+02
2.827308058739e+01	9.500000000000e+02	7.370762573386e+02
2.829317641258e+01	1.100000000000e+03	7.370762603282e+02
2.831321644783e+01	7.000000000000e+02	7.370762670459e+02
2.833326029778e+01	7.000000000000e+02	7.370762738206e+02
2.835253620148e+01	1.050000000000e+03	7.370762781351e+02
2.837391996384e+01	4.500000000000e+02	7.370762781351e+02
2.839313673973e+01	8.000000000000e+02	7.370762815578e+02
2.841325283051e+01	6.500000000000e+02	7.370762863855e+02
2.843317008018e+01	6.000000000000e+02	7.370762921874e+02
2.845405054092e+01	7.500000000000e+02	7.370762993092e+02
2.847311043739e+01	6.500000000000e+02	7.370763058180e+02
2.849305725098e+01	1.200000000000e+03	7.370763095644e+02
2.851323127747e+01	9.000000000000e+02	7.370763095644e+02
2.853306245804e+01	6.500000000000e+02	7.370763206168e+02
2.855329728127e+01	8.500000000000e+02	7.370763254660e+02
2.857311320305e+01	6.000000000000e+02	7.370763302148e+02
2.859304690361e+01	6.000000000000e+02	7.370763304599e+02
2.861299419403e+01	9.500000000000e+02	7.370763331344e+02
2.863293457031e+01	9.500000000000e+02	7.370763407741e+02
2.865314006805e+01	1.100000000000e+03	7.370763465338e+02
2.867326712608e+01	9.000000000000e+02	7.370763510605e+02
2.869325399399e+01	5.000000000000e+02	7.370763510605e+02
2.871400570869e+01	5.000000000000e+02	7.370763566248e+02
2.873297142982e+01	5.500000000000e+02	7.370763629881e+02
2.875343680382e+01	8.500000000000e+02	7.370763703145e+02
2.877406668663e+01	8.500000000000e+02	7.370763713426e+02
2.879311800003e+01	4.500000000000e+02	7.370763720169e+02
2.881320977211e+01	6.000000000000e+02	7.370763786707e+02
2.883269834518e+01	5.500000000000e+02	7.370763851729e+02
2.885300898552e+01	4.500000000000e+02	7.370763913137e+02
2.887392139435e+01	7.000000000000e+02	7.370763913137e+02
2.889386343956e+01	7.000000000000e+02	7.370763939910e+02
2.891312599182e+01	6.500000000000e+02	7.370764023191e+02
2.893297123909e+01	6.000000000000e+02	7.370764082463e+02
2.895300030708e+01	9.000000000000e+02	7.370764115468e+02
2.897296619415e+01	7.500000000000e+02	7.370764115468e+02
2.899289083481e+01	9.500000000000e+02	7.370764173965e+02
2.901325678825e+01	6.000000000000e+02	7.370764244519e+02
2.903312921524e+01	1.050000000000e+03	7.370764313746e+02
2.905313634872e+01	6.000000000000e+02	7.370764370873e+02
2.907319903374e+01	7.500000000000e+02	7.370764418207e+02
2.909310913086e+01	4.500000000000e+02	7.370764418207e+02
2.911326503754e+01	5.000000000000e+02	7.370764466663e+02
2.913280844688e+01	7.500000000000e+02	7.370764531713e+02
2.915330314636e+01	9.000000000000e+02	7.370764594849e+02
2.917413759232e+01	3.500000000000e+02	7.370764624569e+02
2.919321703911e+01	5.500000000000e+02	7.370764634244e+02
2.921274733543e+01	6.000000000000e+02	7.370764694060e+02
2.923310899734e+01	4.500000000000e+02	7.370764760298e+02
2.925334000587e+01	6.500000000000e+02	7.370764829311e+02
2.927350163460e+01	4.000000000000e+02	7.370764829311e+02
2.929320192337e+01	6.500000000000e+02	7.370764855418e+02
2.931331634521e+01	6.500000000000e+02	7.370764933462e+02
2.933363795280e+01	5.000000000000e+02	7.370764978474e+02
2.935249018669e+01	7.500000000000e+02	7.370765018610e+02
2.937323188782e+01	5.000000000000e+02	7.370765075460e+02
2.939401531219e+01	4.000000000000e+02	7.370765141551e+02
2.941388988495e+01	5.000000000000e+02	7.370765189836e+02
2.943460488319e+01	5.000000000000e+02	7.370765238402e+02
2.945312786102e+01	3.500000000000e+02	7.370765281624e+02
2.947377395630e+01	7.000000000000e+02	7.370765329662e+02
2.949303674698e+01	7.000000000000e+02	7.370765357570e+02
2.951322102547e+01	6.000000000000e+02	7.370765383906e+02
2.953307843208e+01	1.050000000000e+03	7.370765435358e+02
2.955343031883e+01	5.000000000000e+02	7.370765512389e+02
2.957325601578e+01	4.000000000000e+02	7.370765600029e+02
2.959404420853e+01	5.000000000000e+02	7.370765651068e+02
2.961325573921e+01	4.500000000000e+02	7.370765688617e+02
2.963318133354e+01	4.500000000000e+02	7.370765688617e+02
2.965327668190e+01	5.000000000000e+02	7.370765763823e+02
2.967284011841e+01	6.500000000000e+02	7.370765794176e+02
2.969278740883e+01	5.000000000000e+02	7.370765796967e+02
2.971313691139e+01	4.000000000000e+02	7.370765854392e+02
2.973313379288e+01	4.000000000000e+02	7.370765912587e+02
2.975326013565e+01	4.000000000000e+02	7.370766004230e+02
2.977325367928e+01	3.000000000000e+02	7.370766056421e+02
2.979404020309e+01	2.500000000000e+02	7.370766107042e+02
2.981251263618e+01	3.500000000000e+02	7.370766116672e+02
2.983315134048e+01	4.000000000000e+02	7.370766149253e+02
2.985330510139e+01	2.000000000000e+02	7.370766217965e+02
2.987331342697e+01	4.500000000000e+02	7.370766277337e+02
2.989304924011e+01	7.000000000000e+02	7.370766329113e+02
2.991325688362e+01	7.000000000000e+02	7.370766329113e+02
2.993298196793e+01	6.000000000000e+02	7.370766376287e+02
2.995328879356e+01	7.500000000000e+02	7.370766444516e+02
2.997377848625e+01	5.000000000000e+02	7.370766504454e+02
2.999300098419e+01	4.500000000000e+02	7.370766564075e+02
3.001334023476e+01	3.000000000000e+02	7.370766634551e+02
3.003335833549e+01	1.000000000000e+02	7.370766651832e+02
3.005327343941e+01	4.000000000000e+02	7.370766676732e+02
3.007321715355e+01	4.000000000000e+02	7.370766760001e+02
3.009318518639e+01	4.000000000000e+02	7.370766760001e+02
3.011322522163e+01	4.500000000000e+02	7.370766785287e+02
3.013412404060e+01	3.500000000000e+02	7.370766850593e+02
3.015407061577e+01	5.000000000000e+02	7.370766944279e+02
3.017304325104e+01	3.500000000000e+02	7.370767009113e+02
3.019403505325e+01	4.000000000000e+02	7.370767061961e+02
3.021323251724e+01	5.500000000000e+02	7.370767080887e+02
3.023329830170e+01	6.000000000000e+02	7.370767098880e+02
3.025339841843e+01	4.500000000000e+02	7.370767186291e+02
3.027322006226e+01	3.000000000000e+02	7.370767246189e+02
3.029310178757e+01	5.000000000000e+02	7.370767298906e+02
3.031327128410e+01	2.500000000000e+02	7.370767298906e+02
3.033408713341e+01	4.500000000000e+02	7.370767344650e+02
3.035338902473e+01	3.000000000000e+02	7.370767411691e+02
3.037251067162e+01	4.000000000000e+02	7.370767458577e+02
3.039271330833e+01	4.000000000000e+02	7.370767508113e+02
3.041266083717e+01	2.500000000000e+02	7.370767520353e+02
3.043260669708e+01	3.500000000000e+02	7.370767580842e+02
3.045240998268e+01	3.500000000000e+02	7.370767647513e+02
3.047333765030e+01	3.000000000000e+02	7.370767718053e+02
3.049292731285e+01	2.500000000000e+02	7.370767786090e+02
3.051320743561e+01	2.000000000000e+02	7.370767843999e+02
3.053342342377e+01	5.000000000000e+02	7.370767843999e+02
3.055300474167e+01	1.500000000000e+02	7.370767888048e+02
3.057326531410e+01	2.500000000000e+02	7.370767962070e+02
3.059322094917e+01	4.000000000000e+02	7.370768032069e+02
3.061325907707e+01	2.000000000000e+02	7.370768059370e+02
3.063309478760e+01	6.500000000000e+02	7.370768062843e+02
3.065336489677e+01	1.500000000000e+02	7.370768133525e+02
3.067331409454e+01	1.500000000000e+02	7.370768199283e+02
3.069312405586e+01	3.500000000000e+02	7.370768261634e+02
3.071320867538e+01	4.000000000000e+02	7.370768264779e+02
3.073266553879e+01	1.500000000000e+02	7.370768289478e+02
3.075350236893e+01	2.000000000000e+02	7.370768374549e+02
3.077247929573e+01	2.500000000000e+02	7.370768433529e+02
3.079326105118e+01	3.000000000000e+02	7.370768471123e+02
3.081326532364e+01	2.500000000000e+02	7.370768471123e+02
3.083307981491e+01	3.500000000000e+02	7.370768527986e+02
3.085332870483e+01	2.500000000000e+02	7.370768597720e+02
3.087317776680e+01	2.500000000000e+02	7.370768661626e+02
3.089405441284e+01	1.500000000000e+02	7.370768681002e+02
3.091285037994e+01	4.500000000000e+02	7.370768693989e+02
3.093320417404e+01	4.000000000000e+02	7.370768758475e+02
3.095310711861e+01	3.000000000000e+02	7.370768824040e+02
3.097317695618e+01	4.000000000000e+02	7.370768881578e+02
3.099330163002e+01	2.500000000000e+02	7.370768881578e+02
3.101344299316e+01	3.000000000000e+02	7.370768920730e+02
3.103238201141e+01	2.500000000000e+02	7.370768980938e+02
3.105300760269e+01	2.000000000000e+02	7.370769026314e+02
3.107391715050e+01	2.000000000000e+02	7.370769072315e+02
3.109321022034e+01	3.000000000000e+02	7.370769130893e+02
3.111331915855e+01	4.000000000000e+02	7.370769194896e+02
3.113326549530e+01	4.500000000000e+02	7.370769257896e+02
3.115321254730e+01	3.000000000000e+02	7.370769276815e+02
3.117321085930e+01	2.000000000000e+02	7.370769286952e+02
3.119311475754e+01	1.500000000000e+02	7.370769346683e+02
3.121266436577e+01	2.000000000000e+02	7.370769381183e+02
3.123317480087e+01	4.500000000000e+02	7.370769390567e+02
3.125409579277e+01	4.500000000000e+02	7.370769451253e+02
3.127407026291e+01	6.000000000000e+02	7.370769514694e+02
3.129301190376e+01	3.500000000000e+02	7.370769575638e+02
3.131326794624e+01	2.000000000000e+02	7.370769575638e+02
3.133323955536e+01	1.500000000000e+02	7.370769612439e+02
3.135365247726e+01	1.500000000000e+02	7.370769666150e+02
3.137294316292e+01	3.000000000000e+02	7.370769717765e+02
3.139313554764e+01	2.500000000000e+02	7.370769753301e+02
3.141325449944e+01	2.000000000000e+02	7.370769753301e+02
3.143270969391e+01	4.000000000000e+02	7.370769772463e+02
3.145242118835e+01	3.500000000000e+02	7.370769795168e+02
3.147271490097e+01	3.500000000000e+02	7.370769810480e+02
3.149269080162e+01	3.500000000000e+02	7.370769819145e+02
3.151263999939e+01	4.500000000000e+02	7.370769826294e+02
3.153321266174e+01	4.500000000000e+02	7.370769826294e+02
3.155335807800e+01	3.500000000000e+02	7.370769829134e+02
3.157322168350e+01	2.500000000000e+02	7.370769833599e+02
3.159313941002e+01	3.000000000000e+02	7.370769839678e+02
3.161325931549e+01	4.500000000000e+02	7.370769842116e+02
3.163414144516e+01	3.500000000000e+02	7.370769842116e+02
3.165249800682e+01	4.000000000000e+02	7.370769846781e+02
3.167317962646e+01	2.000000000000e+02	7.370769851596e+02
3.169404339790e+01	5.500000000000e+02	7.370769856000e+02
3.171265387535e+01	4.500000000000e+02	7.370769857052e+02
3.173335528374e+01	4.000000000000e+02	7.370769859158e+02
3.175258255005e+01	3.500000000000e+02	7.370769863681e+02
3.177328753471e+01	1.000000000000e+02	7.370769868836e+02
3.179327130318e+01	3.000000000000e+02	7.370769874220e+02
3.181325173378e+01	4.500000000000e+02	7.370769880236e+02
3.183320164680e+01	6.500000000000e+02	7.370769881750e+02
3.185275173187e+01	4.000000000000e+02	7.370769881423e+02
3.187285065651e+01	2.500000000000e+02	7.370769880104e+02
3.189329195023e+01	1.000000000000e+02	7.370769885409e+02
3.191328239441e+01	2.500000000000e+02	7.370769890514e+02
3.193314623833e+01	4.000000000000e+02	7.370769890514e+02
3.195274043083e+01	1.000000000000e+02	7.370769891882e+02
3.197289252281e+01	5.000000000000e+02	7.370769894224e+02
3.199264216423e+01	3.000000000000e+02	7.370769896457e+02
3.201326680183e+01	2.500000000000e+02	7.370769897377e+02
3.203361153603e+01	2.000000000000e+02	7.370769897377e+02
3.205333375931e+01	1.000000000000e+02	7.370769899055e+02
3.207522249222e+01	4.000000000000e+02	7.370769901549e+02
3.209324145317e+01	2.000000000000e+02	7.370769904229e+02
3.211316394806e+01	5.000000000000e+02	7.370769905879e+02
3.213334560394e+01	4.500000000000e+02	7.370769905879e+02
3.215326333046e+01	3.000000000000e+02	7.370769906165e+02
3.217335700989e+01	2.000000000000e+02	7.370769907220e+02
3.219290947914e+01	2.500000000000e+02	7.370769914262e+02
3.221282720566e+01	3.000000000000e+02	7.370769914970e+02
3.223268938065e+01	4.000000000000e+02	7.370769915621e+02
3.225282144547e+01	2.500000000000e+02	7.370769916825e+02
