#Saved Data from the class wavemeter_logger_logic on 22.11.2022 at 14h18m35s.
#
#Parameters:
#===========
#
#Start Time (s): 22.11.2022 14h:18min:00s
#Stop Time (s): 22.11.2022 14h:18min:35s
#
#Data:
#=====
#Measurement Time (s)	Signal (counts/s)	Interpolated Wavelength (nm)
9.860992431641e-04	1.750000000000e+03	7.370755673977e+02
2.032113075256e-02	1.100000000000e+03	7.370755673977e+02
4.080009460449e-02	1.200000000000e+03	7.370755673977e+02
6.132936477661e-02	1.150000000000e+03	7.370755673977e+02
8.079409599304e-02	9.500000000000e+02	7.370755673977e+02
1.008234024048e-01	1.100000000000e+03	7.370755673907e+02
1.258921623230e-01	1.550000000000e+03	7.370755673322e+02
2.164549827576e-01	1.300000000000e+03	7.370755671888e+02
3.544006347656e-01	1.700000000000e+03	7.370755671730e+02
4.101655483246e-01	1.500000000000e+03	7.370755671666e+02
4.111905097961e-01	1.450000000000e+03	7.370755671628e+02
4.111905097961e-01	1.600000000000e+03	7.370755671628e+02
4.121608734131e-01	1.000000000000e+03	7.370755671592e+02
4.121608734131e-01	1.000000000000e+03	7.370755671592e+02
4.121608734131e-01	1.550000000000e+03	7.370755671592e+02
4.131796360016e-01	1.350000000000e+03	7.370755671554e+02
4.131796360016e-01	1.050000000000e+03	7.370755671554e+02
4.131796360016e-01	1.200000000000e+03	7.370755671554e+02
4.131796360016e-01	9.000000000000e+02	7.370755671554e+02
4.131796360016e-01	1.300000000000e+03	7.370755671554e+02
4.131796360016e-01	1.850000000000e+03	7.370755671554e+02
4.209644794464e-01	1.400000000000e+03	7.370755671264e+02
4.408814907074e-01	1.650000000000e+03	7.370755670521e+02
4.608266353607e-01	6.500000000000e+02	7.370755669825e+02
4.807736873627e-01	1.400000000000e+03	7.370755669239e+02
5.007517337799e-01	1.150000000000e+03	7.370755669475e+02
5.207180976868e-01	1.400000000000e+03	7.370755669581e+02
5.404095649719e-01	1.100000000000e+03	7.370755669581e+02
5.603773593903e-01	1.550000000000e+03	7.370755670486e+02
5.802962779999e-01	1.400000000000e+03	7.370755670846e+02
6.002643108368e-01	1.650000000000e+03	7.370755670802e+02
6.201896667480e-01	1.150000000000e+03	7.370755670658e+02
6.406900882721e-01	1.550000000000e+03	7.370755676215e+02
6.607434749603e-01	1.200000000000e+03	7.370755701048e+02
6.807229518890e-01	1.150000000000e+03	7.370755742603e+02
7.006692886353e-01	1.250000000000e+03	7.370755797759e+02
7.205927371979e-01	9.000000000000e+02	7.370755852463e+02
7.405588626862e-01	1.200000000000e+03	7.370755874371e+02
7.603414058685e-01	7.500000000000e+02	7.370755879954e+02
7.804729938507e-01	7.000000000000e+02	7.370755964693e+02
8.009319305420e-01	8.000000000000e+02	7.370755968903e+02
8.207952976227e-01	1.050000000000e+03	7.370755996349e+02
8.405249118805e-01	9.500000000000e+02	7.370756045929e+02
8.607673645020e-01	5.500000000000e+02	7.370756106450e+02
8.803205490112e-01	7.000000000000e+02	7.370756166907e+02
9.004456996918e-01	7.500000000000e+02	7.370756166907e+02
9.206888675690e-01	9.500000000000e+02	7.370756213893e+02
9.406356811523e-01	1.050000000000e+03	7.370756278220e+02
9.606084823608e-01	8.500000000000e+02	7.370756334184e+02
9.805293083191e-01	1.250000000000e+03	7.370756359330e+02
1.000475883484e+00	1.200000000000e+03	7.370756359330e+02
1.020422220230e+00	1.300000000000e+03	7.370756411785e+02
1.040369510651e+00	1.200000000000e+03	7.370756480611e+02
1.060316324234e+00	5.500000000000e+02	7.370756559200e+02
1.080262899399e+00	9.000000000000e+02	7.370756559200e+02
1.100208759308e+00	3.000000000000e+02	7.370756580589e+02
1.120764255524e+00	4.500000000000e+02	7.370756629571e+02
1.141059875488e+00	5.000000000000e+02	7.370756688311e+02
1.160674333572e+00	5.000000000000e+02	7.370756757708e+02
1.181507587433e+00	5.000000000000e+02	7.370756828306e+02
1.200448751450e+00	5.000000000000e+02	7.370756862018e+02
1.220311641693e+00	4.000000000000e+02	7.370756862018e+02
1.240803241730e+00	4.500000000000e+02	7.370756917979e+02
1.260798454285e+00	1.200000000000e+03	7.370756985925e+02
1.280340671539e+00	7.000000000000e+02	7.370757055373e+02
1.301270246506e+00	8.000000000000e+02	7.370757055373e+02
1.320756196976e+00	2.000000000000e+02	7.370757073639e+02
1.340028524399e+00	7.500000000000e+02	7.370757140169e+02
1.360290050507e+00	3.500000000000e+02	7.370757204781e+02
1.381367206573e+00	3.500000000000e+02	7.370757270189e+02
1.400307178497e+00	4.000000000000e+02	7.370757328987e+02
1.420252799988e+00	5.000000000000e+02	7.370757350582e+02
1.440021991730e+00	6.000000000000e+02	7.370757354117e+02
1.460808277130e+00	7.500000000000e+02	7.370757427792e+02
1.481538057327e+00	7.000000000000e+02	7.370757490687e+02
1.501017808914e+00	5.000000000000e+02	7.370757539029e+02
1.520144701004e+00	4.500000000000e+02	7.370757539029e+02
1.540165662766e+00	4.000000000000e+02	7.370757574988e+02
1.560154438019e+00	5.500000000000e+02	7.370757641065e+02
1.580435037613e+00	5.000000000000e+02	7.370757697399e+02
1.600766420364e+00	4.500000000000e+02	7.370757725033e+02
1.620613813400e+00	4.500000000000e+02	7.370757725033e+02
1.640989542007e+00	4.000000000000e+02	7.370757742268e+02
1.660670757294e+00	5.000000000000e+01	7.370757810295e+02
1.680667638779e+00	1.000000000000e+02	7.370757892591e+02
1.700804471970e+00	5.000000000000e+02	7.370757946484e+02
1.720751047134e+00	4.000000000000e+02	7.370757985304e+02
1.740714550018e+00	2.500000000000e+02	7.370758010547e+02
1.761213541031e+00	3.500000000000e+02	7.370758010547e+02
1.780720710754e+00	2.500000000000e+02	7.370758102811e+02
1.800898313522e+00	3.000000000000e+02	7.370758108846e+02
1.819900751114e+00	4.000000000000e+02	7.370758132833e+02
1.840149164200e+00	1.000000000000e+02	7.370758184120e+02
1.861540317535e+00	3.500000000000e+02	7.370758245314e+02
1.880939483643e+00	5.000000000000e+01	7.370758298500e+02
1.900809764862e+00	3.000000000000e+02	7.370758298500e+02
1.920734405518e+00	0.000000000000e+00	7.370758352139e+02
1.940671443939e+00	4.000000000000e+02	7.370758414842e+02
1.960787057877e+00	1.000000000000e+02	7.370758460681e+02
1.980076551437e+00	1.500000000000e+02	7.370758509373e+02
2.000957489014e+00	3.500000000000e+02	7.370758578145e+02
2.020940542221e+00	2.500000000000e+02	7.370758597963e+02
2.040791511536e+00	3.500000000000e+02	7.370758620185e+02
2.060732841492e+00	1.500000000000e+02	7.370758701128e+02
2.080281019211e+00	2.000000000000e+02	7.370758755835e+02
2.100146055222e+00	5.000000000000e+01	7.370758800191e+02
2.120094060898e+00	3.500000000000e+02	7.370758800191e+02
2.140911102295e+00	3.000000000000e+02	7.370758841102e+02
2.160301923752e+00	2.000000000000e+02	7.370758903225e+02
2.180166006088e+00	2.500000000000e+02	7.370758975574e+02
2.200805664062e+00	3.000000000000e+02	7.370758997174e+02
2.220419168472e+00	3.000000000000e+02	7.370759000673e+02
2.240809440613e+00	2.500000000000e+02	7.370759070772e+02
2.260871887207e+00	1.500000000000e+02	7.370759129451e+02
2.282102108002e+00	2.000000000000e+02	7.370759182669e+02
2.300678014755e+00	4.000000000000e+02	7.370759195207e+02
2.320793628693e+00	5.000000000000e+01	7.370759223064e+02
2.340806484222e+00	2.500000000000e+02	7.370759288284e+02
2.360403776169e+00	1.000000000000e+02	7.370759354401e+02
2.380523443222e+00	4.000000000000e+02	7.370759420001e+02
2.400746345520e+00	2.000000000000e+02	7.370759480110e+02
2.421534299850e+00	2.000000000000e+02	7.370759496207e+02
2.440821409225e+00	1.000000000000e+02	7.370759505866e+02
2.460022211075e+00	2.000000000000e+02	7.370759571038e+02
2.480345726013e+00	5.000000000000e+01	7.370759637371e+02
2.500347375870e+00	3.000000000000e+02	7.370759697804e+02
2.520808696747e+00	5.000000000000e+01	7.370759697804e+02
2.540810823441e+00	1.000000000000e+02	7.370759731741e+02
2.560842037201e+00	5.000000000000e+01	7.370759792598e+02
2.580307006836e+00	1.500000000000e+02	7.370759854994e+02
2.600805759430e+00	2.000000000000e+02	7.370759893577e+02
2.620459556580e+00	1.500000000000e+02	7.370759893577e+02
2.640789270401e+00	1.000000000000e+02	7.370759950863e+02
2.660814523697e+00	2.000000000000e+02	7.370760014559e+02
2.680383920670e+00	2.000000000000e+02	7.370760075064e+02
2.701555728912e+00	1.500000000000e+02	7.370760093568e+02
2.720554351807e+00	0.000000000000e+00	7.370760109978e+02
2.740801095963e+00	1.000000000000e+02	7.370760171489e+02
2.760874748230e+00	2.500000000000e+02	7.370760235266e+02
2.780680894852e+00	2.500000000000e+02	7.370760298927e+02
2.800756931305e+00	1.000000000000e+02	7.370760356421e+02
2.820265769958e+00	3.000000000000e+02	7.370760395092e+02
2.840205192566e+00	1.000000000000e+02	7.370760395092e+02
2.860152959824e+00	1.500000000000e+02	7.370760426519e+02
2.881250381470e+00	0.000000000000e+00	7.370760481918e+02
2.900216341019e+00	1.000000000000e+02	7.370760553986e+02
2.920855760574e+00	1.000000000000e+02	7.370760595933e+02
2.940810680389e+00	1.000000000000e+02	7.370760608838e+02
2.960774183273e+00	1.000000000000e+02	7.370760657799e+02
2.980873346329e+00	2.000000000000e+02	7.370760708947e+02
3.000833988190e+00	1.500000000000e+02	7.370760770267e+02
3.020922660828e+00	1.500000000000e+02	7.370760834302e+02
3.040660858154e+00	2.500000000000e+02	7.370760899963e+02
3.060801744461e+00	1.000000000000e+02	7.370760899963e+02
3.080730438232e+00	1.500000000000e+02	7.370760950449e+02
3.100453376770e+00	5.000000000000e+01	7.370761022409e+02
3.121823787689e+00	1.000000000000e+02	7.370761073813e+02
3.140804529190e+00	5.000000000000e+01	7.370761103793e+02
3.160795927048e+00	1.000000000000e+02	7.370761103793e+02
3.180279970169e+00	1.000000000000e+02	7.370761150338e+02
3.200272798538e+00	1.000000000000e+02	7.370761217731e+02
3.220219135284e+00	2.000000000000e+02	7.370761299816e+02
3.240727663040e+00	5.000000000000e+01	7.370761299816e+02
3.260811090469e+00	5.000000000000e+01	7.370761317969e+02
3.280205488205e+00	0.000000000000e+00	7.370761401515e+02
3.301549434662e+00	2.500000000000e+02	7.370761475987e+02
3.320710420609e+00	1.000000000000e+02	7.370761506282e+02
3.340801715851e+00	1.500000000000e+02	7.370761506282e+02
3.360709667206e+00	1.500000000000e+02	7.370761547007e+02
3.380289793015e+00	5.000000000000e+01	7.370761609861e+02
3.400405406952e+00	1.500000000000e+02	7.370761674191e+02
3.421341896057e+00	0.000000000000e+00	7.370761707273e+02
3.440721511841e+00	5.000000000000e+01	7.370761707273e+02
3.460348844528e+00	0.000000000000e+00	7.370761767747e+02
3.480221033096e+00	1.500000000000e+02	7.370761830883e+02
3.500620841980e+00	2.000000000000e+02	7.370761898628e+02
3.520700454712e+00	5.000000000000e+01	7.370761906215e+02
3.540151834488e+00	1.000000000000e+02	7.370761931112e+02
3.560591220856e+00	0.000000000000e+00	7.370762003772e+02
3.580354928970e+00	5.000000000000e+01	7.370762058941e+02
3.601386785507e+00	1.000000000000e+02	7.370762119854e+02
3.620776176453e+00	5.000000000000e+01	7.370762182510e+02
3.640322685242e+00	1.000000000000e+02	7.370762200539e+02
3.660123586655e+00	0.000000000000e+00	7.370762217225e+02
3.680129051208e+00	1.000000000000e+02	7.370762283807e+02
3.701244354248e+00	5.000000000000e+01	7.370762356174e+02
3.720809221268e+00	1.000000000000e+02	7.370762408149e+02
3.740806818008e+00	1.500000000000e+02	7.370762408149e+02
3.761922836304e+00	1.500000000000e+02	7.370762453927e+02
3.780672788620e+00	0.000000000000e+00	7.370762514892e+02
3.800814390182e+00	5.000000000000e+01	7.370762573106e+02
3.820811510086e+00	5.000000000000e+01	7.370762600968e+02
3.840321779251e+00	1.000000000000e+02	7.370762600968e+02
3.861341714859e+00	0.000000000000e+00	7.370762626108e+02
3.880330324173e+00	0.000000000000e+00	7.370762649967e+02
3.900428056717e+00	5.000000000000e+01	7.370762617888e+02
3.920285940170e+00	0.000000000000e+00	7.370762578624e+02
3.940237760544e+00	5.000000000000e+01	7.370762543565e+02
3.960353136063e+00	5.000000000000e+01	7.370762543565e+02
3.980031490326e+00	5.000000000000e+01	7.370762538139e+02
4.000818490982e+00	5.000000000000e+01	7.370762481579e+02
4.020824193954e+00	0.000000000000e+00	7.370762424169e+02
4.040505409241e+00	1.500000000000e+02	7.370762365726e+02
4.060822725296e+00	1.500000000000e+02	7.370762365726e+02
4.080328941345e+00	0.000000000000e+00	7.370762340477e+02
4.100689649582e+00	0.000000000000e+00	7.370762286412e+02
4.120312929153e+00	2.500000000000e+02	7.370762291107e+02
4.140817165375e+00	5.000000000000e+01	7.370762311246e+02
4.161238908768e+00	2.000000000000e+02	7.370762352753e+02
4.180343151093e+00	5.000000000000e+01	7.370762362836e+02
4.200675964355e+00	1.500000000000e+02	7.370762377705e+02
4.220948696136e+00	2.000000000000e+02	7.370762428345e+02
4.240493774414e+00	1.000000000000e+02	7.370762483987e+02
4.260480880737e+00	0.000000000000e+00	7.370762535699e+02
4.280454874039e+00	5.000000000000e+01	7.370762535699e+02
4.300396919250e+00	5.000000000000e+01	7.370762584202e+02
4.320703029633e+00	1.500000000000e+02	7.370762638381e+02
4.340728759766e+00	1.500000000000e+02	7.370762705921e+02
4.360879421234e+00	5.000000000000e+01	7.370762730475e+02
4.379963636398e+00	5.000000000000e+01	7.370762736920e+02
4.400774955750e+00	5.000000000000e+01	7.370762804178e+02
4.420699596405e+00	5.000000000000e+01	7.370762866876e+02
4.440466880798e+00	1.500000000000e+02	7.370762927812e+02
4.460949182510e+00	1.500000000000e+02	7.370762930980e+02
4.480385541916e+00	1.000000000000e+02	7.370762959692e+02
4.500502586365e+00	0.000000000000e+00	7.370763023143e+02
4.520799875259e+00	1.000000000000e+02	7.370763068462e+02
4.540799140930e+00	0.000000000000e+00	7.370763092713e+02
4.560596227646e+00	1.500000000000e+02	7.370763092713e+02
4.580196142197e+00	5.000000000000e+01	7.370763078687e+02
4.600348234177e+00	5.000000000000e+01	7.370763051961e+02
4.619984865189e+00	1.000000000000e+02	7.370763010649e+02
4.640928983688e+00	0.000000000000e+00	7.370763002254e+02
4.660877227783e+00	0.000000000000e+00	7.370762984763e+02
4.680279016495e+00	5.000000000000e+01	7.370762928051e+02
4.701547861099e+00	1.500000000000e+02	7.370762872576e+02
4.720787525177e+00	5.000000000000e+01	7.370762831268e+02
4.740793704987e+00	1.000000000000e+02	7.370762831268e+02
4.760668516159e+00	1.000000000000e+02	7.370762806840e+02
4.780915737152e+00	5.000000000000e+01	7.370762739030e+02
4.800845623016e+00	0.000000000000e+00	7.370762676210e+02
4.820706367493e+00	5.000000000000e+01	7.370762618609e+02
4.840814352036e+00	2.000000000000e+02	7.370762567132e+02
4.860811948776e+00	1.500000000000e+02	7.370762550774e+02
4.880893230438e+00	1.000000000000e+02	7.370762534605e+02
4.900732040405e+00	0.000000000000e+00	7.370762481198e+02
4.921697854996e+00	5.000000000000e+01	7.370762414993e+02
4.940669059753e+00	1.000000000000e+02	7.370762357937e+02
4.960913181305e+00	1.500000000000e+02	7.370762357937e+02
4.980411291122e+00	0.000000000000e+00	7.370762333439e+02
5.000381946564e+00	1.000000000000e+02	7.370762284498e+02
5.020328760147e+00	1.500000000000e+02	7.370762215347e+02
5.040814638138e+00	3.500000000000e+02	7.370762172494e+02
5.060815572739e+00	5.000000000000e+01	7.370762172494e+02
5.080942630768e+00	2.000000000000e+02	7.370762121952e+02
5.100731611252e+00	2.500000000000e+02	7.370762066018e+02
5.121364355087e+00	1.000000000000e+02	7.370762015756e+02
5.140753269196e+00	5.000000000000e+01	7.370761958727e+02
5.160559892654e+00	5.000000000000e+01	7.370761888881e+02
5.180449962616e+00	1.000000000000e+02	7.370761888881e+02
5.200822353363e+00	1.000000000000e+02	7.370761859340e+02
5.220813274384e+00	2.000000000000e+02	7.370761803056e+02
5.240531206131e+00	1.000000000000e+02	7.370761727899e+02
5.260814189911e+00	1.000000000000e+02	7.370761701607e+02
5.280837297440e+00	0.000000000000e+00	7.370761695141e+02
5.300827503204e+00	3.000000000000e+02	7.370761638078e+02
5.320806503296e+00	2.000000000000e+02	7.370761576335e+02
5.340263605118e+00	1.500000000000e+02	7.370761510841e+02
5.360210418701e+00	5.000000000000e+01	7.370761507483e+02
5.380160570145e+00	2.000000000000e+02	7.370761492943e+02
5.400817394257e+00	1.000000000000e+02	7.370761432756e+02
5.420986413956e+00	2.500000000000e+02	7.370761372974e+02
5.440812826157e+00	1.000000000000e+02	7.370761322120e+02
5.460806846619e+00	1.000000000000e+02	7.370761322120e+02
5.480838537216e+00	3.500000000000e+02	7.370761289750e+02
5.500991582870e+00	2.000000000000e+02	7.370761229938e+02
5.520764112473e+00	1.500000000000e+02	7.370761160012e+02
5.540820837021e+00	1.000000000000e+02	7.370761118327e+02
5.560268402100e+00	1.000000000000e+02	7.370761118327e+02
5.581960201263e+00	1.000000000000e+02	7.370761063841e+02
5.599981069565e+00	5.000000000000e+01	7.370761009973e+02
5.621616125107e+00	0.000000000000e+00	7.370760938398e+02
5.640892028809e+00	2.000000000000e+02	7.370760925202e+02
5.660804986954e+00	1.000000000000e+02	7.370760915569e+02
5.680299282074e+00	2.000000000000e+02	7.370760884107e+02
5.700219392776e+00	0.000000000000e+00	7.370760851958e+02
5.720192670822e+00	5.000000000000e+01	7.370760793299e+02
5.740567207336e+00	1.500000000000e+02	7.370760670519e+02
5.760971307755e+00	2.000000000000e+02	7.370760631597e+02
5.780656814575e+00	1.500000000000e+02	7.370760631597e+02
5.800781250000e+00	4.000000000000e+02	7.370760567113e+02
5.820815086365e+00	2.000000000000e+02	7.370760500798e+02
5.840123653412e+00	5.000000000000e+01	7.370760441372e+02
5.860702753067e+00	1.500000000000e+02	7.370760435531e+02
5.880314588547e+00	1.500000000000e+02	7.370760412426e+02
5.900402307510e+00	2.000000000000e+02	7.370760349925e+02
5.920587062836e+00	5.000000000000e+01	7.370760296240e+02
5.941007375717e+00	2.000000000000e+02	7.370760243826e+02
5.960767745972e+00	1.500000000000e+02	7.370760193220e+02
5.980936288834e+00	5.000000000000e+01	7.370760141598e+02
6.000718593597e+00	1.000000000000e+02	7.370760141598e+02
6.020819902420e+00	1.000000000000e+02	7.370760095618e+02
6.040696620941e+00	1.500000000000e+02	7.370760050151e+02
6.060126066208e+00	3.000000000000e+02	7.370759989152e+02
6.080050230026e+00	2.500000000000e+02	7.370759947283e+02
6.101016759872e+00	1.000000000000e+02	7.370759947283e+02
6.120927333832e+00	2.000000000000e+02	7.370759878103e+02
6.140813827515e+00	1.000000000000e+02	7.370759811748e+02
6.160730123520e+00	2.500000000000e+02	7.370759753648e+02
6.180501222610e+00	2.000000000000e+02	7.370759753648e+02
6.200673580170e+00	1.000000000000e+02	7.370759728902e+02
6.220824956894e+00	1.500000000000e+02	7.370759665743e+02
6.240196704865e+00	2.000000000000e+02	7.370759603757e+02
6.260798931122e+00	1.000000000000e+02	7.370759555719e+02
6.280262947083e+00	5.000000000000e+01	7.370759555719e+02
6.301207304001e+00	2.000000000000e+02	7.370759494254e+02
6.320902585983e+00	1.500000000000e+02	7.370759432284e+02
6.340553045273e+00	5.000000000000e+01	7.370759365249e+02
6.360015630722e+00	3.000000000000e+02	7.370759361843e+02
6.380433320999e+00	1.500000000000e+02	7.370759345787e+02
6.400823116302e+00	1.500000000000e+02	7.370759281617e+02
6.420771360397e+00	1.500000000000e+02	7.370759219510e+02
6.440430641174e+00	2.500000000000e+02	7.370759164885e+02
6.460413455963e+00	2.000000000000e+02	7.370759164885e+02
6.480152368546e+00	1.000000000000e+02	7.370759130277e+02
6.501670122147e+00	0.000000000000e+00	7.370759067132e+02
6.520799398422e+00	2.500000000000e+02	7.370759000398e+02
6.540819406509e+00	2.500000000000e+02	7.370758942929e+02
6.561722278595e+00	2.500000000000e+02	7.370758894237e+02
6.581700325012e+00	4.000000000000e+02	7.370758873320e+02
6.600818157196e+00	5.000000000000e+01	7.370758844921e+02
6.621291875839e+00	2.000000000000e+02	7.370758781571e+02
6.640805482864e+00	5.000000000000e+01	7.370758766260e+02
6.660751342773e+00	2.000000000000e+02	7.370758747659e+02
6.680769920349e+00	3.000000000000e+02	7.370758694762e+02
6.700891733170e+00	2.000000000000e+02	7.370758640484e+02
6.721141815186e+00	5.000000000000e+02	7.370758584832e+02
6.740866184235e+00	4.000000000000e+02	7.370758529450e+02
6.760900020599e+00	4.500000000000e+02	7.370758472551e+02
6.780170679092e+00	3.000000000000e+02	7.370758469719e+02
6.802136898041e+00	3.000000000000e+02	7.370758408668e+02
6.820505380630e+00	3.000000000000e+02	7.370758353616e+02
6.840844869614e+00	3.000000000000e+02	7.370758294648e+02
6.860803604126e+00	3.500000000000e+02	7.370758236649e+02
6.881132125854e+00	5.000000000000e+02	7.370758177498e+02
6.900837421417e+00	1.500000000000e+02	7.370758174082e+02
6.921663284302e+00	2.500000000000e+02	7.370758127397e+02
6.940695762634e+00	2.500000000000e+02	7.370758075343e+02
6.960753917694e+00	4.500000000000e+02	7.370758014765e+02
6.980441570282e+00	1.000000000000e+02	7.370757992975e+02
7.000388145447e+00	1.000000000000e+02	7.370757990090e+02
7.020678043365e+00	4.500000000000e+02	7.370757931449e+02
7.040835142136e+00	5.000000000000e+02	7.370757871362e+02
7.060820817947e+00	1.500000000000e+02	7.370757808358e+02
7.081516027451e+00	3.000000000000e+02	7.370757795458e+02
7.100505352020e+00	2.000000000000e+02	7.370757790308e+02
7.120668411255e+00	3.000000000000e+02	7.370757737599e+02
7.140223264694e+00	5.000000000000e+02	7.370757683449e+02
7.160177469254e+00	6.000000000000e+02	7.370757619140e+02
7.180787324905e+00	3.500000000000e+02	7.370757603165e+02
7.200368165970e+00	2.500000000000e+02	7.370757568832e+02
7.220753908157e+00	4.500000000000e+02	7.370757513279e+02
7.241027355194e+00	6.000000000000e+02	7.370757457416e+02
7.261252880096e+00	6.000000000000e+02	7.370757410571e+02
7.280314445496e+00	8.500000000000e+02	7.370757410571e+02
7.301392078400e+00	6.500000000000e+02	7.370757361190e+02
7.320716142654e+00	7.500000000000e+02	7.370757301423e+02
7.340847969055e+00	3.000000000000e+02	7.370757225089e+02
7.361101865768e+00	7.000000000000e+02	7.370757213887e+02
7.380701541901e+00	7.500000000000e+02	7.370757199467e+02
7.400152921677e+00	1.150000000000e+03	7.370757143525e+02
7.420838832855e+00	1.000000000000e+03	7.370757075718e+02
7.440447807312e+00	6.500000000000e+02	7.370757004737e+02
7.460843086243e+00	6.500000000000e+02	7.370756941609e+02
7.480760097504e+00	9.000000000000e+02	7.370756910736e+02
7.500318288803e+00	5.000000000000e+02	7.370756910736e+02
7.520242214203e+00	1.000000000000e+03	7.370756854648e+02
7.540829658508e+00	8.500000000000e+02	7.370756786788e+02
7.560781240463e+00	5.000000000000e+02	7.370756721532e+02
7.580361843109e+00	8.500000000000e+02	7.370756705169e+02
7.600630044937e+00	7.000000000000e+02	7.370756677018e+02
7.620507001877e+00	1.000000000000e+03	7.370756618388e+02
7.640682935715e+00	5.500000000000e+02	7.370756548661e+02
7.660830020905e+00	9.000000000000e+02	7.370756478998e+02
7.681050539017e+00	1.150000000000e+03	7.370756414942e+02
7.700796604156e+00	8.500000000000e+02	7.370756396015e+02
7.720314025879e+00	7.500000000000e+02	7.370756392484e+02
7.740815639496e+00	4.500000000000e+02	7.370756317941e+02
7.760774135590e+00	1.100000000000e+03	7.370756291248e+02
7.780741214752e+00	1.150000000000e+03	7.370756291248e+02
7.800894975662e+00	1.750000000000e+03	7.370756227345e+02
7.820645093918e+00	7.000000000000e+02	7.370756160586e+02
7.840239048004e+00	1.100000000000e+03	7.370756093268e+02
7.860208034515e+00	1.550000000000e+03	7.370756089840e+02
7.880132198334e+00	1.150000000000e+03	7.370756066436e+02
7.900269746780e+00	7.000000000000e+02	7.370755998735e+02
7.920626401901e+00	9.000000000000e+02	7.370755933591e+02
7.940742492676e+00	1.250000000000e+03	7.370755870231e+02
7.960889101028e+00	1.350000000000e+03	7.370755806892e+02
7.980485200882e+00	1.150000000000e+03	7.370755780188e+02
8.000956296921e+00	1.050000000000e+03	7.370755776814e+02
8.020936489105e+00	1.050000000000e+03	7.370755709088e+02
8.041217803955e+00	1.300000000000e+03	7.370755644782e+02
8.060311555862e+00	1.550000000000e+03	7.370755587143e+02
8.081193447113e+00	1.250000000000e+03	7.370755526735e+02
8.100716829300e+00	1.450000000000e+03	7.370755479787e+02
8.121206998825e+00	1.050000000000e+03	7.370755479787e+02
8.140790224075e+00	1.500000000000e+03	7.370755448878e+02
8.160854101181e+00	1.400000000000e+03	7.370755399665e+02
8.180781364441e+00	1.350000000000e+03	7.370755326451e+02
8.200685024261e+00	1.300000000000e+03	7.370755280734e+02
8.220884799957e+00	1.450000000000e+03	7.370755280734e+02
8.240831136703e+00	1.250000000000e+03	7.370755214827e+02
8.260786294937e+00	1.450000000000e+03	7.370755148540e+02
8.280227661133e+00	1.000000000000e+03	7.370755095196e+02
8.300092458725e+00	1.150000000000e+03	7.370755095196e+02
8.320363283157e+00	8.500000000000e+02	7.370755095196e+02
8.340830087662e+00	5.000000000000e+01	7.370755034459e+02
8.360339164734e+00	0.000000000000e+00	7.370754969383e+02
8.380736827850e+00	0.000000000000e+00	7.370754905044e+02
8.400756597519e+00	0.000000000000e+00	7.370754901898e+02
8.421014785767e+00	0.000000000000e+00	7.370754874567e+02
8.440587997437e+00	0.000000000000e+00	7.370754808938e+02
8.460828065872e+00	0.000000000000e+00	7.370754748284e+02
8.480162858963e+00	0.000000000000e+00	7.370754709004e+02
8.500725507736e+00	0.000000000000e+00	7.370754709004e+02
8.520904064178e+00	0.000000000000e+00	7.370754709004e+02
8.540830135345e+00	9.000000000000e+02	7.370754673629e+02
8.560953140259e+00	1.300000000000e+03	7.370754558782e+02
8.580935001373e+00	1.350000000000e+03	7.370754481013e+02
8.600859403610e+00	6.000000000000e+02	7.370754427577e+02
8.620789289474e+00	5.000000000000e+02	7.370754424901e+02
8.640599489212e+00	9.000000000000e+02	7.370754381285e+02
8.660315990448e+00	8.500000000000e+02	7.370754320729e+02
8.680236577988e+00	1.050000000000e+03	7.370754320729e+02
8.700242996216e+00	1.000000000000e+03	7.370754278859e+02
8.720483779907e+00	1.000000000000e+03	7.370754225948e+02
8.740502834320e+00	8.000000000000e+02	7.370754160826e+02
8.760808467865e+00	5.500000000000e+02	7.370754097392e+02
8.781233072281e+00	8.500000000000e+02	7.370754038415e+02
8.800325632095e+00	1.000000000000e+03	7.370754021228e+02
8.820942640305e+00	1.150000000000e+03	7.370754005012e+02
8.840714454651e+00	1.100000000000e+03	7.370753941526e+02
8.861170053482e+00	6.000000000000e+02	7.370753864514e+02
8.881015062332e+00	1.250000000000e+03	7.370753815008e+02
8.900835037231e+00	7.500000000000e+02	7.370753815008e+02
8.920792102814e+00	6.500000000000e+02	7.370753779919e+02
8.941208362579e+00	1.100000000000e+03	7.370753717668e+02
8.960158109665e+00	9.000000000000e+02	7.370753643013e+02
8.980326890945e+00	6.500000000000e+02	7.370753611185e+02
9.000123500824e+00	6.000000000000e+02	7.370753611185e+02
9.020721673965e+00	8.500000000000e+02	7.370753555212e+02
9.040673732758e+00	5.000000000000e+02	7.370753497116e+02
9.061163187027e+00	7.000000000000e+02	7.370753430210e+02
9.080253124237e+00	2.500000000000e+02	7.370753369682e+02
9.100984096527e+00	7.000000000000e+02	7.370753316900e+02
9.120747804642e+00	3.500000000000e+02	7.370753316900e+02
9.140864849091e+00	5.000000000000e+02	7.370753273748e+02
9.160826444626e+00	5.500000000000e+02	7.370753211324e+02
9.180828332901e+00	3.500000000000e+02	7.370753143675e+02
9.200204610825e+00	3.000000000000e+02	7.370753118857e+02
9.221259355545e+00	4.500000000000e+02	7.370753115464e+02
9.240645885468e+00	6.000000000000e+02	7.370753047011e+02
9.260688543320e+00	5.000000000000e+02	7.370752980143e+02
9.280398130417e+00	3.500000000000e+02	7.370752917499e+02
9.300265073776e+00	2.000000000000e+02	7.370752911490e+02
9.320186853409e+00	3.500000000000e+02	7.370752881010e+02
9.340291500092e+00	4.000000000000e+02	7.370752812577e+02
9.360847234726e+00	2.500000000000e+02	7.370752746486e+02
9.381224632263e+00	2.500000000000e+02	7.370752704973e+02
9.400419950485e+00	5.000000000000e+02	7.370752704973e+02
9.421736240387e+00	5.000000000000e+02	7.370752652254e+02
9.440646886826e+00	1.500000000000e+02	7.370752594628e+02
9.460858583450e+00	4.000000000000e+02	7.370752517763e+02
9.480773448944e+00	4.000000000000e+02	7.370752449289e+02
9.501571655273e+00	1.500000000000e+02	7.370752390304e+02
9.520715713501e+00	2.000000000000e+02	7.370752390304e+02
9.540857791901e+00	4.000000000000e+02	7.370752348541e+02
9.560268163681e+00	4.000000000000e+02	7.370752281915e+02
9.581279277802e+00	2.500000000000e+02	7.370752212694e+02
9.600817918777e+00	3.000000000000e+02	7.370752158365e+02
9.621441602707e+00	2.000000000000e+02	7.370752112067e+02
9.640975713730e+00	1.000000000000e+02	7.370752067604e+02
9.660920858383e+00	6.000000000000e+02	7.370752019775e+02
9.680867671967e+00	1.000000000000e+02	7.370751976665e+02
9.700415849686e+00	1.500000000000e+02	7.370751947855e+02
9.720749378204e+00	1.500000000000e+02	7.370751892444e+02
9.740743875504e+00	3.000000000000e+02	7.370751872588e+02
9.760814905167e+00	2.000000000000e+02	7.370751865164e+02
9.781055688858e+00	1.500000000000e+02	7.370751794682e+02
9.800683736801e+00	5.000000000000e+01	7.370751773967e+02
9.820919036865e+00	3.500000000000e+02	7.370751749728e+02
9.840889453888e+00	4.500000000000e+02	7.370751701409e+02
9.860939025879e+00	4.000000000000e+02	7.370751636291e+02
9.881215333939e+00	1.500000000000e+02	7.370751569899e+02
9.900797605515e+00	2.500000000000e+02	7.370751569899e+02
9.920963048935e+00	3.000000000000e+02	7.370751519922e+02
9.940901041031e+00	5.000000000000e+01	7.370751460332e+02
9.961154222488e+00	2.000000000000e+02	7.370751408873e+02
9.981090784073e+00	5.000000000000e+01	7.370751352847e+02
1.000070047379e+01	1.000000000000e+02	7.370751285408e+02
1.002067852020e+01	1.500000000000e+02	7.370751275021e+02
1.004059672356e+01	1.000000000000e+02	7.370751247386e+02
1.006065511703e+01	5.000000000000e+01	7.370751185615e+02
1.008026361465e+01	1.000000000000e+02	7.370751120386e+02
1.010092115402e+01	1.000000000000e+02	7.370751070682e+02
1.012031984329e+01	2.000000000000e+02	7.370751070682e+02
1.014002609253e+01	1.000000000000e+02	7.370751018540e+02
1.016103267670e+01	1.500000000000e+02	7.370750947712e+02
1.018083620071e+01	0.000000000000e+00	7.370750895929e+02
1.020042681694e+01	3.000000000000e+02	7.370750876792e+02
1.022083353996e+01	2.500000000000e+02	7.370750866533e+02
1.024015712738e+01	1.000000000000e+02	7.370750807008e+02
1.026083707809e+01	0.000000000000e+00	7.370750739756e+02
1.028028535843e+01	5.000000000000e+01	7.370750676201e+02
1.030024123192e+01	5.000000000000e+01	7.370750676201e+02
1.032059860229e+01	1.500000000000e+02	7.370750646588e+02
1.034032034874e+01	0.000000000000e+00	7.370750585810e+02
1.036252784729e+01	1.500000000000e+02	7.370750510971e+02
1.038050889969e+01	0.000000000000e+00	7.370750454395e+02
1.040015649796e+01	5.000000000000e+01	7.370750397438e+02
1.042084121704e+01	0.000000000000e+00	7.370750377216e+02
1.044078445435e+01	1.000000000000e+02	7.370750375402e+02
1.046083593369e+01	0.000000000000e+00	7.370750334923e+02
1.048095846176e+01	2.500000000000e+02	7.370750294301e+02
1.050099611282e+01	5.000000000000e+01	7.370750184476e+02
1.052083468437e+01	0.000000000000e+00	7.370750184476e+02
1.054081988335e+01	0.000000000000e+00	7.370750150535e+02
1.056033849716e+01	0.000000000000e+00	7.370750082554e+02
1.058053827286e+01	2.000000000000e+02	7.370750013964e+02
1.060079455376e+01	5.000000000000e+01	7.370749979645e+02
1.062082552910e+01	5.000000000000e+01	7.370749979645e+02
1.064124965668e+01	5.000000000000e+01	7.370749928984e+02
1.066066765785e+01	1.500000000000e+02	7.370749864268e+02
1.068076658249e+01	1.000000000000e+02	7.370749795013e+02
1.070169591904e+01	1.500000000000e+02	7.370749727722e+02
1.072095060349e+01	1.000000000000e+02	7.370749673923e+02
1.074091911316e+01	1.500000000000e+02	7.370749673923e+02
1.076084280014e+01	1.500000000000e+02	7.370749653116e+02
1.078079032898e+01	0.000000000000e+00	7.370749569878e+02
1.080160856247e+01	1.000000000000e+02	7.370749504161e+02
1.082069206238e+01	0.000000000000e+00	7.370749466993e+02
1.084084177017e+01	5.000000000000e+01	7.370749466993e+02
1.086084151268e+01	2.000000000000e+02	7.370749423545e+02
1.088161897659e+01	1.000000000000e+02	7.370749353225e+02
1.090081620216e+01	1.000000000000e+02	7.370749289204e+02
1.092056465149e+01	1.000000000000e+02	7.370749257417e+02
1.094075345993e+01	1.500000000000e+02	7.370749257417e+02
1.096081876755e+01	1.000000000000e+02	7.370749193921e+02
1.098057651520e+01	1.000000000000e+02	7.370749125137e+02
1.100062489510e+01	5.000000000000e+01	7.370749051722e+02
1.102157354355e+01	5.000000000000e+01	7.370749048063e+02
1.104074954987e+01	5.000000000000e+01	7.370749032761e+02
1.106078791618e+01	1.000000000000e+02	7.370748975314e+02
1.108073830605e+01	0.000000000000e+00	7.370748906536e+02
1.110070800781e+01	1.000000000000e+02	7.370748849060e+02
1.112065982819e+01	0.000000000000e+00	7.370748849060e+02
1.114086866379e+01	5.000000000000e+01	7.370748791435e+02
1.116081905365e+01	0.000000000000e+00	7.370748723234e+02
1.118044185638e+01	5.000000000000e+01	7.370748663068e+02
1.120100569725e+01	1.500000000000e+02	7.370748601761e+02
1.122111296654e+01	1.000000000000e+02	7.370748542848e+02
1.124065017700e+01	0.000000000000e+00	7.370748536886e+02
1.126012825966e+01	1.000000000000e+02	7.370748500533e+02
1.128001046181e+01	5.000000000000e+01	7.370748430570e+02
1.130110406876e+01	0.000000000000e+00	7.370748359205e+02
1.132091927528e+01	1.500000000000e+02	7.370748325864e+02
1.134083151817e+01	0.000000000000e+00	7.370748325864e+02
1.136033439636e+01	1.000000000000e+02	7.370748288456e+02
1.138005542755e+01	1.000000000000e+02	7.370748204362e+02
1.140124034882e+01	1.000000000000e+02	7.370748153133e+02
1.142098522186e+01	5.000000000000e+01	7.370748101105e+02
1.144081068039e+01	0.000000000000e+00	7.370748024615e+02
1.146045660973e+01	0.000000000000e+00	7.370748002775e+02
1.148137784004e+01	5.000000000000e+01	7.370747992714e+02
1.150086379051e+01	0.000000000000e+00	7.370747927197e+02
1.152095770836e+01	5.000000000000e+01	7.370747899947e+02
1.154061412811e+01	5.000000000000e+01	7.370747869169e+02
1.156056118011e+01	0.000000000000e+00	7.370747793991e+02
1.158065104485e+01	5.000000000000e+01	7.370747743741e+02
1.160045051575e+01	1.500000000000e+02	7.370747695567e+02
1.162088418007e+01	0.000000000000e+00	7.370747685392e+02
1.164080762863e+01	5.000000000000e+01	7.370747681036e+02
1.166057658195e+01	1.000000000000e+02	7.370747681036e+02
1.168096685410e+01	0.000000000000e+00	7.370747711844e+02
1.170086503029e+01	5.000000000000e+01	7.370747749084e+02
1.172086572647e+01	5.000000000000e+01	7.370747794089e+02
1.174089837074e+01	1.000000000000e+02	7.370747800826e+02
1.176039886475e+01	0.000000000000e+00	7.370747819668e+02
1.178075027466e+01	0.000000000000e+00	7.370747883751e+02
1.180033564568e+01	5.000000000000e+01	7.370747937261e+02
1.182030701637e+01	1.000000000000e+02	7.370747993265e+02
1.184025144577e+01	0.000000000000e+00	7.370748055435e+02
1.186090397835e+01	5.000000000000e+01	7.370748074018e+02
1.188096404076e+01	0.000000000000e+00	7.370748085109e+02
1.190023016930e+01	1.000000000000e+02	7.370748156819e+02
1.192034268379e+01	0.000000000000e+00	7.370748172824e+02
1.194096899033e+01	1.000000000000e+02	7.370748188119e+02
1.196084475517e+01	1.500000000000e+02	7.370748244669e+02
1.198013663292e+01	0.000000000000e+00	7.370748304187e+02
1.200011444092e+01	5.000000000000e+01	7.370748369296e+02
1.202085614204e+01	1.500000000000e+02	7.370748435616e+02
1.204083085060e+01	5.000000000000e+01	7.370748464900e+02
1.206071710587e+01	0.000000000000e+00	7.370748464900e+02
1.208033514023e+01	1.000000000000e+02	7.370748522818e+02
1.210021662712e+01	0.000000000000e+00	7.370748586071e+02
1.212091684341e+01	5.000000000000e+01	7.370748649242e+02
1.214091444016e+01	1.000000000000e+02	7.370748656278e+02
1.216040468216e+01	5.000000000000e+01	7.370748672159e+02
1.218034696579e+01	5.000000000000e+01	7.370748735721e+02
1.220027422905e+01	0.000000000000e+00	7.370748788652e+02
1.222084760666e+01	0.000000000000e+00	7.370748839651e+02
1.224072551727e+01	1.500000000000e+02	7.370748847263e+02
1.226150035858e+01	5.000000000000e+01	7.370748886189e+02
1.228169584274e+01	5.000000000000e+01	7.370748939355e+02
1.230071449280e+01	0.000000000000e+00	7.370749004208e+02
1.232090067863e+01	5.000000000000e+01	7.370749040566e+02
1.234055113792e+01	1.000000000000e+02	7.370749040566e+02
1.236082839966e+01	2.500000000000e+02	7.370749084010e+02
1.238078093529e+01	5.000000000000e+01	7.370749128989e+02
1.240089797974e+01	5.000000000000e+01	7.370749191034e+02
1.242078685760e+01	5.000000000000e+01	7.370749254058e+02
1.244108986855e+01	5.000000000000e+01	7.370749318227e+02
1.246084499359e+01	2.000000000000e+02	7.370749326729e+02
1.248024320602e+01	1.500000000000e+02	7.370749353150e+02
1.250097513199e+01	0.000000000000e+00	7.370749424893e+02
1.252095484734e+01	5.000000000000e+01	7.370749476241e+02
1.254092383385e+01	5.000000000000e+01	7.370749517252e+02
1.256087613106e+01	1.000000000000e+02	7.370749517252e+02
1.258052349091e+01	0.000000000000e+00	7.370749571293e+02
1.260074591637e+01	1.000000000000e+02	7.370749641497e+02
1.262080264091e+01	0.000000000000e+00	7.370749693009e+02
1.264083909988e+01	1.000000000000e+02	7.370749714571e+02
1.266054606438e+01	0.000000000000e+00	7.370749731117e+02
1.268033194542e+01	5.000000000000e+01	7.370749789441e+02
1.270080161095e+01	5.000000000000e+01	7.370749851170e+02
1.272033333778e+01	5.000000000000e+01	7.370749907687e+02
1.274063801765e+01	1.000000000000e+02	7.370749907687e+02
1.276131772995e+01	1.500000000000e+02	7.370749933902e+02
1.278129434586e+01	5.000000000000e+01	7.370749986494e+02
1.280104827881e+01	5.000000000000e+01	7.370750049670e+02
1.282070446014e+01	1.500000000000e+02	7.370750093500e+02
1.284086918831e+01	1.000000000000e+02	7.370750093500e+02
1.286072778702e+01	5.000000000000e+01	7.370750141999e+02
1.288087844849e+01	1.500000000000e+02	7.370750204390e+02
1.290083003044e+01	2.500000000000e+02	7.370750270920e+02
1.292077493668e+01	2.500000000000e+02	7.370750333466e+02
1.294087314606e+01	1.500000000000e+02	7.370750379481e+02
1.296080565453e+01	1.000000000000e+02	7.370750379481e+02
1.298030352592e+01	5.000000000000e+01	7.370750411923e+02
1.300131535530e+01	0.000000000000e+00	7.370750475288e+02
1.302173089981e+01	2.000000000000e+02	7.370750527584e+02
1.304067945480e+01	2.500000000000e+02	7.370750568465e+02
1.306065034866e+01	1.000000000000e+02	7.370750568887e+02
1.308049845695e+01	2.000000000000e+02	7.370750627161e+02
1.310030651093e+01	2.000000000000e+02	7.370750684027e+02
1.312094378471e+01	5.000000000000e+01	7.370750740843e+02
1.314002251625e+01	1.000000000000e+02	7.370750760062e+02
1.316084814072e+01	1.500000000000e+02	7.370750778217e+02
1.318045592308e+01	0.000000000000e+00	7.370750838604e+02
1.320042061806e+01	5.000000000000e+01	7.370750901873e+02
1.322084498405e+01	1.000000000000e+02	7.370750966978e+02
1.324056601524e+01	5.000000000000e+01	7.370751028176e+02
1.326051354408e+01	1.000000000000e+02	7.370751049773e+02
1.328043746948e+01	2.000000000000e+02	7.370751052975e+02
1.330062723160e+01	3.000000000000e+02	7.370751117950e+02
1.332080030441e+01	1.000000000000e+02	7.370751179371e+02
1.334067058563e+01	2.000000000000e+02	7.370751237110e+02
1.336084604263e+01	1.500000000000e+02	7.370751240015e+02
1.338017201424e+01	2.000000000000e+02	7.370751253890e+02
1.340042734146e+01	1.500000000000e+02	7.370751310025e+02
1.342009758949e+01	2.000000000000e+02	7.370751369039e+02
1.344079899788e+01	5.000000000000e+01	7.370751432783e+02
1.346152830124e+01	1.000000000000e+02	7.370751432783e+02
1.348042106628e+01	2.500000000000e+02	7.370751459829e+02
1.350081110001e+01	3.500000000000e+02	7.370751515246e+02
1.352087402344e+01	1.000000000000e+02	7.370751588444e+02
1.354084753990e+01	3.500000000000e+02	7.370751623085e+02
1.356098294258e+01	2.000000000000e+02	7.370751623085e+02
1.358046436310e+01	2.000000000000e+02	7.370751686958e+02
1.360030746460e+01	2.000000000000e+02	7.370751750489e+02
1.362025403976e+01	2.000000000000e+02	7.370751808351e+02
1.364022397995e+01	3.500000000000e+02	7.370751819926e+02
1.366078591347e+01	2.000000000000e+02	7.370751831946e+02
1.368021488190e+01	1.000000000000e+02	7.370751877616e+02
1.370010566711e+01	4.500000000000e+02	7.370751930625e+02
1.372017073631e+01	1.500000000000e+02	7.370752017715e+02
1.374090313911e+01	1.000000000000e+02	7.370752076428e+02
1.376029372215e+01	5.000000000000e+01	7.370752124384e+02
1.378133916855e+01	2.500000000000e+02	7.370752124384e+02
1.380099821091e+01	4.000000000000e+02	7.370752160350e+02
1.382121300697e+01	3.000000000000e+02	7.370752222395e+02
1.384074258804e+01	4.000000000000e+02	7.370752327336e+02
1.386173820496e+01	4.000000000000e+02	7.370752327336e+02
1.388028740883e+01	1.500000000000e+02	7.370752335132e+02
1.390092706680e+01	1.500000000000e+02	7.370752416283e+02
1.392084431648e+01	4.500000000000e+02	7.370752475856e+02
1.394019889832e+01	5.500000000000e+02	7.370752529186e+02
1.396043658257e+01	1.500000000000e+02	7.370752531935e+02
1.398038291931e+01	2.000000000000e+02	7.370752564452e+02
1.400035381317e+01	3.500000000000e+02	7.370752614562e+02
1.402116680145e+01	6.500000000000e+02	7.370752695453e+02
1.404087185860e+01	3.000000000000e+02	7.370752739668e+02
1.406088709831e+01	2.000000000000e+02	7.370752739668e+02
1.408070611954e+01	2.000000000000e+02	7.370752739668e+02
1.410107302666e+01	0.000000000000e+00	7.370752769700e+02
1.412066578865e+01	0.000000000000e+00	7.370752887037e+02
1.414036870003e+01	0.000000000000e+00	7.370752975766e+02
1.416070365906e+01	0.000000000000e+00	7.370753038823e+02
1.418099021912e+01	1.000000000000e+02	7.370753038823e+02
1.420084285736e+01	1.000000000000e+02	7.370753071960e+02
1.422071623802e+01	3.000000000000e+02	7.370753138877e+02
1.424040675163e+01	4.000000000000e+02	7.370753198966e+02
1.426084017754e+01	5.000000000000e+02	7.370753235738e+02
1.428135776520e+01	4.000000000000e+02	7.370753235738e+02
1.430090618134e+01	4.500000000000e+02	7.370753292953e+02
1.432094430923e+01	6.500000000000e+02	7.370753357385e+02
1.434086751938e+01	3.500000000000e+02	7.370753420344e+02
1.436083364487e+01	7.000000000000e+02	7.370753479299e+02
1.438091897964e+01	7.500000000000e+02	7.370753523270e+02
1.440079760551e+01	6.500000000000e+02	7.370753523270e+02
1.442095088959e+01	8.500000000000e+02	7.370753564363e+02
1.444076538086e+01	1.100000000000e+03	7.370753630836e+02
1.446079468727e+01	9.500000000000e+02	7.370753695674e+02
1.448064780235e+01	7.500000000000e+02	7.370753724768e+02
1.450084996223e+01	9.000000000000e+02	7.370753728030e+02
1.452084994316e+01	6.500000000000e+02	7.370753788912e+02
1.454076647758e+01	4.500000000000e+02	7.370753850448e+02
1.456066584587e+01	7.500000000000e+02	7.370753912797e+02
1.458083891869e+01	7.000000000000e+02	7.370753915930e+02
1.460081624985e+01	2.000000000000e+02	7.370753932545e+02
1.462040209770e+01	5.000000000000e+02	7.370753978917e+02
1.464079332352e+01	8.000000000000e+02	7.370754037298e+02
1.466064333916e+01	8.000000000000e+02	7.370754109093e+02
1.468092989922e+01	1.050000000000e+03	7.370754109093e+02
1.470085406303e+01	9.500000000000e+02	7.370754138347e+02
1.472084808350e+01	9.500000000000e+02	7.370754177443e+02
1.474179410934e+01	8.500000000000e+02	7.370754202805e+02
1.476081204414e+01	1.150000000000e+03	7.370754202805e+02
1.478153848648e+01	1.050000000000e+03	7.370754228984e+02
1.480084419250e+01	1.200000000000e+03	7.370754399605e+02
1.482074069977e+01	1.150000000000e+03	7.370754399605e+02
1.484031295776e+01	4.000000000000e+02	7.370754432299e+02
1.486070394516e+01	6.000000000000e+02	7.370754475097e+02
1.488043236732e+01	7.000000000000e+02	7.370754525599e+02
1.490070629120e+01	1.150000000000e+03	7.370754585752e+02
1.492084693909e+01	1.200000000000e+03	7.370754652361e+02
1.494095492363e+01	7.500000000000e+02	7.370754687813e+02
1.495997142792e+01	1.000000000000e+03	7.370754687813e+02
1.498101425171e+01	1.400000000000e+03	7.370754770695e+02
1.500084638596e+01	1.050000000000e+03	7.370754778901e+02
1.502089834213e+01	1.400000000000e+03	7.370754810270e+02
1.504051232338e+01	1.350000000000e+03	7.370754902988e+02
1.506046009064e+01	1.550000000000e+03	7.370754978426e+02
1.508091163635e+01	1.050000000000e+03	7.370754989848e+02
1.510039305687e+01	1.100000000000e+03	7.370755045951e+02
1.512085628510e+01	1.350000000000e+03	7.370755103339e+02
1.514076781273e+01	8.500000000000e+02	7.370755157629e+02
1.516082978249e+01	1.400000000000e+03	7.370755182926e+02
1.518099713326e+01	1.450000000000e+03	7.370755208497e+02
1.520093131065e+01	1.350000000000e+03	7.370755258626e+02
1.522090935707e+01	1.100000000000e+03	7.370755313046e+02
1.524124908447e+01	1.350000000000e+03	7.370755374350e+02
1.526018238068e+01	9.000000000000e+02	7.370755389304e+02
1.528063488007e+01	1.500000000000e+03	7.370755406990e+02
1.530085539818e+01	1.300000000000e+03	7.370755474136e+02
1.532053279877e+01	1.250000000000e+03	7.370755533499e+02
1.534084820747e+01	1.150000000000e+03	7.370755584560e+02
1.536079430580e+01	1.000000000000e+03	7.370755589734e+02
1.538045954704e+01	1.200000000000e+03	7.370755640747e+02
1.540079307556e+01	1.300000000000e+03	7.370755697461e+02
1.542074775696e+01	1.900000000000e+03	7.370755788563e+02
1.544068884850e+01	8.500000000000e+02	7.370755788563e+02
1.546067523956e+01	1.350000000000e+03	7.370755791845e+02
1.548031711578e+01	1.100000000000e+03	7.370755856486e+02
1.550121235847e+01	1.600000000000e+03	7.370755922092e+02
1.552195692062e+01	9.500000000000e+02	7.370755984497e+02
1.554080152512e+01	9.500000000000e+02	7.370756044604e+02
1.556078076363e+01	1.250000000000e+03	7.370756092659e+02
1.558089661598e+01	1.050000000000e+03	7.370756092659e+02
1.560083746910e+01	1.000000000000e+03	7.370756161276e+02
1.562093806267e+01	5.000000000000e+02	7.370756195783e+02
1.564026975632e+01	1.100000000000e+03	7.370756195783e+02
1.566102385521e+01	1.450000000000e+03	7.370756259578e+02
1.568029379845e+01	1.350000000000e+03	7.370756325407e+02
1.570085334778e+01	9.000000000000e+02	7.370756386878e+02
1.572095108032e+01	1.150000000000e+03	7.370756452346e+02
1.574085783958e+01	9.500000000000e+02	7.370756502607e+02
1.576055574417e+01	6.000000000000e+02	7.370756502607e+02
1.578060722351e+01	7.500000000000e+02	7.370756549184e+02
1.580057954788e+01	5.500000000000e+02	7.370756614993e+02
1.582079315186e+01	6.500000000000e+02	7.370756679742e+02
1.584075307846e+01	8.000000000000e+02	7.370756706087e+02
1.586101579666e+01	6.500000000000e+02	7.370756712614e+02
1.588039803505e+01	6.500000000000e+02	7.370756776053e+02
1.590096712112e+01	9.000000000000e+02	7.370756844887e+02
1.592027664185e+01	6.000000000000e+02	7.370756910828e+02
1.594085693359e+01	5.500000000000e+02	7.370756910828e+02
1.596038293839e+01	5.000000000000e+02	7.370756936004e+02
1.598079228401e+01	7.000000000000e+02	7.370757005867e+02
1.600084185600e+01	7.500000000000e+02	7.370757069965e+02
1.602085494995e+01	6.000000000000e+02	7.370757114347e+02
1.604025411606e+01	4.500000000000e+02	7.370757114347e+02
1.606145668030e+01	3.500000000000e+02	7.370757171824e+02
1.608032989502e+01	8.000000000000e+02	7.370757234983e+02
1.610085511208e+01	7.000000000000e+02	7.370757304063e+02
1.612095499039e+01	5.000000000000e+02	7.370757321440e+02
1.614097762108e+01	7.000000000000e+02	7.370757327555e+02
1.616092419624e+01	3.500000000000e+02	7.370757388737e+02
1.618120598793e+01	5.500000000000e+02	7.370757441018e+02
1.620086145401e+01	3.500000000000e+02	7.370757482374e+02
1.622085809708e+01	6.500000000000e+02	7.370757533408e+02
1.624018979073e+01	5.000000000000e+02	7.370757596075e+02
1.626026272774e+01	4.500000000000e+02	7.370757605763e+02
1.628124523163e+01	3.000000000000e+02	7.370757645450e+02
1.630068182945e+01	1.500000000000e+02	7.370757693679e+02
1.632062983513e+01	4.000000000000e+02	7.370757752583e+02
1.634057664871e+01	3.500000000000e+02	7.370757794978e+02
1.636015009880e+01	2.500000000000e+02	7.370757794978e+02
1.638009762764e+01	2.500000000000e+02	7.370757850312e+02
1.640045523643e+01	4.500000000000e+02	7.370757914798e+02
1.642037987709e+01	2.500000000000e+02	7.370757995788e+02
1.644032573700e+01	3.500000000000e+02	7.370757995788e+02
1.646098852158e+01	2.500000000000e+02	7.370757995788e+02
1.648188638687e+01	4.000000000000e+02	7.370757995788e+02
1.650086379051e+01	3.500000000000e+02	7.370758108659e+02
1.652083110809e+01	3.000000000000e+02	7.370758209966e+02
1.654085993767e+01	2.500000000000e+02	7.370758266742e+02
1.656081271172e+01	4.000000000000e+02	7.370758293272e+02
1.658176326752e+01	5.000000000000e+02	7.370758293272e+02
1.660073542595e+01	4.500000000000e+02	7.370758354212e+02
1.662092852592e+01	2.500000000000e+02	7.370758420072e+02
1.664114069939e+01	1.000000000000e+02	7.370758480491e+02
1.666077399254e+01	2.000000000000e+02	7.370758492333e+02
1.668024706841e+01	3.500000000000e+02	7.370758516708e+02
1.670042610168e+01	3.500000000000e+02	7.370758584146e+02
1.672073340416e+01	2.000000000000e+02	7.370758646606e+02
1.674152541161e+01	2.500000000000e+02	7.370758694527e+02
1.676085925102e+01	2.000000000000e+02	7.370758694527e+02
1.678027725220e+01	4.500000000000e+02	7.370758738996e+02
1.680094814301e+01	2.500000000000e+02	7.370758799569e+02
1.682085585594e+01	1.000000000000e+02	7.370758874412e+02
1.684095478058e+01	4.000000000000e+02	7.370758904878e+02
1.686089825630e+01	2.000000000000e+02	7.370758917283e+02
1.688084125519e+01	4.500000000000e+02	7.370758979270e+02
1.690078711510e+01	2.000000000000e+02	7.370759042458e+02
1.692097306252e+01	4.000000000000e+02	7.370759105328e+02
1.694083929062e+01	3.000000000000e+02	7.370759151714e+02
1.696088314056e+01	1.000000000000e+02	7.370759198514e+02
1.698043084145e+01	1.000000000000e+02	7.370759205561e+02
1.700086855888e+01	1.500000000000e+02	7.370759268715e+02
1.702088403702e+01	1.500000000000e+02	7.370759328201e+02
1.704077982903e+01	2.500000000000e+02	7.370759373978e+02
1.706147575378e+01	2.500000000000e+02	7.370759414724e+02
1.708034491539e+01	3.500000000000e+02	7.370759423794e+02
1.710057425499e+01	1.500000000000e+02	7.370759484659e+02
1.712073326111e+01	2.000000000000e+02	7.370759549964e+02
1.714045310020e+01	5.000000000000e+01	7.370759618069e+02
1.716084647179e+01	1.500000000000e+02	7.370759618069e+02
1.718194198608e+01	2.500000000000e+02	7.370759645529e+02
1.720021271706e+01	5.000000000000e+01	7.370759692237e+02
1.722023320198e+01	2.000000000000e+02	7.370759749030e+02
1.724079680443e+01	5.000000000000e+01	7.370759813192e+02
1.726087450981e+01	5.000000000000e+01	7.370759813192e+02
1.728045845032e+01	2.000000000000e+02	7.370759813192e+02
1.730075001717e+01	1.500000000000e+02	7.370759813192e+02
1.732075428963e+01	2.000000000000e+02	7.370759930543e+02
1.734077262878e+01	5.000000000000e+01	7.370760010615e+02
1.736089015007e+01	1.000000000000e+02	7.370760010615e+02
1.738063025475e+01	1.500000000000e+02	7.370760077579e+02
1.740126156807e+01	2.500000000000e+02	7.370760149575e+02
1.742031240463e+01	2.000000000000e+02	7.370760210941e+02
1.744077610970e+01	5.000000000000e+01	7.370760269625e+02
1.746080183983e+01	5.000000000000e+01	7.370760316480e+02
1.748118710518e+01	5.000000000000e+01	7.370760316480e+02
1.750082325935e+01	0.000000000000e+00	7.370760367538e+02
1.752086710930e+01	1.000000000000e+02	7.370760426422e+02
1.754086780548e+01	2.500000000000e+02	7.370760492678e+02
1.756028437614e+01	2.500000000000e+02	7.370760523891e+02
1.758021450043e+01	1.000000000000e+02	7.370760523891e+02
1.760086321831e+01	1.000000000000e+02	7.370760588645e+02
1.762086105347e+01	5.000000000000e+01	7.370760650818e+02
1.764175748825e+01	5.000000000000e+01	7.370760709562e+02
1.766089344025e+01	5.000000000000e+01	7.370760729177e+02
1.768040800095e+01	5.000000000000e+01	7.370760752156e+02
1.770085787773e+01	1.500000000000e+02	7.370760818291e+02
1.772067260742e+01	1.500000000000e+02	7.370760888051e+02
1.774086141586e+01	1.000000000000e+02	7.370760933803e+02
1.776081132889e+01	0.000000000000e+00	7.370760933803e+02
1.778098726273e+01	1.000000000000e+02	7.370760987177e+02
1.780030679703e+01	5.000000000000e+01	7.370761050177e+02
1.782080101967e+01	0.000000000000e+00	7.370761117645e+02
1.784123158455e+01	1.000000000000e+02	7.370761186615e+02
1.786037015915e+01	1.000000000000e+02	7.370761237319e+02
1.788133907318e+01	1.000000000000e+02	7.370761237319e+02
1.790088701248e+01	1.000000000000e+02	7.370761278824e+02
1.792083501816e+01	1.000000000000e+02	7.370761343900e+02
1.794056677818e+01	2.000000000000e+02	7.370761396624e+02
1.796086454391e+01	1.500000000000e+02	7.370761436603e+02
1.798085832596e+01	1.500000000000e+02	7.370761436603e+02
1.800071597099e+01	5.000000000000e+01	7.370761492584e+02
1.802051377296e+01	1.000000000000e+02	7.370761552870e+02
1.804046010971e+01	2.000000000000e+02	7.370761603649e+02
1.806092357635e+01	1.000000000000e+02	7.370761648062e+02
1.808051776886e+01	5.000000000000e+01	7.370761654096e+02
1.810038471222e+01	1.000000000000e+02	7.370761684291e+02
1.812087011337e+01	0.000000000000e+00	7.370761695086e+02
1.814089488983e+01	1.500000000000e+02	7.370761679723e+02
1.816086816788e+01	1.000000000000e+02	7.370761648897e+02
1.818025088310e+01	5.000000000000e+01	7.370761603796e+02
1.820052886009e+01	1.000000000000e+02	7.370761601451e+02
1.822086596489e+01	5.000000000000e+01	7.370761572040e+02
1.824084448814e+01	5.000000000000e+01	7.370761515444e+02
1.826084351540e+01	0.000000000000e+00	7.370761465723e+02
1.828048539162e+01	1.000000000000e+02	7.370761434246e+02
1.830004429817e+01	0.000000000000e+00	7.370761434246e+02
1.832098555565e+01	1.500000000000e+02	7.370761380548e+02
1.834086227417e+01	1.000000000000e+02	7.370761318435e+02
1.836086392403e+01	1.000000000000e+02	7.370761257733e+02
1.837999105453e+01	1.000000000000e+02	7.370761245619e+02
1.840098667145e+01	1.000000000000e+02	7.370761219973e+02
1.842086315155e+01	5.000000000000e+01	7.370761170267e+02
1.844081139565e+01	3.000000000000e+02	7.370761110538e+02
1.846086692810e+01	1.000000000000e+02	7.370761059348e+02
1.848091030121e+01	0.000000000000e+00	7.370761059348e+02
1.850070691109e+01	1.500000000000e+02	7.370761015017e+02
1.852086663246e+01	1.500000000000e+02	7.370760955441e+02
1.854081201553e+01	1.000000000000e+02	7.370760901038e+02
1.856087493896e+01	1.000000000000e+02	7.370760871503e+02
1.858099246025e+01	1.000000000000e+02	7.370760865357e+02
1.860064673424e+01	3.000000000000e+02	7.370760805488e+02
1.862090063095e+01	0.000000000000e+00	7.370760744665e+02
1.864084768295e+01	5.000000000000e+01	7.370760685477e+02
1.866069459915e+01	0.000000000000e+00	7.370760682520e+02
1.868031930923e+01	5.000000000000e+01	7.370760659709e+02
1.870005750656e+01	1.000000000000e+02	7.370760600887e+02
1.872079014778e+01	1.000000000000e+02	7.370760533722e+02
1.874051451683e+01	2.000000000000e+02	7.370760485064e+02
1.876088190079e+01	5.000000000000e+01	7.370760485064e+02
1.878025054932e+01	0.000000000000e+00	7.370760432103e+02
1.880037474632e+01	2.000000000000e+02	7.370760368087e+02
1.882081675529e+01	1.000000000000e+02	7.370760306309e+02
1.884059476852e+01	1.000000000000e+02	7.370760246141e+02
1.886084628105e+01	1.500000000000e+02	7.370760195983e+02
1.888088011742e+01	5.000000000000e+01	7.370760195983e+02
1.890042805672e+01	1.500000000000e+02	7.370760162636e+02
1.892058467865e+01	5.000000000000e+01	7.370760098644e+02
1.894088196754e+01	5.000000000000e+01	7.370760038139e+02
1.896081519127e+01	0.000000000000e+00	7.370760004390e+02
1.898033046722e+01	5.000000000000e+01	7.370760004390e+02
1.900028324127e+01	5.000000000000e+01	7.370759951495e+02
1.902020144463e+01	5.000000000000e+01	7.370759891308e+02
1.904086780548e+01	1.000000000000e+02	7.370759825023e+02
1.906089997292e+01	2.000000000000e+02	7.370759766433e+02
1.908151793480e+01	1.500000000000e+02	7.370759719096e+02
1.910086631775e+01	1.500000000000e+02	7.370759719096e+02
1.912097597122e+01	0.000000000000e+00	7.370759719096e+02
1.914051175117e+01	1.000000000000e+02	7.370759658346e+02
1.916087651253e+01	1.500000000000e+02	7.370759597436e+02
1.918123555183e+01	2.000000000000e+02	7.370759544256e+02
1.920120429993e+01	5.000000000000e+01	7.370759526019e+02
1.922013473511e+01	1.000000000000e+02	7.370759502822e+02
1.924090123177e+01	1.500000000000e+02	7.370759442483e+02
1.926077818871e+01	2.500000000000e+02	7.370759377285e+02
1.928004050255e+01	1.000000000000e+02	7.370759314749e+02
1.930125927925e+01	1.500000000000e+02	7.370759257756e+02
1.932115292549e+01	2.000000000000e+02	7.370759233787e+02
1.934175562859e+01	2.000000000000e+02	7.370759217619e+02
1.936074233055e+01	1.000000000000e+02	7.370759160101e+02
1.938066840172e+01	2.500000000000e+02	7.370759139071e+02
1.940059566498e+01	1.000000000000e+02	7.370759113722e+02
1.942065024376e+01	2.000000000000e+02	7.370759062688e+02
1.944075250626e+01	2.500000000000e+02	7.370758988839e+02
1.946040987968e+01	3.500000000000e+02	7.370758916956e+02
1.948089933395e+01	1.000000000000e+02	7.370758868733e+02
1.950086951256e+01	3.000000000000e+02	7.370758841640e+02
1.952081441879e+01	2.000000000000e+02	7.370758841640e+02
1.954078292847e+01	2.000000000000e+02	7.370758784970e+02
1.956086349487e+01	1.500000000000e+02	7.370758715587e+02
1.958074069023e+01	2.000000000000e+02	7.370758651942e+02
1.960065984726e+01	2.500000000000e+02	7.370758643776e+02
1.962063097954e+01	3.000000000000e+02	7.370758622413e+02
1.964082884789e+01	3.000000000000e+02	7.370758560806e+02
1.966082882881e+01	2.500000000000e+02	7.370758501131e+02
1.968102359772e+01	3.500000000000e+02	7.370758444293e+02
1.970086622238e+01	1.500000000000e+02	7.370758444293e+02
1.972069811821e+01	2.500000000000e+02	7.370758405661e+02
1.974064540863e+01	2.000000000000e+02	7.370758350469e+02
1.976086807251e+01	3.000000000000e+02	7.370758275760e+02
1.978146982193e+01	3.500000000000e+02	7.370758252332e+02
1.980083036423e+01	2.500000000000e+02	7.370758252332e+02
1.982050371170e+01	6.500000000000e+02	7.370758181661e+02
1.984132003784e+01	4.500000000000e+02	7.370758119391e+02
1.986081600189e+01	5.000000000000e+02	7.370758074427e+02
1.988078403473e+01	3.000000000000e+02	7.370758060600e+02
1.990093588829e+01	5.500000000000e+02	7.370758030233e+02
1.992086625099e+01	4.000000000000e+02	7.370757981932e+02
1.994100952148e+01	5.500000000000e+02	7.370757910930e+02
1.996086597443e+01	5.000000000000e+02	7.370757846516e+02
1.998031115532e+01	2.000000000000e+02	7.370757798606e+02
2.000101542473e+01	6.500000000000e+02	7.370757779610e+02
2.002085494995e+01	5.000000000000e+02	7.370757771780e+02
2.004078173637e+01	8.500000000000e+02	7.370757709728e+02
2.006087017059e+01	7.500000000000e+02	7.370757648988e+02
2.008081817627e+01	4.500000000000e+02	7.370757589997e+02
2.010078167915e+01	4.500000000000e+02	7.370757589997e+02
2.012081456184e+01	3.500000000000e+02	7.370757565918e+02
2.014081978798e+01	3.500000000000e+02	7.370757506309e+02
2.016023755074e+01	5.000000000000e+02	7.370757446199e+02
2.018046879768e+01	5.000000000000e+02	7.370757400442e+02
2.020046329498e+01	9.500000000000e+02	7.370757400442e+02
2.022076010704e+01	6.500000000000e+02	7.370757348395e+02
2.024090290070e+01	5.500000000000e+02	7.370757292114e+02
2.026087212563e+01	7.000000000000e+02	7.370757219166e+02
2.028028059006e+01	7.000000000000e+02	7.370757157072e+02
2.030078673363e+01	6.500000000000e+02	7.370757101012e+02
2.032151532173e+01	8.500000000000e+02	7.370757101012e+02
2.034116196632e+01	8.500000000000e+02	7.370757068543e+02
2.036010980606e+01	8.500000000000e+02	7.370756999670e+02
2.038018894196e+01	6.000000000000e+02	7.370756936868e+02
2.040040802956e+01	5.000000000000e+02	7.370756898707e+02
2.042086195946e+01	6.000000000000e+02	7.370756898707e+02
2.044111227989e+01	3.500000000000e+02	7.370756835839e+02
2.046030139923e+01	9.500000000000e+02	7.370756798855e+02
2.048075413704e+01	8.500000000000e+02	7.370756798855e+02
2.050029778481e+01	5.500000000000e+02	7.370756748528e+02
2.052090239525e+01	1.250000000000e+03	7.370756683443e+02
2.054227185249e+01	6.000000000000e+02	7.370756621905e+02
2.056121373177e+01	6.000000000000e+02	7.370756559092e+02
2.058100628853e+01	4.000000000000e+02	7.370756491433e+02
2.060112476349e+01	8.500000000000e+02	7.370756491433e+02
2.062075901031e+01	3.500000000000e+02	7.370756462824e+02
2.064192700386e+01	9.000000000000e+02	7.370756392892e+02
2.066082024574e+01	4.500000000000e+02	7.370756392892e+02
2.068122768402e+01	5.500000000000e+02	7.370756392892e+02
2.070123624802e+01	8.000000000000e+02	7.370756392892e+02
2.072086596489e+01	7.000000000000e+02	7.370756276012e+02
2.074089503288e+01	1.400000000000e+03	7.370756174257e+02
2.076016783714e+01	1.050000000000e+03	7.370756128343e+02
2.078094959259e+01	7.500000000000e+02	7.370756071714e+02
2.080093312263e+01	1.050000000000e+03	7.370755992721e+02
2.082086586952e+01	1.250000000000e+03	7.370755992721e+02
2.084091305733e+01	9.500000000000e+02	7.370755989407e+02
2.086085915565e+01	8.500000000000e+02	7.370755885886e+02
2.088066983223e+01	1.150000000000e+03	7.370755839189e+02
2.090028023720e+01	1.450000000000e+03	7.370755792964e+02
2.092082214355e+01	1.200000000000e+03	7.370755790621e+02
2.094080805779e+01	1.050000000000e+03	7.370755764622e+02
2.096036005020e+01	1.100000000000e+03	7.370755659282e+02
2.098059391975e+01	1.450000000000e+03	7.370755584446e+02
2.100078487396e+01	1.250000000000e+03	7.370755580750e+02
2.102151274681e+01	1.750000000000e+03	7.370755580750e+02
2.104087376595e+01	9.000000000000e+02	7.370755532569e+02
2.106078910828e+01	1.150000000000e+03	7.370755464888e+02
2.108055973053e+01	9.000000000000e+02	7.370755382967e+02
2.110019302368e+01	1.050000000000e+03	7.370755327602e+02
2.112082290649e+01	9.500000000000e+02	7.370755276089e+02
2.114096426964e+01	1.100000000000e+03	7.370755276089e+02
2.116091108322e+01	1.250000000000e+03	7.370755222662e+02
2.118011164665e+01	1.300000000000e+03	7.370755170559e+02
2.120086455345e+01	1.400000000000e+03	7.370755111467e+02
2.122086882591e+01	1.750000000000e+03	7.370755084750e+02
2.124156808853e+01	1.450000000000e+03	7.370755084750e+02
2.126050281525e+01	1.450000000000e+03	7.370755029678e+02
2.128073430061e+01	1.200000000000e+03	7.370754963753e+02
2.130129194260e+01	7.500000000000e+02	7.370754908570e+02
2.132077312469e+01	1.100000000000e+03	7.370754895171e+02
2.134024429321e+01	7.500000000000e+02	7.370754874652e+02
2.136038112640e+01	9.500000000000e+02	7.370754812504e+02
2.138030910492e+01	1.100000000000e+03	7.370754746187e+02
2.140088486671e+01	1.100000000000e+03	7.370754702986e+02
2.142083644867e+01	5.500000000000e+02	7.370754702986e+02
2.144082784653e+01	7.500000000000e+02	7.370754639019e+02
2.146099424362e+01	8.000000000000e+02	7.370754581028e+02
2.148034620285e+01	9.000000000000e+02	7.370754531959e+02
2.150069284439e+01	1.100000000000e+03	7.370754470433e+02
2.152055239677e+01	1.150000000000e+03	7.370754411421e+02
2.154068040848e+01	1.550000000000e+03	7.370754411421e+02
2.156087779999e+01	7.000000000000e+02	7.370754393667e+02
2.158032703400e+01	5.500000000000e+02	7.370754316375e+02
2.160151672363e+01	4.500000000000e+02	7.370754316375e+02
2.162087678909e+01	5.000000000000e+02	7.370754280565e+02
2.164078283310e+01	4.500000000000e+02	7.370754218127e+02
2.166003179550e+01	9.500000000000e+02	7.370754158351e+02
2.168014144897e+01	7.000000000000e+02	7.370754121256e+02
2.170136427879e+01	6.500000000000e+02	7.370754121256e+02
2.172136712074e+01	7.500000000000e+02	7.370754067036e+02
2.174087476730e+01	7.000000000000e+02	7.370754000566e+02
2.176104235649e+01	7.000000000000e+02	7.370753931239e+02
2.178031492233e+01	4.000000000000e+02	7.370753921132e+02
2.180087709427e+01	4.500000000000e+02	7.370753892968e+02
2.182087397575e+01	3.500000000000e+02	7.370753805213e+02
2.184083199501e+01	3.500000000000e+02	7.370753722519e+02
2.186132717133e+01	3.000000000000e+02	7.370753722519e+02
2.188087964058e+01	3.500000000000e+02	7.370753691817e+02
2.190082621574e+01	2.000000000000e+02	7.370753630410e+02
2.192080402374e+01	2.500000000000e+02	7.370753624248e+02
2.194087648392e+01	3.500000000000e+02	7.370753624248e+02
2.196037673950e+01	3.500000000000e+02	7.370753577777e+02
2.198001313210e+01	1.500000000000e+02	7.370753489696e+02
2.200027298927e+01	2.000000000000e+02	7.370753404486e+02
2.202073597908e+01	7.500000000000e+02	7.370753330102e+02
2.204050612450e+01	3.500000000000e+02	7.370753330102e+02
2.206117725372e+01	1.000000000000e+02	7.370753310162e+02
2.208032298088e+01	2.000000000000e+02	7.370753236000e+02
2.210039854050e+01	2.000000000000e+02	7.370753180086e+02
2.212065339088e+01	5.000000000000e+02	7.370753133919e+02
2.214036583900e+01	4.000000000000e+02	7.370753133919e+02
2.216054797173e+01	2.000000000000e+02	7.370753081515e+02
2.218028855324e+01	3.000000000000e+02	7.370753025101e+02
2.220071554184e+01	4.000000000000e+02	7.370752927059e+02
2.222027516365e+01	4.500000000000e+02	7.370752927059e+02
2.224073696136e+01	3.000000000000e+02	7.370752927059e+02
2.226068353653e+01	2.000000000000e+02	7.370752863692e+02
2.228081965446e+01	3.000000000000e+02	7.370752795548e+02
2.230074882507e+01	5.000000000000e+02	7.370752727165e+02
2.232076978683e+01	1.500000000000e+02	7.370752719807e+02
2.234147834778e+01	3.000000000000e+02	7.370752719807e+02
2.236088109016e+01	3.000000000000e+02	7.370752719807e+02
2.238069152832e+01	2.000000000000e+02	7.370752601495e+02
2.240003895760e+01	3.000000000000e+02	7.370752490436e+02
2.242081594467e+01	2.500000000000e+02	7.370752426753e+02
2.244078278542e+01	3.500000000000e+02	7.370752407676e+02
2.246121907234e+01	3.000000000000e+02	7.370752373389e+02
2.248066043854e+01	3.500000000000e+02	7.370752305686e+02
2.250088548660e+01	3.500000000000e+02	7.370752251097e+02
2.252048897743e+01	4.000000000000e+02	7.370752201542e+02
2.254087901115e+01	5.000000000000e+01	7.370752201542e+02
2.256036615372e+01	4.000000000000e+02	7.370752170766e+02
2.258014202118e+01	5.000000000000e+01	7.370752102976e+02
2.260011649132e+01	3.500000000000e+02	7.370752036204e+02
2.262005972862e+01	2.500000000000e+02	7.370751993075e+02
2.264016008377e+01	3.000000000000e+02	7.370751993075e+02
2.266092205048e+01	1.000000000000e+02	7.370751937818e+02
2.268123078346e+01	5.000000000000e+01	7.370751877608e+02
2.270087909698e+01	1.000000000000e+02	7.370751805765e+02
2.272089314461e+01	2.500000000000e+02	7.370751737998e+02
2.274062371254e+01	2.000000000000e+02	7.370751689352e+02
2.276015329361e+01	1.500000000000e+02	7.370751689352e+02
2.278063845634e+01	1.500000000000e+02	7.370751645222e+02
2.280085945129e+01	1.500000000000e+02	7.370751593058e+02
2.282161569595e+01	5.000000000000e+01	7.370751593058e+02
2.284084177017e+01	2.500000000000e+02	7.370751558982e+02
2.286079716682e+01	1.500000000000e+02	7.370751485844e+02
2.288056731224e+01	1.000000000000e+02	7.370751427889e+02
2.290037012100e+01	1.500000000000e+02	7.370751366493e+02
2.292033481598e+01	5.000000000000e+01	7.370751301920e+02
2.294032597542e+01	2.500000000000e+02	7.370751298688e+02
2.296024417877e+01	1.000000000000e+02	7.370751269436e+02
2.298116350174e+01	1.500000000000e+02	7.370751201444e+02
2.300087785721e+01	2.000000000000e+02	7.370751201444e+02
2.302089595795e+01	2.500000000000e+02	7.370751169722e+02
2.304024481773e+01	3.000000000000e+02	7.370751086723e+02
2.306097173691e+01	0.000000000000e+00	7.370751002092e+02
2.308119368553e+01	1.500000000000e+02	7.370751002092e+02
2.310029220581e+01	5.000000000000e+01	7.370750954281e+02
2.312101984024e+01	5.000000000000e+01	7.370750902392e+02
2.314073991776e+01	5.000000000000e+01	7.370750831303e+02
2.316089534760e+01	0.000000000000e+00	7.370750800505e+02
2.318116068840e+01	1.000000000000e+02	7.370750800505e+02
2.320083594322e+01	1.500000000000e+02	7.370750732138e+02
2.322087740898e+01	1.000000000000e+02	7.370750668533e+02
2.324084162712e+01	1.500000000000e+02	7.370750610542e+02
2.326100492477e+01	5.000000000000e+01	7.370750602566e+02
2.328203725815e+01	2.000000000000e+02	7.370750570010e+02
2.330082774162e+01	2.000000000000e+02	7.370750519429e+02
2.332076907158e+01	1.000000000000e+02	7.370750437167e+02
2.334071493149e+01	1.000000000000e+02	7.370750405872e+02
2.336078429222e+01	5.000000000000e+01	7.370750405872e+02
2.338028907776e+01	1.000000000000e+02	7.370750353221e+02
2.340084147453e+01	2.000000000000e+02	7.370750305569e+02
2.342089748383e+01	5.000000000000e+01	7.370750282051e+02
2.344084429741e+01	1.000000000000e+02	7.370750273737e+02
2.346061372757e+01	2.500000000000e+02	7.370750271260e+02
2.348125720024e+01	0.000000000000e+00	7.370750254274e+02
2.350086283684e+01	3.000000000000e+02	7.370750247385e+02
2.352097177505e+01	0.000000000000e+00	7.370750241418e+02
2.354182910919e+01	1.000000000000e+02	7.370750241418e+02
2.356161928177e+01	1.000000000000e+02	7.370750240763e+02
2.358020257950e+01	1.500000000000e+02	7.370750239413e+02
2.360092449188e+01	5.000000000000e+01	7.370750235536e+02
2.362049794197e+01	3.000000000000e+02	7.370750233484e+02
2.364083170891e+01	1.000000000000e+02	7.370750233484e+02
2.366094422340e+01	0.000000000000e+00	7.370750233484e+02
2.368088912964e+01	3.000000000000e+02	7.370750231711e+02
2.370083665848e+01	3.000000000000e+02	7.370750226642e+02
2.372037005424e+01	1.000000000000e+02	7.370750222692e+02
2.374090313911e+01	2.500000000000e+02	7.370750219750e+02
2.376090335846e+01	1.500000000000e+02	7.370750219750e+02
2.378075647354e+01	0.000000000000e+00	7.370750217541e+02
2.380070519447e+01	1.000000000000e+02	7.370750214669e+02
2.382064795494e+01	2.000000000000e+02	7.370750214518e+02
2.384032273293e+01	2.000000000000e+02	7.370750214468e+02
2.386079597473e+01	1.000000000000e+02	7.370750214428e+02
2.388019990921e+01	0.000000000000e+00	7.370750212714e+02
2.390084624290e+01	5.000000000000e+01	7.370750210852e+02
2.392012023926e+01	2.000000000000e+02	7.370750209108e+02
2.394086217880e+01	1.000000000000e+02	7.370750209108e+02
2.396089673042e+01	5.000000000000e+01	7.370750207733e+02
2.398088622093e+01	1.500000000000e+02	7.370750205085e+02
2.400083756447e+01	0.000000000000e+00	7.370750202028e+02
2.402025914192e+01	0.000000000000e+00	7.370750199455e+02
2.404022264481e+01	0.000000000000e+00	7.370750198213e+02
2.406024146080e+01	1.000000000000e+02	7.370750197775e+02
2.408027696609e+01	5.000000000000e+01	7.370750197852e+02
2.410061526299e+01	1.000000000000e+02	7.370750199428e+02
2.412088131905e+01	5.000000000000e+01	7.370750199623e+02
2.414090466499e+01	0.000000000000e+00	7.370750198202e+02
2.416194105148e+01	5.000000000000e+01	7.370750197923e+02
2.418088459969e+01	5.000000000000e+01	7.370750197337e+02
2.420079803467e+01	5.000000000000e+01	7.370750195664e+02
2.422096586227e+01	3.000000000000e+02	7.370750195696e+02
2.424094605446e+01	1.000000000000e+02	7.370750195722e+02
2.426089811325e+01	1.500000000000e+02	7.370750195722e+02
2.428106594086e+01	1.500000000000e+02	7.370750194445e+02
2.430073642731e+01	1.500000000000e+02	7.370750192531e+02
2.432059025764e+01	2.500000000000e+02	7.370750189206e+02
2.434094691277e+01	1.500000000000e+02	7.370750187471e+02
2.436088728905e+01	1.000000000000e+02	7.370750187409e+02
2.438056635857e+01	2.000000000000e+02	7.370750186796e+02
2.440051221848e+01	1.000000000000e+02	7.370750185013e+02
2.442066311836e+01	1.000000000000e+02	7.370750181784e+02
2.444080328941e+01	1.500000000000e+02	7.370750181307e+02
2.446088361740e+01	0.000000000000e+00	7.370750181540e+02
2.448053717613e+01	2.500000000000e+02	7.370750182423e+02
