#Saved Data from the class wavemeter_logger_logic on 22.11.2022 at 14h11m33s.
#
#Parameters:
#===========
#
#Start Time (s): 22.11.2022 14h:11min:12s
#Stop Time (s): 22.11.2022 14h:11min:34s
#
#Data:
#=====
#Measurement Time (s)	Signal (counts/s)	Interpolated Wavelength (nm)
3.522396087646e-03	2.600000000000e+03	7.370755544955e+02
2.346873283386e-02	1.550000000000e+03	7.370755544955e+02
4.375076293945e-02	1.800000000000e+03	7.370755544955e+02
6.369256973267e-02	2.050000000000e+03	7.370755543861e+02
8.334612846375e-02	1.950000000000e+03	7.370755542658e+02
1.051039695740e-01	2.500000000000e+03	7.370755544530e+02
1.239652633667e-01	2.050000000000e+03	7.370755546327e+02
1.442248821259e-01	1.950000000000e+03	7.370755548257e+02
1.661655902863e-01	2.050000000000e+03	7.370755546509e+02
1.897583007812e-01	1.850000000000e+03	7.370755546030e+02
2.096893787384e-01	1.800000000000e+03	7.370755546030e+02
2.823610305786e-01	2.200000000000e+03	7.370755547051e+02
4.066131114960e-01	1.650000000000e+03	7.370755548798e+02
4.076199531555e-01	1.550000000000e+03	7.370755548812e+02
4.086077213287e-01	2.650000000000e+03	7.370755548640e+02
4.086077213287e-01	2.050000000000e+03	7.370755548640e+02
4.086077213287e-01	1.750000000000e+03	7.370755548640e+02
4.086077213287e-01	2.450000000000e+03	7.370755548640e+02
4.086077213287e-01	1.950000000000e+03	7.370755548640e+02
4.096281528473e-01	1.900000000000e+03	7.370755548463e+02
4.096281528473e-01	9.000000000000e+02	7.370755548463e+02
4.236567020416e-01	1.550000000000e+03	7.370755546025e+02
4.436604976654e-01	2.050000000000e+03	7.370755545529e+02
4.636027812958e-01	1.950000000000e+03	7.370755546638e+02
4.838907718658e-01	1.200000000000e+03	7.370755548895e+02
5.029640197754e-01	1.800000000000e+03	7.370755550217e+02
5.238881111145e-01	1.600000000000e+03	7.370755546569e+02
5.438580513000e-01	1.600000000000e+03	7.370755545352e+02
5.648288726807e-01	1.400000000000e+03	7.370755546099e+02
5.845828056335e-01	1.300000000000e+03	7.370755547574e+02
6.036980152130e-01	1.100000000000e+03	7.370755549563e+02
6.243662834167e-01	1.550000000000e+03	7.370755551747e+02
6.437122821808e-01	1.600000000000e+03	7.370755551747e+02
6.637213230133e-01	1.900000000000e+03	7.370755564999e+02
6.844177246094e-01	2.150000000000e+03	7.370755592312e+02
7.039911746979e-01	1.500000000000e+03	7.370755649627e+02
7.237956523895e-01	1.650000000000e+03	7.370755679162e+02
7.438864707947e-01	1.550000000000e+03	7.370755679162e+02
7.630324363708e-01	2.750000000000e+03	7.370755724471e+02
7.837789058685e-01	2.300000000000e+03	7.370755771435e+02
8.036806583405e-01	1.900000000000e+03	7.370755771435e+02
8.241121768951e-01	1.850000000000e+03	7.370755771435e+02
8.430519104004e-01	1.450000000000e+03	7.370755796822e+02
8.634319305420e-01	2.150000000000e+03	7.370755926553e+02
8.833744525909e-01	1.800000000000e+03	7.370755999450e+02
9.032981395721e-01	2.050000000000e+03	7.370756052536e+02
9.232835769653e-01	1.950000000000e+03	7.370756057918e+02
9.433825016022e-01	2.400000000000e+03	7.370756091840e+02
9.637660980225e-01	1.900000000000e+03	7.370756153541e+02
9.837052822113e-01	1.500000000000e+03	7.370756219856e+02
1.003798007965e+00	1.700000000000e+03	7.370756279045e+02
1.023492097855e+00	1.750000000000e+03	7.370756331658e+02
1.043800830841e+00	1.300000000000e+03	7.370756336616e+02
1.063788175583e+00	1.450000000000e+03	7.370756363940e+02
1.083742141724e+00	2.050000000000e+03	7.370756429947e+02
1.103809595108e+00	1.750000000000e+03	7.370756490100e+02
1.124808549881e+00	1.200000000000e+03	7.370756527847e+02
1.142982006073e+00	1.900000000000e+03	7.370756527847e+02
1.163474559784e+00	1.850000000000e+03	7.370756576164e+02
1.183660984039e+00	1.750000000000e+03	7.370756637250e+02
1.203745603561e+00	1.350000000000e+03	7.370756692607e+02
1.223690986633e+00	1.900000000000e+03	7.370756711845e+02
1.243656396866e+00	9.500000000000e+02	7.370756711845e+02
1.263695716858e+00	1.650000000000e+03	7.370756773347e+02
1.283757448196e+00	1.300000000000e+03	7.370756828827e+02
1.303397178650e+00	2.200000000000e+03	7.370756874137e+02
1.323634624481e+00	1.650000000000e+03	7.370756900370e+02
1.343648433685e+00	1.250000000000e+03	7.370756912200e+02
1.363782167435e+00	1.250000000000e+03	7.370756959617e+02
1.383750438690e+00	1.450000000000e+03	7.370757010451e+02
1.403756618500e+00	1.350000000000e+03	7.370757082763e+02
1.423743009567e+00	1.500000000000e+03	7.370757141661e+02
1.442938804626e+00	1.400000000000e+03	7.370757190632e+02
1.463776588440e+00	2.200000000000e+03	7.370757190632e+02
1.483668804169e+00	1.250000000000e+03	7.370757234326e+02
1.503669738770e+00	1.000000000000e+03	7.370757302127e+02
1.523783206940e+00	1.000000000000e+03	7.370757370165e+02
1.545421361923e+00	7.500000000000e+02	7.370757399502e+02
1.563633918762e+00	1.350000000000e+03	7.370757421360e+02
1.583353519440e+00	1.400000000000e+03	7.370757469786e+02
1.603828668594e+00	1.200000000000e+03	7.370757532865e+02
1.622993707657e+00	8.500000000000e+02	7.370757602256e+02
1.643978118896e+00	9.500000000000e+02	7.370757669403e+02
1.663697957993e+00	5.000000000000e+02	7.370757705524e+02
1.683761835098e+00	6.000000000000e+02	7.370757705524e+02
1.703790664673e+00	7.000000000000e+02	7.370757763423e+02
1.724080085754e+00	9.500000000000e+02	7.370757825660e+02
1.743036270142e+00	7.500000000000e+02	7.370757878182e+02
1.763470411301e+00	6.000000000000e+02	7.370757903506e+02
1.783688545227e+00	1.150000000000e+03	7.370757921750e+02
1.803777217865e+00	1.150000000000e+03	7.370757986238e+02
1.823761463165e+00	1.250000000000e+03	7.370758049082e+02
1.845650911331e+00	1.150000000000e+03	7.370758111094e+02
1.864598989487e+00	8.000000000000e+02	7.370758111094e+02
1.883672237396e+00	8.000000000000e+02	7.370758153025e+02
1.903787612915e+00	6.500000000000e+02	7.370758221526e+02
1.923746109009e+00	5.500000000000e+02	7.370758285866e+02
1.943409442902e+00	6.000000000000e+02	7.370758317103e+02
1.963416814804e+00	7.500000000000e+02	7.370758317103e+02
1.983634710312e+00	6.000000000000e+02	7.370758379496e+02
2.003755569458e+00	5.000000000000e+02	7.370758443985e+02
2.023775339127e+00	4.500000000000e+02	7.370758507220e+02
2.043839693069e+00	7.500000000000e+02	7.370758510344e+02
2.063786506653e+00	6.500000000000e+02	7.370758534829e+02
2.084681987762e+00	9.000000000000e+02	7.370758598956e+02
2.103357315063e+00	6.500000000000e+02	7.370758663129e+02
2.123779058456e+00	6.500000000000e+02	7.370758715709e+02
2.143712520599e+00	7.000000000000e+02	7.370758715709e+02
2.163735389709e+00	6.500000000000e+02	7.370758758248e+02
2.183645486832e+00	5.500000000000e+02	7.370758827408e+02
2.203700304031e+00	2.000000000000e+02	7.370758891785e+02
2.223710775375e+00	4.000000000000e+02	7.370758914792e+02
2.243942499161e+00	5.000000000000e+02	7.370758914792e+02
2.263790369034e+00	5.500000000000e+02	7.370758960241e+02
2.283707141876e+00	4.500000000000e+02	7.370759005849e+02
2.303887605667e+00	5.500000000000e+02	7.370759072347e+02
2.323251485825e+00	3.500000000000e+02	7.370759138191e+02
2.345317840576e+00	2.500000000000e+02	7.370759210836e+02
2.363709688187e+00	8.000000000000e+02	7.370759214086e+02
2.383827686310e+00	4.000000000000e+02	7.370759228394e+02
2.403448581696e+00	8.000000000000e+02	7.370759292209e+02
2.423753023148e+00	2.500000000000e+02	7.370759373051e+02
2.443778753281e+00	5.000000000000e+02	7.370759420968e+02
2.463772535324e+00	4.000000000000e+02	7.370759420968e+02
2.483992815018e+00	3.500000000000e+02	7.370759470680e+02
2.503791570663e+00	3.500000000000e+02	7.370759538402e+02
2.523739576340e+00	6.500000000000e+02	7.370759586560e+02
2.545764207840e+00	5.500000000000e+02	7.370759620469e+02
2.564784765244e+00	1.500000000000e+02	7.370759634936e+02
2.583778142929e+00	5.000000000000e+02	7.370759689781e+02
2.603348016739e+00	5.500000000000e+02	7.370759748910e+02
2.623585224152e+00	6.000000000000e+02	7.370759813190e+02
2.643766880035e+00	4.000000000000e+02	7.370759880096e+02
2.663777112961e+00	4.000000000000e+02	7.370759926806e+02
2.683038949966e+00	3.000000000000e+02	7.370759926806e+02
2.702985763550e+00	4.000000000000e+02	7.370759970177e+02
2.723774194717e+00	4.500000000000e+02	7.370760055808e+02
2.743411540985e+00	4.000000000000e+02	7.370760126560e+02
2.764386892319e+00	7.000000000000e+02	7.370760133343e+02
2.783693790436e+00	2.000000000000e+02	7.370760148297e+02
2.803233623505e+00	3.000000000000e+02	7.370760215593e+02
2.823427915573e+00	3.000000000000e+02	7.370760292988e+02
2.843790531158e+00	2.000000000000e+02	7.370760363925e+02
2.864579677582e+00	3.000000000000e+02	7.370760420560e+02
2.883666276932e+00	1.500000000000e+02	7.370760442245e+02
2.903913021088e+00	3.000000000000e+02	7.370760445345e+02
2.923537731171e+00	4.500000000000e+02	7.370760505575e+02
2.943790435791e+00	3.000000000000e+02	7.370760569452e+02
2.963130474091e+00	3.500000000000e+02	7.370760632427e+02
2.984299659729e+00	1.000000000000e+02	7.370760638948e+02
3.003968477249e+00	2.500000000000e+02	7.370760662280e+02
3.023507118225e+00	2.000000000000e+02	7.370760724247e+02
3.043442726135e+00	5.000000000000e+02	7.370760797227e+02
3.063393592834e+00	3.000000000000e+02	7.370760838235e+02
3.083654165268e+00	3.000000000000e+02	7.370760838235e+02
3.103964090347e+00	3.500000000000e+02	7.370760888330e+02
3.123126506805e+00	2.500000000000e+02	7.370760948312e+02
3.143754959106e+00	3.500000000000e+02	7.370761012010e+02
3.164364099503e+00	2.500000000000e+02	7.370761034000e+02
3.183728218079e+00	3.500000000000e+02	7.370761040722e+02
3.203480243683e+00	4.000000000000e+02	7.370761107313e+02
3.223139762878e+00	3.500000000000e+02	7.370761173796e+02
3.243641138077e+00	7.000000000000e+02	7.370761243277e+02
3.263745784760e+00	3.000000000000e+02	7.370761243277e+02
3.283643007278e+00	2.000000000000e+02	7.370761275772e+02
3.303720235825e+00	3.500000000000e+02	7.370761341503e+02
3.323764801025e+00	2.000000000000e+02	7.370761404499e+02
3.343832254410e+00	2.000000000000e+02	7.370761445222e+02
3.363947868347e+00	3.500000000000e+02	7.370761445222e+02
3.383540630341e+00	1.500000000000e+02	7.370761492435e+02
3.403487205505e+00	3.000000000000e+02	7.370761559998e+02
3.423802852631e+00	2.500000000000e+02	7.370761629323e+02
3.443719148636e+00	4.000000000000e+02	7.370761655770e+02
3.463520765305e+00	1.000000000000e+02	7.370761662305e+02
3.483371973038e+00	2.500000000000e+02	7.370761727297e+02
3.504399299622e+00	2.000000000000e+02	7.370761795953e+02
3.523593187332e+00	2.500000000000e+02	7.370761858488e+02
3.543036460876e+00	2.500000000000e+02	7.370761929516e+02
3.563759326935e+00	1.500000000000e+02	7.370761967730e+02
3.583876132965e+00	3.000000000000e+02	7.370761967730e+02
3.603470325470e+00	1.000000000000e+02	7.370762011000e+02
3.623903512955e+00	2.500000000000e+02	7.370762057603e+02
3.643317461014e+00	2.000000000000e+02	7.370762147316e+02
3.663778781891e+00	1.000000000000e+02	7.370762173787e+02
3.683107137680e+00	1.000000000000e+02	7.370762173787e+02
3.703781366348e+00	1.000000000000e+02	7.370762207429e+02
3.724488735199e+00	0.000000000000e+00	7.370762269689e+02
3.743507146835e+00	1.500000000000e+02	7.370762340006e+02
3.763453722000e+00	1.500000000000e+02	7.370762411368e+02
3.783719062805e+00	2.000000000000e+02	7.370762476330e+02
3.803429603577e+00	2.000000000000e+02	7.370762484480e+02
3.824247598648e+00	1.000000000000e+02	7.370762511899e+02
3.843960762024e+00	1.500000000000e+02	7.370762566624e+02
3.863669633865e+00	2.000000000000e+02	7.370762639313e+02
3.883555889130e+00	4.500000000000e+02	7.370762678601e+02
3.903799533844e+00	3.500000000000e+02	7.370762678601e+02
3.923452854156e+00	2.500000000000e+02	7.370762736114e+02
3.943803071976e+00	3.000000000000e+02	7.370762809169e+02
3.963766574860e+00	3.000000000000e+02	7.370762873431e+02
3.983033657074e+00	1.000000000000e+02	7.370762882966e+02
4.003759145737e+00	5.000000000000e+01	7.370762891497e+02
4.024019479752e+00	1.000000000000e+02	7.370762947118e+02
4.044384956360e+00	2.000000000000e+02	7.370762977607e+02
4.063795566559e+00	5.000000000000e+01	7.370763024451e+02
4.083675384521e+00	2.000000000000e+02	7.370763125679e+02
4.103404283524e+00	1.500000000000e+02	7.370763180302e+02
4.123614072800e+00	2.000000000000e+02	7.370763189425e+02
4.143296957016e+00	3.500000000000e+02	7.370763244194e+02
4.163803339005e+00	1.500000000000e+02	7.370763282898e+02
4.184016704559e+00	2.500000000000e+02	7.370763298516e+02
4.203385353088e+00	3.500000000000e+02	7.370763301146e+02
4.223705291748e+00	1.500000000000e+02	7.370763293783e+02
4.243350982666e+00	2.000000000000e+02	7.370763270603e+02
4.263198137283e+00	1.500000000000e+02	7.370763232060e+02
4.283485889435e+00	4.500000000000e+02	7.370763195244e+02
4.303740501404e+00	0.000000000000e+00	7.370763195244e+02
4.323170900345e+00	4.000000000000e+02	7.370763163319e+02
4.343476772308e+00	2.500000000000e+02	7.370763108463e+02
4.363806486130e+00	2.000000000000e+02	7.370763054334e+02
4.383675575256e+00	1.500000000000e+02	7.370763030928e+02
4.403784036636e+00	1.500000000000e+02	7.370763030928e+02
4.423049926758e+00	3.000000000000e+02	7.370762978651e+02
4.443711996078e+00	3.500000000000e+02	7.370762945179e+02
4.463752985001e+00	3.500000000000e+02	7.370762945179e+02
4.483711004257e+00	2.000000000000e+02	7.370762945179e+02
4.503734350204e+00	3.000000000000e+02	7.370762910655e+02
4.523796796799e+00	5.000000000000e+01	7.370762796631e+02
4.543349742889e+00	1.500000000000e+02	7.370762720672e+02
4.563669204712e+00	1.000000000000e+02	7.370762681597e+02
4.583157300949e+00	2.000000000000e+02	7.370762681597e+02
4.603503465652e+00	2.000000000000e+02	7.370762643603e+02
4.623472929001e+00	1.000000000000e+02	7.370762585916e+02
4.643427371979e+00	1.500000000000e+02	7.370762521286e+02
4.663873195648e+00	1.500000000000e+02	7.370762459251e+02
4.683944225311e+00	1.500000000000e+02	7.370762401903e+02
4.703373670578e+00	3.000000000000e+02	7.370762396539e+02
4.724437475204e+00	5.000000000000e+01	7.370762372762e+02
4.744219541550e+00	2.000000000000e+02	7.370762314555e+02
4.763227939606e+00	4.000000000000e+02	7.370762258998e+02
4.783316373825e+00	2.000000000000e+02	7.370762212104e+02
4.803606987000e+00	2.500000000000e+02	7.370762212104e+02
4.823302984238e+00	1.500000000000e+02	7.370762161510e+02
4.843250036240e+00	3.000000000000e+02	7.370762091592e+02
4.863352775574e+00	4.500000000000e+02	7.370762024712e+02
4.883750438690e+00	2.500000000000e+02	7.370762018089e+02
4.903787851334e+00	2.500000000000e+02	7.370762008513e+02
4.923786640167e+00	1.500000000000e+02	7.370761943081e+02
4.944055795670e+00	1.500000000000e+02	7.370761878595e+02
4.963327169418e+00	3.500000000000e+02	7.370761827557e+02
4.983429908752e+00	2.000000000000e+02	7.370761827557e+02
5.003786563873e+00	2.000000000000e+02	7.370761788525e+02
5.023710489273e+00	4.000000000000e+02	7.370761730314e+02
5.043931245804e+00	3.000000000000e+02	7.370761666971e+02
5.063810110092e+00	2.000000000000e+02	7.370761631944e+02
5.084432125092e+00	3.500000000000e+02	7.370761631944e+02
5.103779315948e+00	4.500000000000e+02	7.370761580854e+02
5.123656034470e+00	5.000000000000e+01	7.370761522489e+02
5.143875837326e+00	3.000000000000e+02	7.370761463660e+02
5.163444995880e+00	3.000000000000e+02	7.370761403738e+02
5.183470964432e+00	2.500000000000e+02	7.370761340224e+02
5.203495264053e+00	4.500000000000e+02	7.370761291121e+02
5.223418951035e+00	3.000000000000e+02	7.370761243017e+02
5.243763685226e+00	2.000000000000e+02	7.370761240609e+02
5.263348817825e+00	5.000000000000e+02	7.370761204550e+02
5.283676147461e+00	4.500000000000e+02	7.370761148477e+02
5.303929090500e+00	5.000000000000e+02	7.370761148477e+02
5.323767185211e+00	3.000000000000e+02	7.370761086086e+02
5.343773841858e+00	2.000000000000e+02	7.370761025166e+02
5.363763809204e+00	3.500000000000e+02	7.370760970166e+02
5.383703947067e+00	2.500000000000e+02	7.370760957578e+02
5.403673648834e+00	2.000000000000e+02	7.370760945205e+02
5.423730373383e+00	2.500000000000e+02	7.370760887384e+02
5.443806648254e+00	3.000000000000e+02	7.370760827995e+02
5.463660478592e+00	4.000000000000e+02	7.370760768313e+02
5.483661413193e+00	4.500000000000e+02	7.370760711136e+02
5.503675460815e+00	4.000000000000e+02	7.370760677413e+02
5.523797512054e+00	4.500000000000e+02	7.370760677413e+02
5.543313503265e+00	1.500000000000e+02	7.370760619827e+02
5.563269376755e+00	5.500000000000e+02	7.370760574209e+02
5.583331108093e+00	3.500000000000e+02	7.370760574209e+02
5.603255033493e+00	2.500000000000e+02	7.370760526451e+02
5.623782634735e+00	6.500000000000e+02	7.370760469592e+02
5.643798589706e+00	5.000000000000e+02	7.370760400010e+02
5.663747310638e+00	5.000000000000e+02	7.370760382967e+02
5.683338642120e+00	2.000000000000e+02	7.370760371727e+02
5.703774690628e+00	1.500000000000e+02	7.370760314156e+02
5.723374843597e+00	4.000000000000e+02	7.370760253719e+02
5.743696689606e+00	4.000000000000e+02	7.370760185770e+02
5.763157844543e+00	4.500000000000e+02	7.370760123590e+02
5.783720970154e+00	4.000000000000e+02	7.370760084565e+02
5.803776502609e+00	4.000000000000e+02	7.370760084565e+02
5.823362350464e+00	6.500000000000e+02	7.370760029603e+02
5.843773365021e+00	4.500000000000e+02	7.370759967511e+02
5.863639354706e+00	2.000000000000e+02	7.370759909432e+02
5.884349107742e+00	5.000000000000e+02	7.370759896010e+02
5.903271913528e+00	5.500000000000e+02	7.370759879482e+02
5.923242568970e+00	3.000000000000e+02	7.370759813390e+02
5.943567752838e+00	3.000000000000e+02	7.370759750572e+02
5.963624477386e+00	7.000000000000e+02	7.370759697447e+02
5.983454704285e+00	4.000000000000e+02	7.370759697447e+02
6.003794193268e+00	5.000000000000e+02	7.370759656586e+02
6.023687362671e+00	5.000000000000e+02	7.370759592793e+02
6.043717622757e+00	6.000000000000e+02	7.370759535040e+02
6.063678741455e+00	5.000000000000e+02	7.370759476206e+02
6.084579944611e+00	3.500000000000e+02	7.370759412728e+02
6.103771448135e+00	4.500000000000e+02	7.370759403663e+02
6.124362945557e+00	4.500000000000e+02	7.370759403663e+02
6.143368721008e+00	3.000000000000e+02	7.370759338711e+02
6.163797616959e+00	3.500000000000e+02	7.370759264604e+02
6.183618783951e+00	8.500000000000e+02	7.370759208865e+02
6.203509092331e+00	7.000000000000e+02	7.370759206071e+02
6.223522901535e+00	4.000000000000e+02	7.370759200996e+02
6.243423461914e+00	3.500000000000e+02	7.370759137593e+02
6.263639211655e+00	3.000000000000e+02	7.370759073768e+02
6.283937454224e+00	4.500000000000e+02	7.370759010150e+02
6.303662300110e+00	6.000000000000e+02	7.370759010150e+02
6.323424339294e+00	5.500000000000e+02	7.370758952267e+02
6.344395637512e+00	5.500000000000e+02	7.370758889911e+02
6.363547325134e+00	5.500000000000e+02	7.370758841357e+02
6.383676290512e+00	7.000000000000e+02	7.370758815466e+02
6.403872966766e+00	9.000000000000e+02	7.370758800664e+02
6.423767805099e+00	5.500000000000e+02	7.370758741867e+02
6.443573474884e+00	6.500000000000e+02	7.370758682152e+02
6.463636159897e+00	4.500000000000e+02	7.370758620885e+02
6.483682155609e+00	9.500000000000e+02	7.370758565365e+02
6.503992319107e+00	1.300000000000e+03	7.370758508367e+02
6.523718357086e+00	6.500000000000e+02	7.370758450055e+02
6.543670892715e+00	1.050000000000e+03	7.370758423133e+02
6.563716173172e+00	8.500000000000e+02	7.370758398764e+02
6.583987236023e+00	5.500000000000e+02	7.370758336763e+02
6.604007244110e+00	1.000000000000e+03	7.370758278683e+02
6.623927116394e+00	6.500000000000e+02	7.370758221934e+02
6.643399477005e+00	6.500000000000e+02	7.370758221934e+02
6.663347959518e+00	9.000000000000e+02	7.370758175324e+02
6.683295488358e+00	1.100000000000e+03	7.370758125800e+02
6.703356027603e+00	9.000000000000e+02	7.370758125800e+02
6.723322391510e+00	1.250000000000e+03	7.370758094260e+02
6.743246316910e+00	7.000000000000e+02	7.370758036312e+02
6.763683319092e+00	1.050000000000e+03	7.370757971018e+02
6.783593416214e+00	1.100000000000e+03	7.370757931773e+02
6.803752183914e+00	1.250000000000e+03	7.370757931773e+02
6.823736667633e+00	8.500000000000e+02	7.370757876825e+02
6.843133687973e+00	9.500000000000e+02	7.370757810766e+02
6.863836050034e+00	9.500000000000e+02	7.370757746788e+02
6.883674144745e+00	7.000000000000e+02	7.370757729333e+02
6.903267145157e+00	8.500000000000e+02	7.370757719186e+02
6.923792600632e+00	7.500000000000e+02	7.370757648771e+02
6.943651676178e+00	1.000000000000e+03	7.370757584453e+02
6.963846445084e+00	1.000000000000e+03	7.370757524354e+02
6.983793258667e+00	1.400000000000e+03	7.370757524354e+02
7.003802299500e+00	0.000000000000e+00	7.370757488523e+02
7.023076057434e+00	1.200000000000e+03	7.370757430785e+02
7.043757915497e+00	1.550000000000e+03	7.370757358783e+02
7.063785791397e+00	1.300000000000e+03	7.370757297011e+02
7.084675550461e+00	1.600000000000e+03	7.370757240706e+02
7.103364706039e+00	1.400000000000e+03	7.370757224574e+02
7.123497009277e+00	1.350000000000e+03	7.370757222139e+02
7.144543170929e+00	1.500000000000e+03	7.370757170734e+02
7.163593053818e+00	1.200000000000e+03	7.370757121417e+02
7.183913469315e+00	1.550000000000e+03	7.370757053288e+02
7.203658580780e+00	1.200000000000e+03	7.370756991748e+02
7.223204374313e+00	1.650000000000e+03	7.370756938939e+02
7.243750095367e+00	1.200000000000e+03	7.370756938939e+02
7.263641119003e+00	4.500000000000e+02	7.370756873097e+02
7.284304618835e+00	1.650000000000e+03	7.370756804359e+02
7.303367376328e+00	1.100000000000e+03	7.370756752494e+02
7.323344945908e+00	1.250000000000e+03	7.370756749780e+02
7.343296766281e+00	1.550000000000e+03	7.370756749780e+02
7.363238096237e+00	1.900000000000e+03	7.370756687662e+02
7.383642673492e+00	1.600000000000e+03	7.370756623291e+02
7.403283834457e+00	1.750000000000e+03	7.370756564281e+02
7.424401521683e+00	1.500000000000e+03	7.370756555618e+02
7.443775892258e+00	2.000000000000e+03	7.370756535926e+02
7.463754415512e+00	1.800000000000e+03	7.370756465183e+02
7.483458042145e+00	1.250000000000e+03	7.370756403955e+02
7.503698825836e+00	1.950000000000e+03	7.370756364573e+02
7.523025751114e+00	1.300000000000e+03	7.370756364573e+02
7.543650388718e+00	1.550000000000e+03	7.370756305061e+02
7.563808441162e+00	2.200000000000e+03	7.370756241734e+02
7.583914995193e+00	1.550000000000e+03	7.370756184182e+02
7.603667736053e+00	1.600000000000e+03	7.370756125417e+02
7.623893976212e+00	1.850000000000e+03	7.370756070493e+02
7.643779039383e+00	1.500000000000e+03	7.370756070493e+02
7.663751363754e+00	1.500000000000e+03	7.370756018406e+02
7.683679342270e+00	1.850000000000e+03	7.370755966924e+02
7.703343153000e+00	1.850000000000e+03	7.370755966924e+02
7.723337411880e+00	1.600000000000e+03	7.370755924659e+02
7.743278026581e+00	1.950000000000e+03	7.370755859561e+02
7.763730049133e+00	2.300000000000e+03	7.370755790716e+02
7.783663749695e+00	2.100000000000e+03	7.370755726968e+02
7.804348945618e+00	2.350000000000e+03	7.370755663641e+02
7.823809146881e+00	1.550000000000e+03	7.370755658747e+02
7.843861341476e+00	2.100000000000e+03	7.370755631524e+02
7.863818883896e+00	2.150000000000e+03	7.370755567713e+02
7.883698940277e+00	1.950000000000e+03	7.370755503335e+02
7.903809785843e+00	2.000000000000e+03	7.370755443864e+02
7.923795938492e+00	1.850000000000e+03	7.370755399136e+02
7.943685770035e+00	2.650000000000e+03	7.370755356856e+02
7.963393449783e+00	1.700000000000e+03	7.370755342724e+02
7.983676433563e+00	1.950000000000e+03	7.370755271667e+02
8.003637075424e+00	2.000000000000e+03	7.370755247318e+02
8.023771524429e+00	1.550000000000e+03	7.370755247318e+02
8.042948246002e+00	1.200000000000e+03	7.370755188350e+02
8.063914537430e+00	2.100000000000e+03	7.370755123294e+02
8.083617210388e+00	1.650000000000e+03	7.370755073268e+02
8.103806495667e+00	1.950000000000e+03	7.370755016880e+02
8.123191356659e+00	1.950000000000e+03	7.370754956271e+02
8.143347024918e+00	1.650000000000e+03	7.370754935559e+02
8.163785457611e+00	1.300000000000e+03	7.370754904672e+02
8.183651685715e+00	1.850000000000e+03	7.370754833119e+02
8.203682899475e+00	1.900000000000e+03	7.370754772202e+02
8.223656177521e+00	1.600000000000e+03	7.370754735515e+02
8.243593692780e+00	1.900000000000e+03	7.370754735515e+02
8.263802289963e+00	1.450000000000e+03	7.370754680314e+02
8.283725500107e+00	1.600000000000e+03	7.370754616165e+02
8.303738117218e+00	1.600000000000e+03	7.370754564510e+02
8.323723554611e+00	1.650000000000e+03	7.370754506246e+02
8.342981100082e+00	1.650000000000e+03	7.370754442198e+02
8.363802433014e+00	1.600000000000e+03	7.370754435561e+02
8.383967161179e+00	1.400000000000e+03	7.370754404607e+02
8.403196096420e+00	1.350000000000e+03	7.370754346258e+02
8.423876523972e+00	1.350000000000e+03	7.370754280621e+02
8.443825483322e+00	1.450000000000e+03	7.370754232527e+02
8.463655233383e+00	1.100000000000e+03	7.370754229349e+02
8.483640432358e+00	1.550000000000e+03	7.370754167600e+02
8.503704786301e+00	1.400000000000e+03	7.370754106629e+02
8.523700237274e+00	1.250000000000e+03	7.370754047522e+02
8.543742656708e+00	1.000000000000e+03	7.370754026697e+02
8.563786029816e+00	1.000000000000e+03	7.370753997680e+02
8.583751201630e+00	1.250000000000e+03	7.370753933322e+02
8.603395938873e+00	8.500000000000e+02	7.370753874479e+02
8.623074054718e+00	6.500000000000e+02	7.370753825076e+02
8.643702268600e+00	1.450000000000e+03	7.370753825076e+02
8.663075923920e+00	1.650000000000e+03	7.370753790475e+02
8.683610916138e+00	1.150000000000e+03	7.370753726014e+02
8.703908920288e+00	1.550000000000e+03	7.370753663884e+02
8.723712444305e+00	1.350000000000e+03	7.370753637266e+02
8.743577718735e+00	1.350000000000e+03	7.370753637266e+02
8.763787508011e+00	1.250000000000e+03	7.370753580281e+02
8.783850193024e+00	9.000000000000e+02	7.370753518829e+02
8.803603649139e+00	4.000000000000e+02	7.370753455422e+02
8.823684215546e+00	9.000000000000e+02	7.370753445736e+02
8.843694925308e+00	8.500000000000e+02	7.370753424151e+02
8.864135503769e+00	1.050000000000e+03	7.370753356138e+02
8.883657455444e+00	4.000000000000e+02	7.370753291029e+02
8.903799533844e+00	1.400000000000e+03	7.370753241971e+02
8.923651456833e+00	8.000000000000e+02	7.370753241971e+02
8.943720340729e+00	3.500000000000e+02	7.370753204270e+02
8.963280677795e+00	6.500000000000e+02	7.370753153832e+02
8.983893871307e+00	9.500000000000e+02	7.370753083880e+02
9.002960920334e+00	1.200000000000e+03	7.370753020490e+02
9.023365736008e+00	3.500000000000e+02	7.370752956760e+02
9.043727636337e+00	4.500000000000e+02	7.370752950063e+02
9.063550233841e+00	8.000000000000e+02	7.370752931180e+02
9.083513736725e+00	1.100000000000e+03	7.370752885004e+02
9.103857278824e+00	7.000000000000e+02	7.370752831298e+02
9.123748064041e+00	9.000000000000e+02	7.370752763185e+02
9.143777847290e+00	1.100000000000e+03	7.370752752942e+02
9.163697719574e+00	4.500000000000e+02	7.370752734123e+02
9.183577537537e+00	7.500000000000e+02	7.370752659088e+02
9.203829050064e+00	6.500000000000e+02	7.370752598503e+02
9.223348140717e+00	8.000000000000e+02	7.370752559222e+02
9.243203401566e+00	7.000000000000e+02	7.370752559222e+02
9.263630867004e+00	3.500000000000e+02	7.370752496831e+02
9.283247947693e+00	8.500000000000e+02	7.370752427070e+02
9.303435564041e+00	8.500000000000e+02	7.370752363648e+02
9.323400497437e+00	4.000000000000e+02	7.370752357373e+02
9.343376159668e+00	6.500000000000e+02	7.370752337121e+02
9.363972663879e+00	5.000000000000e+02	7.370752271723e+02
9.383088350296e+00	5.000000000000e+02	7.370752212916e+02
9.403970479965e+00	5.000000000000e+02	7.370752161324e+02
9.424498319626e+00	2.000000000000e+02	7.370752161324e+02
9.443415403366e+00	6.500000000000e+02	7.370752126805e+02
9.463640451431e+00	6.000000000000e+02	7.370752068458e+02
9.483252525330e+00	5.500000000000e+02	7.370752001440e+02
9.503199338913e+00	8.000000000000e+02	7.370751935287e+02
9.523169755936e+00	5.500000000000e+02	7.370751872933e+02
9.543093204498e+00	3.500000000000e+02	7.370751860550e+02
9.563422441483e+00	3.500000000000e+02	7.370751831511e+02
9.583261251450e+00	6.000000000000e+02	7.370751767477e+02
9.603136062622e+00	2.500000000000e+02	7.370751701359e+02
9.623101472855e+00	4.000000000000e+02	7.370751647909e+02
9.643127679825e+00	4.500000000000e+02	7.370751647909e+02
9.663695096970e+00	6.500000000000e+02	7.370751598368e+02
9.683651685715e+00	5.500000000000e+02	7.370751533789e+02
9.703598976135e+00	4.500000000000e+02	7.370751464902e+02
9.723733186722e+00	3.500000000000e+02	7.370751403801e+02
9.744303941727e+00	3.500000000000e+02	7.370751345947e+02
9.763983964920e+00	4.500000000000e+02	7.370751330136e+02
9.783346652985e+00	4.000000000000e+02	7.370751297140e+02
9.803372383118e+00	5.500000000000e+02	7.370751228906e+02
9.823645353317e+00	5.000000000000e+02	7.370751167286e+02
9.843348979950e+00	5.500000000000e+02	7.370751116808e+02
9.863295078278e+00	2.500000000000e+02	7.370751116808e+02
9.883241653442e+00	5.000000000000e+02	7.370751076430e+02
9.903636217117e+00	4.500000000000e+02	7.370751007536e+02
9.923987627029e+00	1.000000000000e+02	7.370750940802e+02
9.943758010864e+00	5.500000000000e+02	7.370750900722e+02
9.963239431381e+00	2.500000000000e+02	7.370750888711e+02
9.983658552170e+00	0.000000000000e+00	7.370750825671e+02
1.000357246399e+01	3.000000000000e+02	7.370750761586e+02
1.002368044853e+01	4.500000000000e+02	7.370750694853e+02
1.004381775856e+01	2.500000000000e+02	7.370750691545e+02
1.006424474716e+01	3.500000000000e+02	7.370750666299e+02
1.008342790604e+01	5.000000000000e+02	7.370750608472e+02
1.010334968567e+01	4.000000000000e+02	7.370750546677e+02
1.012384796143e+01	5.000000000000e+02	7.370750494977e+02
1.014363670349e+01	3.000000000000e+02	7.370750494977e+02
1.016369652748e+01	3.500000000000e+02	7.370750456002e+02
1.018360519409e+01	3.000000000000e+02	7.370750393396e+02
1.020370841026e+01	5.000000000000e+02	7.370750327983e+02
1.022329735756e+01	3.000000000000e+02	7.370750266813e+02
1.024324870110e+01	3.500000000000e+02	7.370750207715e+02
1.026364398003e+01	3.500000000000e+02	7.370750195965e+02
1.028301715851e+01	3.000000000000e+02	7.370750191414e+02
1.030375194550e+01	2.000000000000e+02	7.370750094789e+02
1.032380080223e+01	5.000000000000e+01	7.370750041502e+02
1.034347367287e+01	4.000000000000e+02	7.370749991276e+02
1.036350798607e+01	3.000000000000e+02	7.370749988781e+02
1.038339376450e+01	3.000000000000e+02	7.370749956400e+02
1.040347051620e+01	2.500000000000e+02	7.370749894151e+02
1.042462491989e+01	7.000000000000e+02	7.370749830123e+02
1.044421863556e+01	0.000000000000e+00	7.370749792100e+02
1.046365714073e+01	3.000000000000e+02	7.370749786493e+02
1.048360371590e+01	3.000000000000e+02	7.370749730408e+02
1.050306844711e+01	4.000000000000e+02	7.370749673547e+02
1.052381610870e+01	1.500000000000e+02	7.370749607171e+02
1.054362297058e+01	2.000000000000e+02	7.370749591163e+02
1.056371974945e+01	4.000000000000e+02	7.370749565426e+02
1.058368563652e+01	1.000000000000e+02	7.370749501028e+02
1.060363650322e+01	2.000000000000e+02	7.370749441233e+02
1.062384486198e+01	3.500000000000e+02	7.370749391090e+02
1.064358735085e+01	3.000000000000e+02	7.370749391090e+02
1.066363596916e+01	4.000000000000e+02	7.370749340981e+02
1.068369507790e+01	2.000000000000e+02	7.370749275921e+02
1.070375752449e+01	1.500000000000e+02	7.370749216131e+02
1.072383904457e+01	2.000000000000e+02	7.370749151333e+02
1.074310970306e+01	0.000000000000e+00	7.370749089572e+02
1.076382064819e+01	1.500000000000e+02	7.370749089572e+02
1.078468251228e+01	3.000000000000e+02	7.370749049468e+02
1.080409598351e+01	3.000000000000e+02	7.370748985726e+02
1.082374548912e+01	3.000000000000e+02	7.370748922991e+02
1.084379506111e+01	1.500000000000e+02	7.370748888482e+02
1.086359739304e+01	3.000000000000e+02	7.370748888482e+02
1.088448214531e+01	5.000000000000e+01	7.370748834931e+02
1.090392017365e+01	1.500000000000e+02	7.370748771661e+02
1.092300462723e+01	1.000000000000e+02	7.370748699856e+02
1.094394874573e+01	4.000000000000e+02	7.370748642691e+02
1.096389627457e+01	1.500000000000e+02	7.370748594687e+02
1.098377466202e+01	1.500000000000e+02	7.370748584947e+02
1.100434446335e+01	1.000000000000e+02	7.370748563151e+02
1.102323460579e+01	2.000000000000e+02	7.370748480617e+02
1.104382705688e+01	1.500000000000e+02	7.370748413990e+02
1.106379008293e+01	1.500000000000e+02	7.370748379552e+02
1.108330321312e+01	3.000000000000e+02	7.370748379552e+02
1.110381555557e+01	2.000000000000e+02	7.370748330433e+02
1.112325358391e+01	2.000000000000e+02	7.370748273646e+02
1.114364552498e+01	3.500000000000e+02	7.370748208460e+02
1.116382050514e+01	2.000000000000e+02	7.370748182505e+02
1.118380522728e+01	2.500000000000e+02	7.370748174920e+02
1.120334649086e+01	3.000000000000e+02	7.370748125458e+02
1.122319865227e+01	5.000000000000e+01	7.370748079892e+02
1.124383020401e+01	0.000000000000e+00	7.370748079892e+02
1.126379466057e+01	1.000000000000e+02	7.370747998759e+02
1.128342795372e+01	1.000000000000e+02	7.370747878551e+02
1.130348873138e+01	5.000000000000e+01	7.370747878551e+02
1.132349824905e+01	5.000000000000e+01	7.370747832299e+02
1.134375119209e+01	3.000000000000e+02	7.370747777275e+02
1.136371850967e+01	1.500000000000e+02	7.370747719894e+02
1.138365817070e+01	0.000000000000e+00	7.370747685767e+02
1.140374898911e+01	5.000000000000e+01	7.370747685767e+02
1.142367696762e+01	1.500000000000e+02	7.370747615373e+02
1.144379186630e+01	1.500000000000e+02	7.370747542542e+02
1.146379709244e+01	2.500000000000e+02	7.370747478874e+02
1.148363780975e+01	1.500000000000e+02	7.370747466346e+02
1.150372529030e+01	2.500000000000e+02	7.370747441588e+02
1.152393531799e+01	0.000000000000e+00	7.370747378897e+02
1.154363632202e+01	1.000000000000e+02	7.370747310277e+02
1.156382322311e+01	1.500000000000e+02	7.370747267332e+02
1.158381104469e+01	5.000000000000e+01	7.370747267332e+02
1.160390377045e+01	1.000000000000e+02	7.370747223729e+02
1.162319993973e+01	1.500000000000e+02	7.370747161659e+02
1.164353990555e+01	5.000000000000e+01	7.370747098373e+02
1.166400098801e+01	1.500000000000e+02	7.370747063596e+02
1.168386220932e+01	1.000000000000e+02	7.370747063596e+02
1.170342683792e+01	1.500000000000e+02	7.370746996497e+02
1.172440409660e+01	3.500000000000e+02	7.370746922255e+02
1.174358248711e+01	1.500000000000e+02	7.370746856054e+02
1.176346039772e+01	1.000000000000e+02	7.370746848584e+02
1.178363633156e+01	2.000000000000e+02	7.370746835549e+02
1.180379819870e+01	1.000000000000e+02	7.370746759733e+02
1.182375216484e+01	1.000000000000e+02	7.370746691993e+02
1.184373378754e+01	5.000000000000e+01	7.370746636839e+02
1.186381578445e+01	1.000000000000e+02	7.370746636839e+02
1.188375091553e+01	1.500000000000e+02	7.370746597423e+02
1.190363574028e+01	1.500000000000e+02	7.370746530451e+02
1.192376995087e+01	1.000000000000e+02	7.370746475343e+02
1.194382071495e+01	0.000000000000e+00	7.370746437305e+02
1.196370220184e+01	0.000000000000e+00	7.370746437924e+02
1.198372411728e+01	0.000000000000e+00	7.370746437965e+02
1.200372076035e+01	2.000000000000e+02	7.370746453288e+02
1.202371501923e+01	0.000000000000e+00	7.370746487331e+02
1.204385900497e+01	5.000000000000e+01	7.370746537142e+02
1.206382989883e+01	1.000000000000e+02	7.370746568296e+02
1.208399748802e+01	0.000000000000e+00	7.370746568296e+02
1.210386419296e+01	1.500000000000e+02	7.370746607888e+02
1.212383246422e+01	1.000000000000e+02	7.370746665871e+02
1.214348578453e+01	2.500000000000e+02	7.370746727430e+02
1.216391563416e+01	1.000000000000e+02	7.370746747230e+02
1.218311381340e+01	1.000000000000e+02	7.370746753066e+02
1.220386981964e+01	5.000000000000e+01	7.370746815339e+02
1.222375607491e+01	5.000000000000e+01	7.370746879728e+02
1.224356794357e+01	5.000000000000e+01	7.370746945744e+02
1.226382279396e+01	1.000000000000e+02	7.370747005039e+02
1.228319668770e+01	1.000000000000e+02	7.370747032863e+02
1.230340933800e+01	1.000000000000e+02	7.370747032863e+02
1.232347702980e+01	1.000000000000e+02	7.370747094788e+02
1.234380650520e+01	1.000000000000e+02	7.370747159059e+02
1.236396527290e+01	5.000000000000e+01	7.370747220066e+02
1.238391232491e+01	1.500000000000e+02	7.370747226103e+02
1.240402674675e+01	1.500000000000e+02	7.370747226103e+02
1.242382359505e+01	2.500000000000e+02	7.370747269545e+02
1.244307827950e+01	2.500000000000e+02	7.370747313866e+02
1.246370077133e+01	1.500000000000e+02	7.370747374681e+02
1.248374724388e+01	5.000000000000e+01	7.370747435059e+02
1.250376892090e+01	2.000000000000e+02	7.370747496911e+02
1.252302885056e+01	1.000000000000e+02	7.370747504187e+02
1.254328179359e+01	0.000000000000e+00	7.370747547318e+02
1.256309580803e+01	1.500000000000e+02	7.370747597252e+02
1.258392858505e+01	2.000000000000e+02	7.370747666785e+02
1.260364294052e+01	2.000000000000e+02	7.370747706813e+02
1.262340259552e+01	1.000000000000e+02	7.370747706813e+02
1.264392423630e+01	2.000000000000e+02	7.370747758867e+02
1.266371726990e+01	5.000000000000e+01	7.370747815630e+02
1.268374967575e+01	1.500000000000e+02	7.370747873779e+02
1.270329856873e+01	5.000000000000e+01	7.370747889351e+02
1.272636079788e+01	1.000000000000e+02	7.370747905278e+02
1.274330186844e+01	1.500000000000e+02	7.370747959317e+02
1.276322150230e+01	5.000000000000e+01	7.370748022502e+02
1.278338718414e+01	2.000000000000e+02	7.370748076743e+02
1.280323243141e+01	3.000000000000e+02	7.370748076743e+02
1.282457733154e+01	1.500000000000e+02	7.370748121006e+02
1.284351992607e+01	5.000000000000e+01	7.370748182496e+02
1.286375689507e+01	1.000000000000e+02	7.370748243729e+02
1.288369297981e+01	1.000000000000e+02	7.370748270080e+02
1.290338468552e+01	2.000000000000e+02	7.370748270080e+02
1.292369008064e+01	2.500000000000e+02	7.370748334592e+02
1.294372105598e+01	2.500000000000e+02	7.370748393189e+02
1.296379876137e+01	2.500000000000e+02	7.370748448078e+02
1.298369145393e+01	1.500000000000e+02	7.370748453400e+02
1.300367689133e+01	2.500000000000e+02	7.370748473851e+02
1.302374291420e+01	4.500000000000e+02	7.370748542505e+02
1.304380846024e+01	1.500000000000e+02	7.370748606506e+02
1.306382751465e+01	1.000000000000e+02	7.370748660155e+02
1.308395576477e+01	1.500000000000e+02	7.370748700372e+02
1.310387992859e+01	1.500000000000e+02	7.370748736196e+02
1.312312483788e+01	3.000000000000e+02	7.370748754636e+02
1.314381098747e+01	1.000000000000e+02	7.370748815413e+02
1.316376256943e+01	1.500000000000e+02	7.370748831087e+02
1.318371701241e+01	3.500000000000e+02	7.370748841064e+02
1.320315790176e+01	5.000000000000e+01	7.370748909306e+02
1.322379875183e+01	3.000000000000e+02	7.370748961560e+02
1.324388194084e+01	5.000000000000e+01	7.370749004111e+02
1.326371669769e+01	0.000000000000e+00	7.370749028706e+02
1.328378391266e+01	1.500000000000e+02	7.370749079562e+02
1.330337047577e+01	1.000000000000e+02	7.370749162482e+02
1.332377886772e+01	2.000000000000e+02	7.370749220368e+02
1.334372091293e+01	2.000000000000e+02	7.370749220368e+02
1.336374497414e+01	1.500000000000e+02	7.370749275381e+02
1.338375449181e+01	2.000000000000e+02	7.370749339182e+02
1.340374445915e+01	3.500000000000e+02	7.370749399255e+02
1.342442893982e+01	1.000000000000e+02	7.370749406654e+02
1.344335985184e+01	0.000000000000e+00	7.370749410091e+02
1.346331572533e+01	1.500000000000e+02	7.370749477304e+02
1.348390650749e+01	3.000000000000e+02	7.370749547103e+02
1.350370502472e+01	3.500000000000e+02	7.370749611083e+02
1.352364087105e+01	5.000000000000e+01	7.370749611083e+02
1.354407262802e+01	1.000000000000e+02	7.370749651620e+02
1.356432151794e+01	2.500000000000e+02	7.370749698151e+02
1.358370661736e+01	2.000000000000e+02	7.370749765462e+02
1.360375714302e+01	3.500000000000e+02	7.370749809217e+02
1.362362170219e+01	4.500000000000e+02	7.370749809217e+02
1.364379405975e+01	2.000000000000e+02	7.370749868048e+02
1.366376090050e+01	4.500000000000e+02	7.370749928802e+02
1.368375778198e+01	1.000000000000e+02	7.370749984112e+02
1.370336771011e+01	2.000000000000e+02	7.370749995151e+02
1.372330760956e+01	2.500000000000e+02	7.370750017233e+02
1.374312090874e+01	4.000000000000e+02	7.370750089522e+02
1.376337575912e+01	1.500000000000e+02	7.370750146379e+02
1.378369069099e+01	2.000000000000e+02	7.370750187194e+02
1.380323314667e+01	2.500000000000e+02	7.370750187194e+02
1.382310199738e+01	3.000000000000e+02	7.370750232369e+02
1.384404039383e+01	4.000000000000e+02	7.370750299519e+02
1.386352062225e+01	3.000000000000e+02	7.370750360967e+02
1.388378548622e+01	2.000000000000e+02	7.370750381301e+02
1.390347790718e+01	2.000000000000e+02	7.370750391263e+02
1.392374205589e+01	5.000000000000e+02	7.370750456573e+02
1.394364595413e+01	5.000000000000e+02	7.370750517719e+02
1.396359205246e+01	3.500000000000e+02	7.370750577878e+02
1.398366045952e+01	5.000000000000e+02	7.370750647480e+02
1.400383353233e+01	4.000000000000e+02	7.370750678349e+02
1.402323079109e+01	3.000000000000e+02	7.370750678349e+02
1.404307746887e+01	1.000000000000e+02	7.370750742365e+02
1.406371188164e+01	2.500000000000e+02	7.370750809165e+02
1.408425879478e+01	7.500000000000e+02	7.370750871551e+02
1.410320544243e+01	3.500000000000e+02	7.370750889731e+02
1.412333655357e+01	1.500000000000e+02	7.370750905844e+02
1.414354610443e+01	2.500000000000e+02	7.370750949914e+02
1.416388344765e+01	4.500000000000e+02	7.370750996932e+02
1.418385386467e+01	2.500000000000e+02	7.370751058300e+02
1.420321726799e+01	2.500000000000e+02	7.370751122075e+02
1.422347903252e+01	6.500000000000e+02	7.370751189258e+02
1.424380564690e+01	4.000000000000e+02	7.370751189258e+02
1.426364803314e+01	4.500000000000e+02	7.370751221875e+02
1.428368926048e+01	5.500000000000e+02	7.370751288929e+02
1.430373167992e+01	1.000000000000e+02	7.370751354433e+02
1.432373809814e+01	1.500000000000e+02	7.370751396868e+02
1.434364771843e+01	2.000000000000e+02	7.370751396868e+02
1.436346960068e+01	8.000000000000e+02	7.370751455514e+02
1.438376736641e+01	6.000000000000e+02	7.370751523623e+02
1.440380954742e+01	8.500000000000e+02	7.370751584943e+02
1.442445588112e+01	3.500000000000e+02	7.370751601915e+02
1.444441056252e+01	5.500000000000e+02	7.370751608842e+02
1.446348524094e+01	7.500000000000e+02	7.370751674961e+02
1.448376393318e+01	3.500000000000e+02	7.370751760953e+02
1.450336813927e+01	4.500000000000e+02	7.370751831963e+02
1.452318310738e+01	8.000000000000e+02	7.370751877900e+02
1.454313015938e+01	6.500000000000e+02	7.370751905647e+02
1.456307673454e+01	5.000000000000e+02	7.370751923797e+02
1.458358335495e+01	2.500000000000e+02	7.370751977114e+02
1.460323476791e+01	8.500000000000e+02	7.370752030946e+02
1.462327504158e+01	9.000000000000e+02	7.370752090617e+02
1.464351487160e+01	7.000000000000e+02	7.370752104169e+02
1.466374945641e+01	5.500000000000e+02	7.370752127921e+02
1.468366956711e+01	6.000000000000e+02	7.370752182757e+02
1.470336389542e+01	9.500000000000e+02	7.370752240785e+02
1.472347307205e+01	6.000000000000e+02	7.370752292670e+02
1.474370002747e+01	6.000000000000e+02	7.370752292670e+02
1.476383399963e+01	5.500000000000e+02	7.370752336003e+02
1.478437566757e+01	5.500000000000e+02	7.370752384697e+02
1.480348396301e+01	8.500000000000e+02	7.370752485462e+02
1.482372403145e+01	1.000000000000e+03	7.370752491742e+02
1.484347462654e+01	8.500000000000e+02	7.370752491742e+02
1.486333847046e+01	9.500000000000e+02	7.370752551866e+02
1.488359689713e+01	9.000000000000e+02	7.370752615291e+02
1.490354895592e+01	1.200000000000e+03	7.370752671822e+02
1.492391848564e+01	1.050000000000e+03	7.370752680303e+02
1.494471073151e+01	1.100000000000e+03	7.370752706810e+02
1.496303677559e+01	1.000000000000e+03	7.370752762360e+02
1.498349142075e+01	1.150000000000e+03	7.370752825876e+02
1.500380730629e+01	7.500000000000e+02	7.370752883101e+02
1.502382779121e+01	8.500000000000e+02	7.370752930130e+02
1.504468202591e+01	1.000000000000e+03	7.370752960488e+02
1.506466364861e+01	9.000000000000e+02	7.370752974942e+02
1.508382987976e+01	9.000000000000e+02	7.370753044397e+02
1.510359048843e+01	1.000000000000e+03	7.370753054981e+02
1.512315011024e+01	7.000000000000e+02	7.370753054981e+02
1.514385342598e+01	6.000000000000e+02	7.370753054981e+02
1.516374588013e+01	9.500000000000e+02	7.370753130079e+02
1.518345832825e+01	1.000000000000e+03	7.370753247805e+02
1.520402336121e+01	1.300000000000e+03	7.370753309255e+02
1.522377777100e+01	1.100000000000e+03	7.370753340916e+02
1.524376583099e+01	1.100000000000e+03	7.370753340916e+02
1.526369810104e+01	1.250000000000e+03	7.370753395733e+02
1.528364491463e+01	1.650000000000e+03	7.370753455382e+02
1.530383968353e+01	1.350000000000e+03	7.370753520416e+02
1.532363700867e+01	9.000000000000e+02	7.370753535682e+02
1.534380769730e+01	1.050000000000e+03	7.370753561540e+02
1.536371135712e+01	1.400000000000e+03	7.370753621747e+02
1.538368844986e+01	1.200000000000e+03	7.370753686825e+02
1.540344119072e+01	1.050000000000e+03	7.370753745422e+02
1.542468094826e+01	8.000000000000e+02	7.370753745422e+02
1.544382548332e+01	1.450000000000e+03	7.370753779737e+02
1.546361160278e+01	1.100000000000e+03	7.370753852952e+02
1.548366236687e+01	1.200000000000e+03	7.370753919875e+02
1.550380802155e+01	1.200000000000e+03	7.370753950529e+02
1.552345061302e+01	1.150000000000e+03	7.370753953699e+02
1.554370880127e+01	2.000000000000e+03	7.370754018052e+02
1.556379914284e+01	1.600000000000e+03	7.370754082699e+02
1.558366084099e+01	1.800000000000e+03	7.370754147405e+02
1.560330295563e+01	7.500000000000e+02	7.370754155971e+02
1.562344717979e+01	0.000000000000e+00	7.370754170023e+02
1.564381599426e+01	0.000000000000e+00	7.370754225149e+02
1.566337323189e+01	0.000000000000e+00	7.370754278062e+02
1.568369460106e+01	5.000000000000e+01	7.370754333017e+02
1.570402979851e+01	0.000000000000e+00	7.370754394543e+02
1.572350835800e+01	0.000000000000e+00	7.370754458625e+02
1.574383211136e+01	8.000000000000e+02	7.370754526216e+02
1.576385521889e+01	1.600000000000e+03	7.370754558008e+02
1.578368949890e+01	1.400000000000e+03	7.370754582339e+02
1.580348539352e+01	1.750000000000e+03	7.370754632677e+02
1.582393693924e+01	1.550000000000e+03	7.370754690055e+02
1.584397912025e+01	1.600000000000e+03	7.370754753557e+02
1.586368346214e+01	2.300000000000e+03	7.370754760792e+02
1.588368415833e+01	1.450000000000e+03	7.370754784144e+02
1.590342855453e+01	1.650000000000e+03	7.370754848601e+02
1.592347526550e+01	1.650000000000e+03	7.370754911564e+02
1.594382858276e+01	1.250000000000e+03	7.370754958495e+02
1.596379923820e+01	1.900000000000e+03	7.370754958495e+02
1.598372292519e+01	1.350000000000e+03	7.370755009435e+02
1.600369811058e+01	1.550000000000e+03	7.370755074606e+02
1.602384185791e+01	1.550000000000e+03	7.370755146010e+02
1.604380035400e+01	1.850000000000e+03	7.370755167685e+02
1.606380105019e+01	8.500000000000e+02	7.370755188579e+02
1.608333897591e+01	1.650000000000e+03	7.370755239067e+02
1.610378503799e+01	1.850000000000e+03	7.370755298432e+02
1.612322545052e+01	2.150000000000e+03	7.370755361406e+02
1.614381313324e+01	1.250000000000e+03	7.370755368665e+02
1.616381216049e+01	1.150000000000e+03	7.370755397106e+02
1.618367481232e+01	1.450000000000e+03	7.370755462543e+02
1.620336389542e+01	1.700000000000e+03	7.370755534746e+02
1.622318649292e+01	1.050000000000e+03	7.370755577135e+02
1.624382448196e+01	1.700000000000e+03	7.370755577135e+02
1.626362586021e+01	1.800000000000e+03	7.370755626666e+02
1.628300929070e+01	2.150000000000e+03	7.370755684940e+02
1.630343246460e+01	2.100000000000e+03	7.370755765884e+02
1.632310557365e+01	1.600000000000e+03	7.370755788431e+02
1.634358000755e+01	1.850000000000e+03	7.370755795436e+02
1.636379623413e+01	2.050000000000e+03	7.370755865535e+02
1.638375687599e+01	1.550000000000e+03	7.370755928939e+02
1.640368103981e+01	2.150000000000e+03	7.370755988367e+02
1.642373037338e+01	2.300000000000e+03	7.370756057277e+02
1.644384050369e+01	1.150000000000e+03	7.370756095107e+02
1.646470665932e+01	1.850000000000e+03	7.370756095107e+02
1.648372936249e+01	2.100000000000e+03	7.370756149973e+02
1.650330805779e+01	1.650000000000e+03	7.370756214005e+02
1.652356314659e+01	1.950000000000e+03	7.370756275413e+02
1.654384875298e+01	1.600000000000e+03	7.370756282634e+02
1.656384015083e+01	1.350000000000e+03	7.370756311462e+02
1.658376932144e+01	1.900000000000e+03	7.370756377977e+02
1.660336589813e+01	2.100000000000e+03	7.370756436423e+02
1.662441730499e+01	2.150000000000e+03	7.370756477573e+02
1.664378905296e+01	2.450000000000e+03	7.370756477573e+02
1.666376399994e+01	1.450000000000e+03	7.370756520640e+02
1.668371081352e+01	1.250000000000e+03	7.370756583829e+02
1.670303297043e+01	1.800000000000e+03	7.370756639941e+02
1.672400975227e+01	1.750000000000e+03	7.370756663113e+02
1.674385690689e+01	1.600000000000e+03	7.370756666371e+02
1.676383590698e+01	9.500000000000e+02	7.370756731598e+02
1.678375434875e+01	1.200000000000e+03	7.370756785143e+02
1.680384993553e+01	1.550000000000e+03	7.370756830032e+02
1.682341718674e+01	1.400000000000e+03	7.370756882970e+02
1.684341740608e+01	9.500000000000e+02	7.370756957934e+02
1.686366891861e+01	1.250000000000e+03	7.370756967368e+02
1.688400936127e+01	1.650000000000e+03	7.370756985040e+02
1.690383982658e+01	1.550000000000e+03	7.370757046731e+02
1.692464613914e+01	1.350000000000e+03	7.370757116465e+02
1.694365024567e+01	1.300000000000e+03	7.370757168160e+02
1.696376323700e+01	9.000000000000e+02	7.370757168160e+02
1.698467659950e+01	8.500000000000e+02	7.370757221464e+02
1.700362229347e+01	1.050000000000e+03	7.370757272170e+02
1.702381658554e+01	1.100000000000e+03	7.370757368816e+02
1.704369187355e+01	1.300000000000e+03	7.370757378022e+02
1.706363844872e+01	1.150000000000e+03	7.370757388958e+02
1.708370900154e+01	1.150000000000e+03	7.370757443980e+02
1.710342097282e+01	1.050000000000e+03	7.370757504982e+02
1.712344479561e+01	1.050000000000e+03	7.370757575175e+02
1.714367723465e+01	1.100000000000e+03	7.370757642562e+02
1.716376447678e+01	1.000000000000e+03	7.370757681653e+02
1.718367600441e+01	9.000000000000e+02	7.370757681653e+02
1.720380353928e+01	8.500000000000e+02	7.370757740383e+02
1.722382378578e+01	1.050000000000e+03	7.370757805854e+02
1.724378919601e+01	1.100000000000e+03	7.370757872136e+02
1.726376128197e+01	9.000000000000e+02	7.370757883426e+02
1.728379583359e+01	9.000000000000e+02	7.370757903404e+02
1.730381035805e+01	8.000000000000e+02	7.370757970768e+02
1.732296943665e+01	1.150000000000e+03	7.370757985023e+02
1.734381985664e+01	9.000000000000e+02	7.370758005334e+02
1.736383748055e+01	7.000000000000e+02	7.370758076778e+02
1.738310337067e+01	9.000000000000e+02	7.370758141250e+02
1.740339350700e+01	8.500000000000e+02	7.370758207174e+02
1.742387986183e+01	7.000000000000e+02	7.370758272196e+02
1.744313573837e+01	9.500000000000e+02	7.370758306402e+02
1.746395039558e+01	1.000000000000e+03	7.370758315153e+02
1.748370432854e+01	1.250000000000e+03	7.370758373446e+02
1.750383496284e+01	8.500000000000e+02	7.370758432092e+02
1.752337980270e+01	1.100000000000e+03	7.370758488528e+02
1.754377174377e+01	8.500000000000e+02	7.370758494286e+02
1.756381392479e+01	7.000000000000e+02	7.370758524458e+02
1.758359503746e+01	9.000000000000e+02	7.370758592392e+02
1.760316538811e+01	9.500000000000e+02	7.370758654539e+02
1.762363052368e+01	1.050000000000e+03	7.370758699943e+02
1.764407658577e+01	6.000000000000e+02	7.370758699943e+02
1.766325235367e+01	8.000000000000e+02	7.370758749473e+02
1.768333625793e+01	4.000000000000e+02	7.370758810217e+02
1.770378446579e+01	4.000000000000e+02	7.370758855909e+02
1.772349500656e+01	4.500000000000e+02	7.370758899952e+02
1.774469113350e+01	5.000000000000e+02	7.370758967213e+02
1.776316094398e+01	6.000000000000e+02	7.370759000505e+02
1.778310704231e+01	6.500000000000e+02	7.370759000505e+02
1.780415034294e+01	5.500000000000e+02	7.370759058531e+02
1.782362294197e+01	5.500000000000e+02	7.370759131282e+02
1.784444570541e+01	5.000000000000e+02	7.370759203458e+02
1.786368083954e+01	6.500000000000e+02	7.370759203458e+02
1.788366961479e+01	7.000000000000e+02	7.370759214065e+02
1.790351867676e+01	5.500000000000e+02	7.370759285000e+02
1.792364358902e+01	5.000000000000e+02	7.370759361600e+02
1.794438743591e+01	7.500000000000e+02	7.370759406474e+02
1.796384096146e+01	3.000000000000e+02	7.370759406474e+02
1.798367261887e+01	5.500000000000e+02	7.370759444098e+02
1.800438857079e+01	6.000000000000e+02	7.370759510583e+02
1.802370643616e+01	6.500000000000e+02	7.370759578050e+02
1.804370689392e+01	4.000000000000e+02	7.370759616656e+02
1.806374168396e+01	4.500000000000e+02	7.370759637819e+02
1.808379912376e+01	3.500000000000e+02	7.370759691026e+02
1.810367655754e+01	5.500000000000e+02	7.370759746829e+02
1.812372493744e+01	5.500000000000e+02	7.370759807468e+02
1.814367341995e+01	4.000000000000e+02	7.370759880224e+02
1.816371822357e+01	4.000000000000e+02	7.370759925721e+02
1.818383049965e+01	5.500000000000e+02	7.370759925721e+02
1.820443797112e+01	4.500000000000e+02	7.370759978738e+02
1.822434854507e+01	4.000000000000e+02	7.370760037263e+02
1.824382686615e+01	3.000000000000e+02	7.370760122671e+02
1.826382088661e+01	4.000000000000e+02	7.370760126916e+02
1.828375840187e+01	6.000000000000e+02	7.370760135819e+02
1.830402326584e+01	4.500000000000e+02	7.370760221001e+02
1.832370495796e+01	3.000000000000e+02	7.370760280297e+02
1.834333252907e+01	3.500000000000e+02	7.370760335551e+02
1.836384081841e+01	4.000000000000e+02	7.370760335551e+02
1.838375592232e+01	4.000000000000e+02	7.370760362342e+02
1.840374231339e+01	4.000000000000e+02	7.370760423941e+02
1.842384624481e+01	2.500000000000e+02	7.370760494485e+02
1.844373655319e+01	5.500000000000e+02	7.370760535533e+02
1.846380734444e+01	2.500000000000e+02	7.370760535533e+02
1.848368954659e+01	1.000000000000e+02	7.370760589376e+02
1.850375533104e+01	3.500000000000e+02	7.370760653388e+02
1.852375793457e+01	2.500000000000e+02	7.370760718181e+02
1.854444813728e+01	2.000000000000e+02	7.370760732177e+02
1.856383514404e+01	2.000000000000e+02	7.370760746955e+02
1.858368110657e+01	2.500000000000e+02	7.370760815188e+02
1.860442709923e+01	4.000000000000e+02	7.370760875245e+02
1.862457919121e+01	2.500000000000e+02	7.370760928152e+02
1.864396643639e+01	2.000000000000e+02	7.370761000177e+02
1.866376256943e+01	3.500000000000e+02	7.370761034058e+02
1.868462586403e+01	3.500000000000e+02	7.370761034058e+02
1.870374488831e+01	4.500000000000e+02	7.370761090500e+02
1.872384285927e+01	2.500000000000e+02	7.370761163971e+02
1.874380517006e+01	3.500000000000e+02	7.370761228793e+02
1.876384615898e+01	3.000000000000e+02	7.370761235415e+02
1.878364372253e+01	4.500000000000e+02	7.370761262664e+02
1.880362105370e+01	2.000000000000e+02	7.370761331558e+02
1.882433605194e+01	3.500000000000e+02	7.370761399577e+02
1.884330821037e+01	1.500000000000e+02	7.370761441728e+02
1.886328077316e+01	2.000000000000e+02	7.370761441728e+02
1.888328433037e+01	5.000000000000e+01	7.370761495933e+02
1.890333414078e+01	5.000000000000e+01	7.370761562674e+02
1.892453050613e+01	1.000000000000e+02	7.370761629690e+02
1.894345951080e+01	2.000000000000e+02	7.370761681932e+02
1.896384501457e+01	2.500000000000e+02	7.370761733416e+02
1.898470592499e+01	1.000000000000e+02	7.370761751408e+02
1.900389552116e+01	4.000000000000e+02	7.370761777588e+02
1.902379560471e+01	2.500000000000e+02	7.370761827184e+02
1.904459142685e+01	3.500000000000e+02	7.370761895025e+02
1.906377530098e+01	3.500000000000e+02	7.370761958700e+02
1.908336162567e+01	3.000000000000e+02	7.370761958700e+02
1.910326194763e+01	5.000000000000e+01	7.370761978582e+02
1.912392449379e+01	1.000000000000e+02	7.370762047425e+02
1.914372467995e+01	5.000000000000e+01	7.370762121917e+02
1.916377520561e+01	1.500000000000e+02	7.370762164408e+02
1.918385958672e+01	2.500000000000e+02	7.370762164408e+02
1.920380759239e+01	2.500000000000e+02	7.370762215226e+02
1.922375631332e+01	1.000000000000e+02	7.370762282169e+02
1.924385786057e+01	5.000000000000e+02	7.370762346279e+02
1.926382446289e+01	1.500000000000e+02	7.370762370293e+02
1.928364896774e+01	4.000000000000e+02	7.370762399480e+02
1.930384778976e+01	3.000000000000e+02	7.370762452447e+02
1.932407450676e+01	3.500000000000e+02	7.370762512398e+02
1.934398722649e+01	1.500000000000e+02	7.370762576647e+02
1.936382603645e+01	3.000000000000e+02	7.370762629261e+02
1.938365626335e+01	1.000000000000e+02	7.370762655788e+02
1.940364861488e+01	1.500000000000e+02	7.370762655788e+02
1.942438268661e+01	3.000000000000e+02	7.370762678296e+02
1.944379210472e+01	1.500000000000e+02	7.370762698685e+02
1.946396970749e+01	2.000000000000e+02	7.370762712456e+02
1.948334598541e+01	1.500000000000e+02	7.370762713138e+02
1.950384640694e+01	1.000000000000e+02	7.370762714304e+02
1.952471017838e+01	2.500000000000e+02	7.370762718749e+02
1.954316258430e+01	1.500000000000e+02	7.370762724507e+02
1.956313705444e+01	2.500000000000e+02	7.370762728737e+02
1.958405375481e+01	1.500000000000e+02	7.370762728737e+02
1.960374474525e+01	1.000000000000e+02	7.370762729520e+02
1.962366271019e+01	1.500000000000e+02	7.370762731410e+02
1.964316129684e+01	2.500000000000e+02	7.370762738997e+02
1.966383409500e+01	1.000000000000e+02	7.370762742981e+02
1.968345284462e+01	1.000000000000e+02	7.370762744085e+02
1.970398831367e+01	2.500000000000e+02	7.370762749616e+02
1.972374582291e+01	2.000000000000e+02	7.370762752646e+02
1.974354314804e+01	2.500000000000e+02	7.370762754142e+02
1.976398181915e+01	2.500000000000e+02	7.370762754142e+02
1.978309702873e+01	2.500000000000e+02	7.370762752947e+02
1.980383300781e+01	1.000000000000e+02	7.370762749847e+02
1.982389664650e+01	1.000000000000e+02	7.370762752313e+02
1.984386515617e+01	4.000000000000e+02	7.370762754695e+02
1.986385893822e+01	2.500000000000e+02	7.370762754695e+02
1.988339376450e+01	3.000000000000e+02	7.370762758319e+02
1.990339231491e+01	5.000000000000e+01	7.370762762240e+02
1.992336392403e+01	1.500000000000e+02	7.370762763915e+02
1.994331598282e+01	2.000000000000e+02	7.370762764415e+02
1.996341657639e+01	2.000000000000e+02	7.370762764832e+02
1.998368644714e+01	1.000000000000e+02	7.370762768016e+02
2.000377678871e+01	1.500000000000e+02	7.370762770133e+02
2.002376055717e+01	2.500000000000e+02	7.370762771520e+02
2.004345917702e+01	1.000000000000e+02	7.370762771338e+02
2.006384849548e+01	2.500000000000e+02	7.370762771252e+02
2.008376789093e+01	1.500000000000e+02	7.370762771252e+02
2.010382986069e+01	1.500000000000e+02	7.370762774763e+02
