#Saved Data from the class wavemeter_logger_logic on 22.11.2022 at 14h10m45s.
#
#Parameters:
#===========
#
#Start Time (s): 22.11.2022 14h:10min:25s
#Stop Time (s): 22.11.2022 14h:10min:45s
#
#Data:
#=====
#Measurement Time (s)	Signal (counts/s)	Interpolated Wavelength (nm)
3.298044204712e-03	1.700000000000e+03	7.370755849953e+02
2.358794212341e-02	1.250000000000e+03	7.370755849953e+02
4.297494888306e-02	2.000000000000e+03	7.370755849953e+02
6.270623207092e-02	1.850000000000e+03	7.370755849953e+02
8.339905738831e-02	1.850000000000e+03	7.370755849953e+02
1.080484390259e-01	1.250000000000e+03	7.370755848908e+02
1.289272308350e-01	1.300000000000e+03	7.370755846003e+02
1.458907127380e-01	1.450000000000e+03	7.370755843642e+02
1.731877326965e-01	1.400000000000e+03	7.370755841724e+02
2.010316848755e-01	2.200000000000e+03	7.370755841265e+02
2.350151538849e-01	1.250000000000e+03	7.370755841416e+02
2.469818592072e-01	1.200000000000e+03	7.370755841469e+02
2.928538322449e-01	1.300000000000e+03	7.370755841673e+02
3.217835426331e-01	1.500000000000e+03	7.370755841802e+02
3.819129467010e-01	1.250000000000e+03	7.370755844243e+02
3.819129467010e-01	1.200000000000e+03	7.370755844243e+02
3.828976154327e-01	2.250000000000e+03	7.370755844283e+02
3.828976154327e-01	1.650000000000e+03	7.370755844283e+02
3.838946819305e-01	1.650000000000e+03	7.370755844316e+02
3.838946819305e-01	1.700000000000e+03	7.370755844316e+02
4.027271270752e-01	1.000000000000e+03	7.370755844939e+02
4.231986999512e-01	1.300000000000e+03	7.370755845107e+02
4.426517486572e-01	1.950000000000e+03	7.370755844890e+02
4.629635810852e-01	2.000000000000e+03	7.370755844879e+02
4.829101562500e-01	1.200000000000e+03	7.370755846128e+02
5.028858184814e-01	1.100000000000e+03	7.370755849257e+02
5.230677127838e-01	1.700000000000e+03	7.370755849305e+02
5.437955856323e-01	1.850000000000e+03	7.370755849094e+02
5.630929470062e-01	1.900000000000e+03	7.370755849094e+02
5.831253528595e-01	1.300000000000e+03	7.370755846269e+02
6.025953292847e-01	1.600000000000e+03	7.370755842564e+02
6.231837272644e-01	1.100000000000e+03	7.370755837264e+02
6.433265209198e-01	0.000000000000e+00	7.370755835729e+02
6.637189388275e-01	0.000000000000e+00	7.370755829377e+02
6.833584308624e-01	3.000000000000e+02	7.370755787650e+02
7.026195526123e-01	1.750000000000e+03	7.370755740998e+02
7.232747077942e-01	1.450000000000e+03	7.370755686568e+02
7.432789802551e-01	1.250000000000e+03	7.370755625866e+02
7.641301155090e-01	1.650000000000e+03	7.370755601596e+02
7.832820415497e-01	1.200000000000e+03	7.370755598328e+02
8.033909797668e-01	1.200000000000e+03	7.370755532546e+02
8.231391906738e-01	1.250000000000e+03	7.370755473425e+02
8.430967330933e-01	6.500000000000e+02	7.370755419085e+02
8.630688190460e-01	2.050000000000e+03	7.370755372135e+02
8.831031322479e-01	1.400000000000e+03	7.370755327517e+02
9.033958911896e-01	1.250000000000e+03	7.370755311964e+02
9.226164817810e-01	1.750000000000e+03	7.370755276255e+02
9.433505535126e-01	1.300000000000e+03	7.370755209807e+02
9.639198780060e-01	1.550000000000e+03	7.370755209807e+02
9.832863807678e-01	1.000000000000e+03	7.370755175550e+02
1.003391981125e+00	1.050000000000e+03	7.370755119921e+02
1.023285388947e+00	1.650000000000e+03	7.370755042411e+02
1.043402671814e+00	2.050000000000e+03	7.370754973109e+02
1.063412904739e+00	1.500000000000e+03	7.370754912752e+02
1.083318233490e+00	1.400000000000e+03	7.370754909743e+02
1.103370666504e+00	1.650000000000e+03	7.370754888681e+02
1.123337745667e+00	1.550000000000e+03	7.370754837239e+02
1.143381357193e+00	1.750000000000e+03	7.370754777474e+02
1.162963867188e+00	1.850000000000e+03	7.370754707221e+02
1.183100223541e+00	1.250000000000e+03	7.370754699462e+02
1.203049182892e+00	9.500000000000e+02	7.370754669853e+02
1.223127841949e+00	5.500000000000e+02	7.370754620272e+02
1.244118928909e+00	8.500000000000e+02	7.370754557746e+02
1.263436317444e+00	1.500000000000e+03	7.370754495355e+02
1.282391786575e+00	1.200000000000e+03	7.370754429509e+02
1.303399324417e+00	1.350000000000e+03	7.370754400534e+02
1.324082612991e+00	1.650000000000e+03	7.370754375788e+02
1.343116521835e+00	1.150000000000e+03	7.370754327293e+02
1.363262891769e+00	1.600000000000e+03	7.370754304433e+02
1.383279323578e+00	1.400000000000e+03	7.370754285716e+02
1.403206825256e+00	8.500000000000e+02	7.370754233341e+02
1.423287868500e+00	1.200000000000e+03	7.370754176102e+02
1.443412542343e+00	1.450000000000e+03	7.370754112946e+02
1.462682008743e+00	1.350000000000e+03	7.370754036502e+02
1.483342885971e+00	1.400000000000e+03	7.370754000708e+02
1.504051685333e+00	1.100000000000e+03	7.370754000708e+02
1.522953748703e+00	9.000000000000e+02	7.370753955894e+02
1.543146133423e+00	1.150000000000e+03	7.370753888978e+02
1.562641382217e+00	7.000000000000e+02	7.370753814168e+02
1.582847356796e+00	8.500000000000e+02	7.370753802777e+02
1.603226423264e+00	8.500000000000e+02	7.370753781585e+02
1.623221397400e+00	8.000000000000e+02	7.370753731202e+02
1.643389225006e+00	6.500000000000e+02	7.370753671777e+02
1.663079738617e+00	8.000000000000e+02	7.370753612352e+02
1.683660507202e+00	7.000000000000e+02	7.370753612352e+02
1.702897787094e+00	6.500000000000e+02	7.370753579332e+02
1.723137855530e+00	8.000000000000e+02	7.370753514227e+02
1.742544412613e+00	8.000000000000e+02	7.370753450861e+02
1.762738943100e+00	6.500000000000e+02	7.370753422909e+02
1.783005237579e+00	7.000000000000e+02	7.370753422909e+02
1.803406476974e+00	6.000000000000e+02	7.370753366695e+02
1.823261499405e+00	7.000000000000e+02	7.370753307227e+02
1.843258619308e+00	8.000000000000e+02	7.370753248804e+02
1.863359451294e+00	6.000000000000e+02	7.370753234249e+02
1.882992267609e+00	4.500000000000e+02	7.370753212850e+02
1.903209924698e+00	3.500000000000e+02	7.370753151036e+02
1.923134088516e+00	4.000000000000e+02	7.370753084922e+02
1.943102359772e+00	3.500000000000e+02	7.370753037537e+02
1.963210344315e+00	7.000000000000e+02	7.370753037537e+02
1.982556581497e+00	8.000000000000e+02	7.370752995754e+02
2.003294467926e+00	2.500000000000e+02	7.370752934583e+02
2.024010181427e+00	7.000000000000e+02	7.370752873220e+02
2.043231487274e+00	6.500000000000e+02	7.370752811990e+02
2.063225746155e+00	4.500000000000e+02	7.370752746870e+02
2.083114147186e+00	3.000000000000e+02	7.370752746870e+02
2.103399753571e+00	5.500000000000e+02	7.370752728634e+02
2.123042345047e+00	7.000000000000e+02	7.370752684554e+02
2.143320798874e+00	3.500000000000e+02	7.370752633855e+02
2.163007974625e+00	3.500000000000e+02	7.370752568549e+02
2.183513641357e+00	4.000000000000e+02	7.370752492760e+02
2.203392744064e+00	6.500000000000e+02	7.370752447039e+02
2.223332881927e+00	3.500000000000e+02	7.370752447039e+02
2.242650508881e+00	6.500000000000e+02	7.370752396760e+02
2.263391017914e+00	5.000000000000e+02	7.370752324578e+02
2.282461643219e+00	6.000000000000e+02	7.370752266862e+02
2.303383827209e+00	5.000000000000e+02	7.370752248819e+02
2.322994232178e+00	2.500000000000e+02	7.370752232589e+02
2.342734813690e+00	5.000000000000e+02	7.370752152312e+02
2.363285779953e+00	4.500000000000e+02	7.370752098613e+02
2.383282184601e+00	5.000000000000e+01	7.370752049294e+02
2.403289079666e+00	2.000000000000e+02	7.370752049294e+02
2.422418117523e+00	1.500000000000e+02	7.370752001332e+02
2.443310499191e+00	2.500000000000e+02	7.370751937803e+02
2.463394880295e+00	4.500000000000e+02	7.370751883028e+02
2.483281612396e+00	2.500000000000e+02	7.370751828420e+02
2.504237890244e+00	3.000000000000e+02	7.370751770162e+02
2.523104429245e+00	3.000000000000e+02	7.370751750794e+02
2.543742418289e+00	2.000000000000e+02	7.370751728000e+02
2.563175201416e+00	5.500000000000e+02	7.370751655072e+02
2.583355426788e+00	5.000000000000e+02	7.370751647676e+02
2.602662324905e+00	2.500000000000e+02	7.370751617739e+02
2.622739553452e+00	2.500000000000e+02	7.370751538107e+02
2.642709493637e+00	1.000000000000e+02	7.370751458901e+02
2.663080215454e+00	5.000000000000e+02	7.370751433487e+02
2.683396100998e+00	5.000000000000e+02	7.370751433487e+02
2.703284502029e+00	2.500000000000e+02	7.370751389611e+02
2.723271608353e+00	5.000000000000e+01	7.370751330957e+02
2.742744207382e+00	1.500000000000e+02	7.370751264692e+02
2.763401508331e+00	3.500000000000e+02	7.370751192813e+02
2.782645940781e+00	2.000000000000e+02	7.370751124361e+02
2.803787946701e+00	2.000000000000e+02	7.370751124361e+02
2.823286294937e+00	1.000000000000e+02	7.370751092203e+02
2.843334197998e+00	1.000000000000e+02	7.370751024550e+02
2.862612247467e+00	3.000000000000e+02	7.370750955107e+02
2.883290529251e+00	2.000000000000e+02	7.370750911443e+02
2.903055429459e+00	2.500000000000e+02	7.370750911443e+02
2.923296213150e+00	1.500000000000e+02	7.370750898627e+02
2.942881822586e+00	3.000000000000e+02	7.370750838794e+02
2.962714433670e+00	5.000000000000e+02	7.370750772807e+02
2.983226537704e+00	1.000000000000e+02	7.370750699700e+02
3.003179788589e+00	2.000000000000e+02	7.370750623794e+02
3.022509813309e+00	1.000000000000e+02	7.370750589663e+02
3.043568134308e+00	2.500000000000e+02	7.370750589663e+02
3.063265562057e+00	2.000000000000e+02	7.370750497062e+02
3.083312273026e+00	2.500000000000e+02	7.370750485960e+02
3.103442192078e+00	1.500000000000e+02	7.370750468910e+02
3.123332500458e+00	2.000000000000e+02	7.370750418203e+02
3.143297195435e+00	1.500000000000e+02	7.370750361055e+02
3.163397312164e+00	2.000000000000e+02	7.370750288817e+02
3.183172702789e+00	2.000000000000e+02	7.370750218207e+02
3.202577352524e+00	3.000000000000e+02	7.370750174487e+02
3.223309755325e+00	1.500000000000e+02	7.370750174487e+02
3.242985725403e+00	2.000000000000e+02	7.370750121182e+02
3.262652635574e+00	2.500000000000e+02	7.370750060036e+02
3.283390045166e+00	3.000000000000e+02	7.370749989510e+02
3.302614212036e+00	5.000000000000e+01	7.370749973203e+02
3.323183298111e+00	5.000000000000e+01	7.370749944744e+02
3.343636274338e+00	2.000000000000e+02	7.370749877657e+02
3.362687110901e+00	3.000000000000e+02	7.370749813994e+02
3.383133172989e+00	1.500000000000e+02	7.370749751157e+02
3.402863025665e+00	1.500000000000e+02	7.370749698135e+02
3.423337459564e+00	0.000000000000e+00	7.370749673945e+02
3.442958354950e+00	1.000000000000e+02	7.370749670799e+02
3.463285207748e+00	1.000000000000e+02	7.370749607258e+02
3.483392000198e+00	5.000000000000e+01	7.370749542053e+02
3.502604961395e+00	0.000000000000e+00	7.370749476994e+02
3.523315906525e+00	5.000000000000e+01	7.370749468915e+02
3.542556524277e+00	1.000000000000e+02	7.370749448597e+02
3.564061403275e+00	2.500000000000e+02	7.370749387071e+02
3.583060026169e+00	5.000000000000e+01	7.370749318784e+02
3.603308916092e+00	1.500000000000e+02	7.370749271695e+02
3.623305797577e+00	2.500000000000e+02	7.370749271695e+02
3.643024444580e+00	5.000000000000e+01	7.370749224812e+02
3.663455963135e+00	1.000000000000e+02	7.370749163994e+02
3.683339834213e+00	1.000000000000e+02	7.370749106349e+02
3.702680587769e+00	1.500000000000e+02	7.370749079240e+02
3.722627639771e+00	0.000000000000e+00	7.370749072540e+02
3.742573738098e+00	5.000000000000e+01	7.370749005672e+02
3.762483835220e+00	1.500000000000e+02	7.370748942006e+02
3.783408880234e+00	0.000000000000e+00	7.370748877616e+02
3.803400516510e+00	2.500000000000e+02	7.370748877616e+02
3.823325872421e+00	1.000000000000e+02	7.370748847423e+02
3.843403816223e+00	5.000000000000e+01	7.370748781831e+02
3.863391876221e+00	2.000000000000e+02	7.370748716697e+02
3.883408069611e+00	2.000000000000e+02	7.370748676155e+02
3.902664661407e+00	5.000000000000e+01	7.370748676155e+02
3.923317670822e+00	0.000000000000e+00	7.370748637311e+02
3.943840980530e+00	5.000000000000e+01	7.370748592182e+02
3.963408231735e+00	1.000000000000e+02	7.370748535874e+02
3.983284473419e+00	1.500000000000e+02	7.370748467493e+02
4.003976583481e+00	5.000000000000e+01	7.370748371688e+02
4.023348808289e+00	1.500000000000e+02	7.370748371688e+02
4.043974399567e+00	1.500000000000e+02	7.370748345247e+02
4.062899351120e+00	0.000000000000e+00	7.370748294914e+02
4.082839012146e+00	0.000000000000e+00	7.370748222804e+02
4.102790832520e+00	1.500000000000e+02	7.370748162471e+02
4.123343467712e+00	2.500000000000e+02	7.370748162471e+02
4.142915964127e+00	1.000000000000e+02	7.370748141076e+02
4.163465261459e+00	5.000000000000e+01	7.370748071117e+02
4.183753013611e+00	0.000000000000e+00	7.370748000910e+02
4.203333616257e+00	5.000000000000e+01	7.370747951374e+02
4.222729921341e+00	1.000000000000e+02	7.370747951374e+02
4.243003368378e+00	5.000000000000e+01	7.370747904800e+02
4.263227462769e+00	1.000000000000e+02	7.370747836519e+02
4.282781600952e+00	1.000000000000e+02	7.370747755004e+02
4.303412914276e+00	1.500000000000e+02	7.370747697343e+02
4.323270559311e+00	2.000000000000e+02	7.370747648426e+02
4.342864274979e+00	1.000000000000e+02	7.370747648426e+02
4.363904714584e+00	1.000000000000e+02	7.370747610711e+02
4.383115053177e+00	2.000000000000e+02	7.370747549291e+02
4.403340101242e+00	5.000000000000e+01	7.370747483995e+02
4.422620058060e+00	1.000000000000e+02	7.370747444332e+02
4.442934989929e+00	0.000000000000e+00	7.370747444332e+02
4.462742805481e+00	5.000000000000e+01	7.370747389361e+02
4.483389616013e+00	5.000000000000e+01	7.370747348244e+02
4.503438711166e+00	5.000000000000e+01	7.370747346670e+02
4.522875547409e+00	1.000000000000e+02	7.370747346357e+02
4.543011188507e+00	2.500000000000e+02	7.370747359592e+02
4.563130378723e+00	1.000000000000e+02	7.370747391852e+02
4.583081722260e+00	1.000000000000e+02	7.370747440760e+02
4.602404594421e+00	0.000000000000e+00	7.370747473679e+02
4.623568534851e+00	1.000000000000e+02	7.370747473679e+02
4.643189430237e+00	5.000000000000e+01	7.370747508808e+02
4.662520170212e+00	0.000000000000e+00	7.370747559232e+02
4.683390617371e+00	1.000000000000e+02	7.370747622472e+02
4.703395366669e+00	5.000000000000e+01	7.370747678045e+02
4.723924398422e+00	5.000000000000e+01	7.370747729663e+02
4.743236541748e+00	3.000000000000e+02	7.370747729663e+02
4.762934446335e+00	1.500000000000e+02	7.370747756335e+02
4.782802343369e+00	1.500000000000e+02	7.370747809376e+02
4.802749872208e+00	1.000000000000e+02	7.370747817305e+02
4.823317050934e+00	5.000000000000e+01	7.370747817305e+02
4.843333482742e+00	2.500000000000e+02	7.370747817305e+02
4.862562417984e+00	1.500000000000e+02	7.370747900327e+02
4.883593082428e+00	1.000000000000e+02	7.370748016729e+02
4.903533697128e+00	5.000000000000e+01	7.370748082719e+02
4.923330068588e+00	1.500000000000e+02	7.370748106225e+02
4.943222999573e+00	1.500000000000e+02	7.370748109586e+02
4.963188409805e+00	1.000000000000e+02	7.370748176748e+02
4.983282804489e+00	2.500000000000e+02	7.370748239237e+02
5.003124952316e+00	1.000000000000e+02	7.370748293468e+02
5.023168563843e+00	5.000000000000e+01	7.370748293468e+02
5.043282270432e+00	5.000000000000e+01	7.370748328569e+02
5.063393831253e+00	1.500000000000e+02	7.370748387120e+02
5.082946538925e+00	1.000000000000e+02	7.370748448989e+02
5.103334665298e+00	5.000000000000e+01	7.370748488320e+02
5.123308897018e+00	1.000000000000e+02	7.370748488320e+02
5.143255233765e+00	0.000000000000e+00	7.370748535001e+02
5.163232803345e+00	0.000000000000e+00	7.370748592166e+02
5.183310508728e+00	1.500000000000e+02	7.370748658233e+02
5.203403949738e+00	5.000000000000e+01	7.370748676861e+02
5.223304986954e+00	5.000000000000e+01	7.370748688756e+02
5.243402004242e+00	1.000000000000e+02	7.370748752800e+02
5.263116836548e+00	1.000000000000e+02	7.370748811198e+02
5.282964944839e+00	2.000000000000e+02	7.370748867545e+02
5.303334951401e+00	5.000000000000e+01	7.370748931080e+02
5.323251724243e+00	5.000000000000e+01	7.370748958458e+02
5.343021154404e+00	1.000000000000e+02	7.370748958458e+02
5.362637281418e+00	2.000000000000e+02	7.370748997457e+02
5.382987737656e+00	1.000000000000e+02	7.370749040082e+02
5.403237819672e+00	5.000000000000e+01	7.370749093247e+02
5.423241853714e+00	0.000000000000e+00	7.370749151001e+02
5.443382740021e+00	2.000000000000e+02	7.370749214353e+02
5.464089155197e+00	1.000000000000e+02	7.370749238803e+02
5.484035968781e+00	1.500000000000e+02	7.370749238803e+02
5.503002882004e+00	2.500000000000e+02	7.370749286240e+02
5.523364067078e+00	3.000000000000e+02	7.370749345117e+02
5.543391942978e+00	2.500000000000e+02	7.370749395447e+02
5.563325881958e+00	3.000000000000e+02	7.370749452100e+02
5.583020210266e+00	5.000000000000e+01	7.370749529077e+02
5.603404045105e+00	1.000000000000e+02	7.370749529077e+02
5.623229026794e+00	2.500000000000e+02	7.370749554501e+02
5.643203973770e+00	1.000000000000e+02	7.370749613256e+02
5.663240194321e+00	2.000000000000e+02	7.370749672659e+02
5.682998895645e+00	1.000000000000e+02	7.370749719470e+02
5.703353643417e+00	2.500000000000e+02	7.370749719470e+02
5.723310232162e+00	2.500000000000e+02	7.370749778116e+02
5.743164062500e+00	1.500000000000e+02	7.370749836845e+02
5.763283729553e+00	1.500000000000e+02	7.370749895822e+02
5.784876823425e+00	2.000000000000e+02	7.370749909987e+02
5.803330659866e+00	3.500000000000e+02	7.370749922820e+02
5.823309421539e+00	5.000000000000e+01	7.370749981483e+02
5.843478441238e+00	2.500000000000e+02	7.370750042745e+02
5.862478971481e+00	2.000000000000e+02	7.370750101679e+02
5.883279085159e+00	1.000000000000e+02	7.370750101679e+02
5.903407335281e+00	3.000000000000e+02	7.370750126310e+02
5.923285484314e+00	2.500000000000e+02	7.370750186304e+02
5.942843675613e+00	1.000000000000e+02	7.370750249992e+02
5.963386535645e+00	1.500000000000e+02	7.370750299529e+02
5.984012842178e+00	3.500000000000e+02	7.370750299529e+02
6.003399133682e+00	1.000000000000e+02	7.370750355945e+02
6.023331880569e+00	1.500000000000e+02	7.370750421914e+02
6.043150186539e+00	1.500000000000e+02	7.370750479599e+02
6.063017368317e+00	2.500000000000e+02	7.370750500119e+02
6.083283424377e+00	2.000000000000e+02	7.370750512840e+02
6.103296279907e+00	1.500000000000e+02	7.370750576934e+02
6.122518777847e+00	5.000000000000e+01	7.370750641849e+02
6.144023418427e+00	3.500000000000e+02	7.370750716820e+02
6.163282155991e+00	2.000000000000e+02	7.370750775251e+02
6.183397054672e+00	2.000000000000e+02	7.370750811451e+02
6.203406333923e+00	2.500000000000e+02	7.370750811451e+02
6.222868442535e+00	3.500000000000e+02	7.370750870941e+02
6.243139982224e+00	2.000000000000e+02	7.370750942022e+02
6.262875318527e+00	2.500000000000e+02	7.370751011137e+02
6.283107757568e+00	1.500000000000e+02	7.370751024940e+02
6.302664756775e+00	4.000000000000e+02	7.370751042065e+02
6.323012590408e+00	1.500000000000e+02	7.370751110972e+02
6.343016624451e+00	2.000000000000e+02	7.370751175892e+02
6.363027095795e+00	5.000000000000e+01	7.370751230245e+02
6.383310556412e+00	4.000000000000e+02	7.370751230245e+02
6.403396606445e+00	3.000000000000e+02	7.370751271835e+02
6.422752141953e+00	4.500000000000e+02	7.370751332174e+02
6.443271398544e+00	1.500000000000e+02	7.370751397282e+02
6.463243007660e+00	3.500000000000e+02	7.370751426989e+02
6.482978343964e+00	3.000000000000e+02	7.370751426989e+02
6.503287792206e+00	2.500000000000e+02	7.370751475652e+02
6.523252725601e+00	2.500000000000e+02	7.370751534163e+02
6.544081926346e+00	5.000000000000e+01	7.370751592313e+02
6.563282489777e+00	2.500000000000e+02	7.370751648710e+02
6.583228588104e+00	5.000000000000e+02	7.370751713271e+02
6.603186130524e+00	4.000000000000e+02	7.370751726184e+02
6.623330593109e+00	2.000000000000e+02	7.370751750378e+02
6.643329858780e+00	5.500000000000e+02	7.370751809479e+02
6.663035869598e+00	4.500000000000e+02	7.370751863506e+02
6.682446718216e+00	2.500000000000e+02	7.370751915620e+02
6.703392505646e+00	3.000000000000e+02	7.370751918298e+02
6.723282575607e+00	1.500000000000e+02	7.370751959702e+02
6.743408441544e+00	2.000000000000e+02	7.370752011482e+02
6.763020038605e+00	4.000000000000e+02	7.370752092679e+02
6.782780408859e+00	2.500000000000e+02	7.370752152403e+02
6.803407430649e+00	2.500000000000e+02	7.370752206166e+02
6.823320388794e+00	3.000000000000e+02	7.370752211438e+02
6.843524217606e+00	4.000000000000e+02	7.370752249440e+02
6.862478017807e+00	3.000000000000e+02	7.370752296126e+02
6.883384943008e+00	3.500000000000e+02	7.370752363039e+02
6.903419256210e+00	7.000000000000e+02	7.370752404375e+02
6.922821044922e+00	4.500000000000e+02	7.370752404375e+02
6.943063735962e+00	4.500000000000e+02	7.370752450244e+02
6.963224887848e+00	4.000000000000e+02	7.370752511337e+02
6.983007431030e+00	6.000000000000e+02	7.370752573160e+02
7.003391027451e+00	6.000000000000e+02	7.370752596880e+02
7.022868394852e+00	5.000000000000e+02	7.370752602771e+02
7.043390989304e+00	5.000000000000e+02	7.370752669418e+02
7.063012838364e+00	3.000000000000e+02	7.370752728654e+02
7.082920551300e+00	1.500000000000e+02	7.370752785159e+02
7.103395223618e+00	6.000000000000e+02	7.370752785159e+02
7.122919082642e+00	6.000000000000e+02	7.370752812709e+02
7.144046068192e+00	5.000000000000e+02	7.370752876698e+02
7.163227319717e+00	5.000000000000e+02	7.370752944803e+02
7.183118343353e+00	6.000000000000e+02	7.370752987209e+02
7.203402996063e+00	6.000000000000e+02	7.370752987209e+02
7.222500085831e+00	5.000000000000e+02	7.370753039604e+02
7.243982315063e+00	6.000000000000e+02	7.370753107730e+02
7.263069629669e+00	5.500000000000e+02	7.370753165432e+02
7.283024072647e+00	7.000000000000e+02	7.370753177493e+02
7.302970647812e+00	4.500000000000e+02	7.370753196428e+02
7.322945594788e+00	4.000000000000e+02	7.370753259636e+02
7.342659711838e+00	6.500000000000e+02	7.370753318920e+02
7.362971305847e+00	1.150000000000e+03	7.370753377948e+02
7.383398056030e+00	7.000000000000e+02	7.370753433278e+02
7.403407573700e+00	9.500000000000e+02	7.370753467416e+02
7.423284769058e+00	7.500000000000e+02	7.370753467416e+02
7.443402051926e+00	8.000000000000e+02	7.370753494778e+02
7.462971925735e+00	8.500000000000e+02	7.370753555692e+02
7.483308792114e+00	9.500000000000e+02	7.370753635059e+02
7.504170417786e+00	1.200000000000e+03	7.370753672761e+02
7.523316383362e+00	9.500000000000e+02	7.370753672761e+02
7.543016672134e+00	9.000000000000e+02	7.370753723978e+02
7.564852476120e+00	1.000000000000e+03	7.370753794516e+02
7.582791566849e+00	1.150000000000e+03	7.370753851471e+02
7.603389024734e+00	1.250000000000e+03	7.370753874261e+02
7.623283624649e+00	1.250000000000e+03	7.370753900905e+02
7.643418788910e+00	1.100000000000e+03	7.370753956068e+02
7.663346052170e+00	1.150000000000e+03	7.370754015782e+02
7.683293104172e+00	6.500000000000e+02	7.370754078222e+02
7.703094005585e+00	9.000000000000e+02	7.370754139305e+02
7.723291397095e+00	9.000000000000e+02	7.370754171286e+02
7.743320703506e+00	1.250000000000e+03	7.370754194092e+02
7.763404130936e+00	9.500000000000e+02	7.370754240202e+02
7.783408641815e+00	6.500000000000e+02	7.370754266996e+02
7.804111480713e+00	1.050000000000e+03	7.370754277809e+02
7.823020696640e+00	1.400000000000e+03	7.370754329478e+02
7.842689275742e+00	1.500000000000e+03	7.370754388314e+02
7.863287925720e+00	1.150000000000e+03	7.370754467207e+02
7.883394956589e+00	0.000000000000e+00	7.370754536771e+02
7.903340101242e+00	0.000000000000e+00	7.370754601333e+02
7.923283576965e+00	0.000000000000e+00	7.370754660858e+02
7.943316459656e+00	8.500000000000e+02	7.370754682595e+02
7.962992906570e+00	1.350000000000e+03	7.370754702416e+02
7.984122991562e+00	6.500000000000e+02	7.370754754249e+02
8.003615140915e+00	1.000000000000e+03	7.370754814436e+02
8.022562980652e+00	1.150000000000e+03	7.370754886288e+02
8.042531490326e+00	2.100000000000e+03	7.370754886288e+02
8.062575578690e+00	2.150000000000e+03	7.370754927800e+02
8.083116292953e+00	1.450000000000e+03	7.370754988775e+02
8.103391885757e+00	1.400000000000e+03	7.370755049000e+02
8.123327970505e+00	1.500000000000e+03	7.370755090633e+02
8.143406629562e+00	1.450000000000e+03	7.370755090633e+02
8.163312435150e+00	1.100000000000e+03	7.370755151727e+02
8.182994604111e+00	8.500000000000e+02	7.370755219671e+02
8.203404188156e+00	1.850000000000e+03	7.370755291616e+02
8.223107576370e+00	1.300000000000e+03	7.370755295132e+02
8.242833137512e+00	2.100000000000e+03	7.370755307869e+02
8.263343334198e+00	1.500000000000e+03	7.370755372243e+02
8.283408164978e+00	1.450000000000e+03	7.370755442807e+02
8.303409814835e+00	1.850000000000e+03	7.370755508168e+02
8.323330879211e+00	1.800000000000e+03	7.370755508168e+02
8.343329429626e+00	1.650000000000e+03	7.370755528554e+02
8.362924575806e+00	1.950000000000e+03	7.370755608553e+02
8.382894039154e+00	1.200000000000e+03	7.370755675794e+02
8.402841567993e+00	2.000000000000e+03	7.370755712661e+02
8.423101663589e+00	1.450000000000e+03	7.370755712661e+02
8.443414688110e+00	1.850000000000e+03	7.370755775534e+02
8.462783336639e+00	1.450000000000e+03	7.370755836886e+02
8.483236789703e+00	1.800000000000e+03	7.370755899396e+02
8.503305912018e+00	1.450000000000e+03	7.370755909286e+02
8.523310899734e+00	1.500000000000e+03	7.370755941737e+02
8.543396711349e+00	1.750000000000e+03	7.370756022476e+02
8.563194751740e+00	1.350000000000e+03	7.370756098005e+02
8.583702564240e+00	1.800000000000e+03	7.370756101152e+02
8.602538347244e+00	1.250000000000e+03	7.370756159133e+02
8.622498989105e+00	1.550000000000e+03	7.370756198850e+02
8.643390178680e+00	1.900000000000e+03	7.370756198850e+02
8.662760972977e+00	1.600000000000e+03	7.370756227201e+02
8.682866334915e+00	1.100000000000e+03	7.370756282823e+02
8.703290462494e+00	1.550000000000e+03	7.370756374940e+02
8.723308086395e+00	1.450000000000e+03	7.370756385502e+02
8.743132352829e+00	1.450000000000e+03	7.370756385502e+02
8.763078927994e+00	1.050000000000e+03	7.370756433727e+02
8.783433675766e+00	9.500000000000e+02	7.370756497711e+02
8.803392887115e+00	1.250000000000e+03	7.370756566267e+02
8.823328256607e+00	1.450000000000e+03	7.370756584825e+02
8.843302726746e+00	1.050000000000e+03	7.370756599455e+02
8.863117218018e+00	1.150000000000e+03	7.370756672530e+02
8.884397983551e+00	1.000000000000e+03	7.370756746040e+02
8.903366565704e+00	9.500000000000e+02	7.370756803116e+02
8.923321723938e+00	1.300000000000e+03	7.370756853982e+02
8.943400859833e+00	9.500000000000e+02	7.370756879684e+02
8.963434934616e+00	1.000000000000e+03	7.370756879684e+02
8.983217954636e+00	9.500000000000e+02	7.370756939170e+02
9.003024816513e+00	6.500000000000e+02	7.370757004479e+02
9.023311138153e+00	9.500000000000e+02	7.370757077061e+02
9.042568445206e+00	1.000000000000e+03	7.370757084340e+02
9.063274145126e+00	1.400000000000e+03	7.370757107862e+02
9.083246469498e+00	1.100000000000e+03	7.370757168389e+02
9.103159666061e+00	9.500000000000e+02	7.370757244300e+02
9.123131513596e+00	1.100000000000e+03	7.370757294019e+02
9.142968416214e+00	1.500000000000e+03	7.370757294019e+02
9.163289070129e+00	1.300000000000e+03	7.370757340187e+02
9.183293581009e+00	6.000000000000e+02	7.370757407385e+02
9.203417301178e+00	6.500000000000e+02	7.370757490405e+02
9.223364830017e+00	4.000000000000e+02	7.370757545642e+02
9.242986440659e+00	7.000000000000e+02	7.370757596278e+02
9.262764453888e+00	1.000000000000e+03	7.370757596278e+02
9.283390045166e+00	9.500000000000e+02	7.370757636253e+02
9.303998470306e+00	5.500000000000e+02	7.370757704559e+02
9.323316574097e+00	6.000000000000e+02	7.370757770745e+02
9.342506170273e+00	6.000000000000e+02	7.370757800852e+02
9.363387346268e+00	4.500000000000e+02	7.370757800852e+02
9.383389711380e+00	6.500000000000e+02	7.370757865872e+02
9.403253555298e+00	8.500000000000e+02	7.370757934417e+02
9.423256158829e+00	6.500000000000e+02	7.370758001830e+02
9.443356275558e+00	7.000000000000e+02	7.370758008551e+02
9.463297605515e+00	8.500000000000e+02	7.370758035379e+02
9.482971191406e+00	8.000000000000e+02	7.370758101542e+02
9.503357648849e+00	5.500000000000e+02	7.370758166403e+02
9.523302316666e+00	4.000000000000e+02	7.370758210573e+02
9.543256998062e+00	8.500000000000e+02	7.370758210573e+02
9.562505722046e+00	3.500000000000e+02	7.370758250268e+02
9.582999944687e+00	5.500000000000e+02	7.370758312127e+02
9.603286743164e+00	2.000000000000e+02	7.370758384306e+02
9.623338699341e+00	3.000000000000e+02	7.370758407346e+02
9.643018007278e+00	2.000000000000e+02	7.370758414391e+02
9.662750244141e+00	3.000000000000e+02	7.370758483184e+02
9.683405160904e+00	3.500000000000e+02	7.370758540653e+02
9.703503847122e+00	2.000000000000e+02	7.370758584861e+02
9.723314762115e+00	3.000000000000e+02	7.370758615895e+02
9.743067264557e+00	2.500000000000e+02	7.370758633288e+02
9.763328313828e+00	3.500000000000e+02	7.370758673897e+02
9.783492803574e+00	1.000000000000e+02	7.370758724271e+02
9.803458452225e+00	4.500000000000e+02	7.370758808167e+02
9.823392391205e+00	4.500000000000e+02	7.370758874756e+02
9.843388319016e+00	5.000000000000e+02	7.370758920233e+02
9.863288640976e+00	4.000000000000e+02	7.370758920233e+02
9.884088039398e+00	5.000000000000e+02	7.370758974943e+02
9.903267860413e+00	4.500000000000e+02	7.370759031268e+02
9.922889947891e+00	3.000000000000e+02	7.370759085225e+02
9.943032264709e+00	2.500000000000e+02	7.370759119593e+02
9.963877439499e+00	2.500000000000e+02	7.370759119593e+02
9.983138561249e+00	2.000000000000e+02	7.370759170863e+02
1.000344562531e+01	1.000000000000e+02	7.370759240310e+02
1.002330851555e+01	1.500000000000e+02	7.370759311776e+02
1.004337692261e+01	4.500000000000e+02	7.370759326178e+02
1.006330370903e+01	2.500000000000e+02	7.370759347507e+02
1.008339834213e+01	2.500000000000e+02	7.370759417900e+02
1.010495996475e+01	3.000000000000e+02	7.370759485421e+02
1.012266445160e+01	5.000000000000e+01	7.370759532497e+02
1.014307379723e+01	1.500000000000e+02	7.370759532497e+02
1.016306281090e+01	1.500000000000e+02	7.370759583768e+02
1.018292689323e+01	3.000000000000e+02	7.370759645932e+02
1.020287132263e+01	3.000000000000e+02	7.370759709007e+02
1.022331643105e+01	1.000000000000e+02	7.370759774035e+02
1.024296236038e+01	2.500000000000e+02	7.370759836796e+02
1.026329112053e+01	2.000000000000e+02	7.370759843165e+02
1.028340315819e+01	3.000000000000e+02	7.370759886753e+02
1.030341959000e+01	3.000000000000e+02	7.370759937069e+02
1.032299065590e+01	3.000000000000e+02	7.370760014508e+02
1.034285640717e+01	2.500000000000e+02	7.370760046791e+02
1.036340332031e+01	2.000000000000e+02	7.370760046791e+02
1.038309907913e+01	1.500000000000e+02	7.370760096096e+02
1.040275692940e+01	1.500000000000e+02	7.370760156139e+02
1.042332434654e+01	4.000000000000e+02	7.370760227406e+02
1.044339418411e+01	0.000000000000e+00	7.370760290197e+02
1.046380162239e+01	4.500000000000e+02	7.370760347460e+02
1.048339009285e+01	2.000000000000e+02	7.370760347460e+02
1.050328111649e+01	1.500000000000e+02	7.370760382474e+02
1.052331757545e+01	1.500000000000e+02	7.370760450450e+02
1.054328274727e+01	5.000000000000e+01	7.370760512826e+02
1.056320691109e+01	2.000000000000e+02	7.370760546960e+02
1.058318781853e+01	2.000000000000e+02	7.370760546960e+02
1.060310006142e+01	5.000000000000e+01	7.370760598437e+02
1.062310647964e+01	1.500000000000e+02	7.370760666323e+02
1.064307665825e+01	1.000000000000e+02	7.370760741856e+02
1.066304588318e+01	1.000000000000e+02	7.370760749402e+02
1.068306493759e+01	1.500000000000e+02	7.370760770274e+02
1.070300912857e+01	2.500000000000e+02	7.370760839555e+02
1.072293400764e+01	5.000000000000e+01	7.370760907974e+02
1.074292826653e+01	1.000000000000e+02	7.370760955976e+02
1.076287508011e+01	5.000000000000e+01	7.370760955976e+02
1.078306937218e+01	5.000000000000e+01	7.370761004503e+02
1.080482935905e+01	1.500000000000e+02	7.370761075234e+02
1.082330822945e+01	1.000000000000e+02	7.370761139009e+02
1.084256124496e+01	2.500000000000e+02	7.370761161885e+02
1.086289978027e+01	2.000000000000e+02	7.370761165204e+02
1.088316941261e+01	2.000000000000e+02	7.370761232894e+02
1.090311264992e+01	2.500000000000e+02	7.370761299745e+02
1.092306494713e+01	1.000000000000e+02	7.370761365705e+02
1.094404697418e+01	1.000000000000e+02	7.370761413481e+02
1.096301198006e+01	2.000000000000e+02	7.370761456666e+02
1.098339128494e+01	3.000000000000e+02	7.370761465750e+02
1.100330591202e+01	1.500000000000e+02	7.370761507436e+02
1.102339243889e+01	1.500000000000e+02	7.370761569483e+02
1.104404115677e+01	2.000000000000e+02	7.370761569483e+02
1.106329226494e+01	3.000000000000e+02	7.370761602703e+02
1.108404588699e+01	1.000000000000e+02	7.370761650997e+02
1.110353875160e+01	2.000000000000e+02	7.370761714630e+02
1.112258505821e+01	2.500000000000e+02	7.370761793950e+02
1.114295101166e+01	1.500000000000e+02	7.370761879054e+02
1.116273808479e+01	1.500000000000e+02	7.370761887080e+02
1.118299508095e+01	0.000000000000e+00	7.370761903963e+02
1.120365881920e+01	2.500000000000e+02	7.370761956017e+02
1.122260951996e+01	2.500000000000e+02	7.370762021273e+02
1.124282526970e+01	3.500000000000e+02	7.370762088274e+02
1.126317787170e+01	0.000000000000e+00	7.370762088274e+02
1.128310132027e+01	0.000000000000e+00	7.370762134429e+02
1.130332350731e+01	1.000000000000e+02	7.370762202916e+02
1.132326960564e+01	5.000000000000e+01	7.370762260091e+02
1.134331393242e+01	1.000000000000e+02	7.370762291372e+02
1.136334848404e+01	1.500000000000e+02	7.370762291372e+02
1.138331055641e+01	1.500000000000e+02	7.370762359301e+02
1.140339517593e+01	0.000000000000e+00	7.370762428266e+02
1.142310309410e+01	5.000000000000e+01	7.370762483663e+02
1.144330096245e+01	1.000000000000e+02	7.370762492519e+02
1.146319484711e+01	0.000000000000e+00	7.370762511539e+02
1.148338150978e+01	1.500000000000e+02	7.370762578568e+02
1.150338339806e+01	1.500000000000e+02	7.370762640397e+02
1.152333569527e+01	5.000000000000e+01	7.370762701240e+02
1.154341411591e+01	5.000000000000e+01	7.370762770694e+02
1.156330776215e+01	0.000000000000e+00	7.370762796753e+02
1.158328509331e+01	1.500000000000e+02	7.370762798849e+02
1.160406351089e+01	0.000000000000e+00	7.370762817547e+02
1.162299704552e+01	5.000000000000e+01	7.370762817362e+02
1.164328384399e+01	5.000000000000e+01	7.370762793132e+02
1.166325950623e+01	1.000000000000e+02	7.370762793132e+02
1.168331003189e+01	3.000000000000e+02	7.370762771257e+02
1.170271611214e+01	5.000000000000e+01	7.370762728816e+02
1.172295546532e+01	1.000000000000e+02	7.370762676833e+02
1.174309420586e+01	1.500000000000e+02	7.370762645304e+02
1.176289319992e+01	5.000000000000e+01	7.370762645304e+02
1.178338861465e+01	0.000000000000e+00	7.370762614110e+02
1.180332779884e+01	1.000000000000e+02	7.370762578793e+02
1.182252240181e+01	2.000000000000e+02	7.370762531159e+02
1.184327220917e+01	5.000000000000e+01	7.370762466036e+02
1.186280202866e+01	2.000000000000e+02	7.370762407729e+02
1.188339018822e+01	1.000000000000e+02	7.370762380001e+02
1.190400862694e+01	1.000000000000e+02	7.370762368902e+02
1.192321085930e+01	5.000000000000e+01	7.370762315852e+02
1.194291019440e+01	1.000000000000e+02	7.370762259922e+02
1.196313142776e+01	2.500000000000e+02	7.370762201203e+02
1.198307871819e+01	5.000000000000e+01	7.370762198003e+02
1.200311613083e+01	5.000000000000e+01	7.370762169917e+02
1.202306413651e+01	2.000000000000e+02	7.370762114249e+02
1.204401612282e+01	5.000000000000e+01	7.370762049876e+02
1.206365919113e+01	5.000000000000e+01	7.370762012748e+02
1.208341860771e+01	2.000000000000e+02	7.370762012748e+02
1.210339283943e+01	4.000000000000e+02	7.370761955677e+02
1.212334418297e+01	3.000000000000e+02	7.370761892830e+02
1.214339709282e+01	2.500000000000e+02	7.370761830531e+02
1.216298794746e+01	3.000000000000e+02	7.370761823482e+02
1.218331193924e+01	1.000000000000e+02	7.370761802405e+02
1.220310807228e+01	1.500000000000e+02	7.370761723983e+02
1.222301578522e+01	2.000000000000e+02	7.370761671326e+02
1.224328136444e+01	2.500000000000e+02	7.370761616407e+02
1.226310968399e+01	3.000000000000e+02	7.370761557694e+02
1.228340315819e+01	5.000000000000e+01	7.370761535886e+02
1.230295324326e+01	1.000000000000e+02	7.370761529733e+02
1.232338213921e+01	5.000000000000e+01	7.370761466833e+02
1.234278750420e+01	1.000000000000e+02	7.370761404112e+02
1.236273503304e+01	3.500000000000e+02	7.370761337288e+02
1.238339829445e+01	1.000000000000e+02	7.370761337288e+02
1.240301132202e+01	2.000000000000e+02	7.370761309218e+02
1.242277240753e+01	1.500000000000e+02	7.370761253835e+02
1.244331431389e+01	1.000000000000e+02	7.370761184806e+02
1.246326994896e+01	1.000000000000e+02	7.370761151637e+02
1.248331999779e+01	1.500000000000e+02	7.370761151637e+02
1.250297021866e+01	2.000000000000e+02	7.370761116918e+02
1.252334117889e+01	3.000000000000e+02	7.370761071776e+02
1.254341149330e+01	1.500000000000e+02	7.370761011156e+02
1.256380438805e+01	2.000000000000e+02	7.370760943597e+02
1.258328676224e+01	1.500000000000e+02	7.370760886189e+02
1.260292887688e+01	2.500000000000e+02	7.370760863705e+02
1.262282896042e+01	1.000000000000e+02	7.370760857245e+02
1.264339852333e+01	3.000000000000e+02	7.370760792026e+02
1.266324019432e+01	2.000000000000e+02	7.370760729962e+02
1.268250417709e+01	5.000000000000e+01	7.370760673284e+02
1.270247340202e+01	3.500000000000e+02	7.370760673284e+02
1.272300386429e+01	1.500000000000e+02	7.370760627916e+02
1.274323463440e+01	1.000000000000e+02	7.370760555884e+02
1.276299333572e+01	1.000000000000e+02	7.370760508334e+02
1.278329706192e+01	2.000000000000e+02	7.370760481083e+02
1.280324101448e+01	2.500000000000e+02	7.370760472630e+02
1.282331180573e+01	5.000000000000e+01	7.370760415864e+02
1.284304690361e+01	2.500000000000e+02	7.370760358814e+02
1.286340951920e+01	2.000000000000e+02	7.370760298082e+02
1.288310527802e+01	3.000000000000e+02	7.370760285941e+02
1.290293455124e+01	2.500000000000e+02	7.370760273531e+02
1.292319846153e+01	3.500000000000e+02	7.370760209930e+02
1.294339728355e+01	3.000000000000e+02	7.370760135936e+02
1.296251153946e+01	1.500000000000e+02	7.370760088663e+02
1.298323369026e+01	5.500000000000e+02	7.370760088663e+02
1.300300550461e+01	3.000000000000e+02	7.370760048055e+02
1.302314066887e+01	4.000000000000e+02	7.370759993521e+02
1.304394817352e+01	2.500000000000e+02	7.370759931733e+02
1.306345868111e+01	3.000000000000e+02	7.370759900451e+02
1.308342933655e+01	1.000000000000e+02	7.370759888148e+02
1.310384321213e+01	2.000000000000e+02	7.370759825550e+02
1.312324452400e+01	1.500000000000e+02	7.370759770153e+02
1.314328622818e+01	2.000000000000e+02	7.370759715884e+02
1.316264271736e+01	2.500000000000e+02	7.370759657574e+02
1.318339467049e+01	5.000000000000e+02	7.370759610650e+02
1.320300173759e+01	1.500000000000e+02	7.370759610650e+02
1.322324728966e+01	1.000000000000e+02	7.370759560898e+02
1.324292588234e+01	3.000000000000e+02	7.370759498841e+02
1.326303720474e+01	5.000000000000e+02	7.370759437882e+02
1.328392624855e+01	3.500000000000e+02	7.370759414831e+02
1.330301976204e+01	2.000000000000e+02	7.370759405154e+02
1.332334160805e+01	5.500000000000e+02	7.370759339907e+02
1.334339880943e+01	3.500000000000e+02	7.370759275745e+02
1.336310887337e+01	1.500000000000e+02	7.370759212866e+02
1.338299489021e+01	3.000000000000e+02	7.370759212866e+02
1.340320539474e+01	4.000000000000e+02	7.370759183141e+02
1.342257118225e+01	1.500000000000e+02	7.370759125426e+02
1.344261908531e+01	5.000000000000e+02	7.370759060171e+02
1.346275305748e+01	4.000000000000e+02	7.370759019800e+02
1.348339653015e+01	3.500000000000e+02	7.370759019800e+02
1.350321269035e+01	3.000000000000e+02	7.370758964881e+02
1.352332568169e+01	4.000000000000e+02	7.370758899937e+02
1.354274749756e+01	5.500000000000e+02	7.370758834527e+02
1.356299567223e+01	4.500000000000e+02	7.370758821254e+02
1.358328437805e+01	3.000000000000e+02	7.370758804765e+02
1.360320854187e+01	4.000000000000e+02	7.370758742306e+02
1.362332224846e+01	4.500000000000e+02	7.370758680644e+02
1.364339256287e+01	2.000000000000e+02	7.370758619313e+02
1.366328358650e+01	5.000000000000e+02	7.370758554910e+02
1.368340015411e+01	6.000000000000e+02	7.370758529008e+02
1.370303440094e+01	7.500000000000e+02	7.370758526242e+02
1.372402095795e+01	7.500000000000e+02	7.370758468062e+02
1.374276351929e+01	4.500000000000e+02	7.370758412419e+02
1.376254534721e+01	7.500000000000e+02	7.370758342933e+02
1.378252077103e+01	6.000000000000e+02	7.370758332422e+02
1.380346393585e+01	9.000000000000e+02	7.370758316542e+02
1.382330894470e+01	7.000000000000e+02	7.370758253700e+02
1.384327292442e+01	9.500000000000e+02	7.370758190136e+02
1.386339569092e+01	8.500000000000e+02	7.370758135466e+02
1.388340067863e+01	2.500000000000e+02	7.370758135466e+02
1.390336465836e+01	5.500000000000e+02	7.370758100488e+02
1.392327308655e+01	1.000000000000e+03	7.370758038672e+02
1.394512534142e+01	8.500000000000e+02	7.370757982698e+02
1.396323990822e+01	8.000000000000e+02	7.370757940700e+02
1.398341989517e+01	9.500000000000e+02	7.370757940700e+02
1.400376725197e+01	8.000000000000e+02	7.370757877193e+02
1.402299761772e+01	6.500000000000e+02	7.370757815656e+02
1.404304647446e+01	1.200000000000e+03	7.370757754344e+02
1.406339359283e+01	7.500000000000e+02	7.370757703852e+02
1.408332467079e+01	8.500000000000e+02	7.370757656931e+02
1.410322237015e+01	9.500000000000e+02	7.370757598382e+02
1.412319231033e+01	8.000000000000e+02	7.370757541226e+02
1.414321017265e+01	7.000000000000e+02	7.370757541226e+02
1.416313219070e+01	8.000000000000e+02	7.370757484372e+02
1.418338990211e+01	6.500000000000e+02	7.370757422431e+02
1.420330142975e+01	9.000000000000e+02	7.370757370055e+02
1.422331261635e+01	4.500000000000e+02	7.370757342242e+02
1.424344730377e+01	1.050000000000e+03	7.370757320587e+02
1.426340985298e+01	6.500000000000e+02	7.370757269443e+02
1.428276848793e+01	9.500000000000e+02	7.370757212529e+02
1.430344080925e+01	5.500000000000e+02	7.370757138248e+02
1.432252979279e+01	5.000000000000e+02	7.370757133536e+02
1.434329819679e+01	1.000000000000e+03	7.370757114472e+02
1.436339187622e+01	8.000000000000e+02	7.370757059599e+02
1.438339138031e+01	8.000000000000e+02	7.370757040879e+02
1.440261030197e+01	1.050000000000e+03	7.370757017729e+02
1.442331552505e+01	9.000000000000e+02	7.370756950450e+02
1.444326519966e+01	1.000000000000e+03	7.370756894479e+02
1.446301245689e+01	1.050000000000e+03	7.370756839681e+02
1.448335075378e+01	1.100000000000e+03	7.370756778398e+02
1.450329804420e+01	1.100000000000e+03	7.370756748414e+02
1.452324414253e+01	0.000000000000e+00	7.370756745413e+02
1.454333281517e+01	3.500000000000e+02	7.370756684977e+02
1.456282281876e+01	1.250000000000e+03	7.370756624689e+02
1.458342480659e+01	1.000000000000e+03	7.370756559039e+02
1.460333871841e+01	1.550000000000e+03	7.370756554909e+02
1.462333202362e+01	1.000000000000e+03	7.370756537485e+02
1.464289975166e+01	1.400000000000e+03	7.370756471179e+02
1.466310453415e+01	1.650000000000e+03	7.370756405497e+02
1.468324208260e+01	1.150000000000e+03	7.370756367792e+02
1.470334100723e+01	1.250000000000e+03	7.370756367792e+02
1.472326993942e+01	1.750000000000e+03	7.370756367792e+02
1.474419713020e+01	1.350000000000e+03	7.370756325838e+02
1.476409792900e+01	1.400000000000e+03	7.370756207141e+02
1.478338336945e+01	1.250000000000e+03	7.370756177402e+02
1.480349564552e+01	1.400000000000e+03	7.370756164293e+02
1.482332992554e+01	1.450000000000e+03	7.370756099427e+02
1.484343218803e+01	1.850000000000e+03	7.370756032397e+02
1.486338162422e+01	1.350000000000e+03	7.370755966079e+02
1.488340473175e+01	1.150000000000e+03	7.370755903143e+02
1.490347218513e+01	1.950000000000e+03	7.370755876064e+02
1.492338776588e+01	1.300000000000e+03	7.370755876064e+02
1.494343852997e+01	1.350000000000e+03	7.370755815654e+02
1.496339821815e+01	1.650000000000e+03	7.370755749905e+02
1.498348093033e+01	1.200000000000e+03	7.370755682323e+02
1.500368952751e+01	1.600000000000e+03	7.370755676498e+02
1.502328443527e+01	2.100000000000e+03	7.370755658797e+02
1.504271888733e+01	1.650000000000e+03	7.370755590345e+02
1.506257462502e+01	1.350000000000e+03	7.370755526802e+02
1.508364057541e+01	9.000000000000e+02	7.370755470815e+02
1.510352969170e+01	1.250000000000e+03	7.370755470815e+02
1.512330412865e+01	9.500000000000e+02	7.370755428667e+02
1.514248752594e+01	1.850000000000e+03	7.370755367518e+02
1.516300749779e+01	2.250000000000e+03	7.370755297316e+02
1.518286132812e+01	1.500000000000e+03	7.370755243231e+02
1.520334148407e+01	1.800000000000e+03	7.370755197422e+02
1.522326397896e+01	1.150000000000e+03	7.370755166180e+02
1.524264621735e+01	1.800000000000e+03	7.370755166180e+02
1.526340699196e+01	2.250000000000e+03	7.370755113176e+02
1.528307461739e+01	1.550000000000e+03	7.370755054117e+02
1.530333065987e+01	1.650000000000e+03	7.370754990623e+02
1.532332563400e+01	1.450000000000e+03	7.370754960193e+02
1.534347128868e+01	1.400000000000e+03	7.370754935503e+02
1.536257696152e+01	1.000000000000e+03	7.370754883765e+02
1.538327622414e+01	1.550000000000e+03	7.370754801969e+02
1.540360689163e+01	1.700000000000e+03	7.370754752062e+02
1.542341423035e+01	1.600000000000e+03	7.370754752062e+02
1.544328546524e+01	1.200000000000e+03	7.370754688554e+02
1.546327614784e+01	1.000000000000e+03	7.370754628521e+02
1.548330640793e+01	1.000000000000e+03	7.370754581364e+02
1.550253391266e+01	1.000000000000e+03	7.370754533671e+02
1.552332472801e+01	8.500000000000e+02	7.370754467849e+02
1.554301142693e+01	9.000000000000e+02	7.370754439435e+02
1.556272220612e+01	1.050000000000e+03	7.370754432702e+02
1.558266854286e+01	1.300000000000e+03	7.370754366266e+02
1.560261583328e+01	8.500000000000e+02	7.370754302392e+02
1.562328553200e+01	8.500000000000e+02	7.370754243572e+02
1.564345669746e+01	9.000000000000e+02	7.370754243572e+02
1.566293263435e+01	9.000000000000e+02	7.370754192861e+02
1.568331408501e+01	1.350000000000e+03	7.370754121466e+02
1.570339965820e+01	1.400000000000e+03	7.370754069007e+02
1.572331309319e+01	9.000000000000e+02	7.370754041055e+02
1.574323630333e+01	1.050000000000e+03	7.370754020305e+02
1.576317930222e+01	1.050000000000e+03	7.370753968312e+02
1.578333139420e+01	9.000000000000e+02	7.370753911316e+02
1.580341267586e+01	1.200000000000e+03	7.370753848130e+02
1.582311439514e+01	1.050000000000e+03	7.370753838718e+02
1.584332919121e+01	1.150000000000e+03	7.370753818568e+02
1.586300039291e+01	1.100000000000e+03	7.370753756058e+02
1.588313221931e+01	5.500000000000e+02	7.370753687933e+02
1.590306520462e+01	9.000000000000e+02	7.370753646909e+02
1.592316102982e+01	1.000000000000e+03	7.370753646909e+02
1.594315719604e+01	7.000000000000e+02	7.370753596674e+02
1.596310091019e+01	5.000000000000e+02	7.370753540239e+02
1.598339462280e+01	5.000000000000e+02	7.370753478327e+02
1.600339365005e+01	8.000000000000e+02	7.370753418238e+02
1.602312779427e+01	8.500000000000e+02	7.370753362364e+02
1.604339480400e+01	4.500000000000e+02	7.370753362364e+02
1.606288242340e+01	0.000000000000e+00	7.370753329743e+02
1.608330535889e+01	3.000000000000e+02	7.370753265655e+02
1.610335302353e+01	6.000000000000e+02	7.370753199881e+02
1.612333822250e+01	5.000000000000e+02	7.370753165965e+02
1.614339184761e+01	4.000000000000e+02	7.370753165965e+02
1.616356873512e+01	5.000000000000e+02	7.370753106782e+02
1.618332982063e+01	1.500000000000e+02	7.370753043163e+02
1.620339250565e+01	6.500000000000e+02	7.370752979456e+02
1.622310757637e+01	3.000000000000e+02	7.370752969954e+02
1.624407482147e+01	4.000000000000e+02	7.370752953210e+02
1.626435709000e+01	5.000000000000e+02	7.370752910424e+02
1.628283643723e+01	2.000000000000e+02	7.370752867515e+02
1.630278301239e+01	4.500000000000e+02	7.370752769553e+02
1.632329893112e+01	5.000000000000e+02	7.370752769553e+02
1.634290957451e+01	5.000000000000e+02	7.370752738360e+02
1.636321878433e+01	2.500000000000e+02	7.370752695296e+02
1.638304328918e+01	5.000000000000e+02	7.370752652362e+02
1.640324664116e+01	5.500000000000e+02	7.370752607333e+02
1.642302131653e+01	3.000000000000e+02	7.370752559880e+02
1.644338226318e+01	3.500000000000e+02	7.370752491689e+02
1.646321105957e+01	3.500000000000e+02	7.370752427450e+02
1.648332333565e+01	5.000000000000e+02	7.370752370304e+02
1.650341653824e+01	4.000000000000e+02	7.370752370304e+02
1.652331447601e+01	4.000000000000e+02	7.370752319809e+02
1.654310512543e+01	5.000000000000e+01	7.370752266640e+02
1.656338691711e+01	5.000000000000e+01	7.370752205606e+02
1.658356809616e+01	2.000000000000e+02	7.370752173382e+02
1.660340213776e+01	3.000000000000e+02	7.370752151989e+02
1.662295389175e+01	3.000000000000e+02	7.370752104607e+02
1.664336895943e+01	2.500000000000e+02	7.370752048322e+02
1.666331791878e+01	4.000000000000e+02	7.370751982998e+02
1.668326258659e+01	2.000000000000e+02	7.370751973191e+02
1.670308732986e+01	3.000000000000e+02	7.370751948611e+02
1.672330737114e+01	2.500000000000e+02	7.370751883571e+02
1.674302291870e+01	4.000000000000e+02	7.370751816141e+02
1.676340556145e+01	5.500000000000e+02	7.370751774895e+02
1.678339648247e+01	1.500000000000e+02	7.370751774895e+02
1.680340528488e+01	1.000000000000e+02	7.370751724166e+02
1.682333254814e+01	3.000000000000e+02	7.370751654096e+02
1.684336948395e+01	4.500000000000e+02	7.370751584105e+02
1.686339783669e+01	2.000000000000e+02	7.370751516284e+02
1.688288164139e+01	1.000000000000e+02	7.370751458667e+02
1.690331816673e+01	2.500000000000e+02	7.370751458667e+02
1.692333126068e+01	3.500000000000e+02	7.370751418349e+02
1.694323348999e+01	1.500000000000e+02	7.370751349362e+02
1.696339821815e+01	3.500000000000e+02	7.370751281513e+02
1.698339486122e+01	3.000000000000e+02	7.370751252458e+02
1.700310969353e+01	1.500000000000e+02	7.370751252458e+02
1.702309131622e+01	5.000000000000e+01	7.370751186470e+02
1.704329490662e+01	3.000000000000e+02	7.370751118271e+02
1.706339478493e+01	1.000000000000e+02	7.370751053016e+02
1.708334159851e+01	2.500000000000e+02	7.370751040018e+02
1.710344171524e+01	2.000000000000e+02	7.370751012819e+02
1.712328433990e+01	1.500000000000e+02	7.370750950448e+02
1.714308381081e+01	2.500000000000e+02	7.370750883964e+02
1.716333246231e+01	3.500000000000e+02	7.370750824426e+02
1.718332123756e+01	3.500000000000e+02	7.370750824426e+02
1.720340299606e+01	2.500000000000e+02	7.370750783299e+02
1.722424602509e+01	4.000000000000e+02	7.370750717150e+02
1.724407219887e+01	2.000000000000e+02	7.370750647435e+02
1.726332545280e+01	1.500000000000e+02	7.370750610760e+02
1.728328490257e+01	2.000000000000e+02	7.370750607328e+02
1.730393362045e+01	1.000000000000e+02	7.370750536392e+02
1.732327747345e+01	1.000000000000e+02	7.370750473060e+02
1.734307050705e+01	2.500000000000e+02	7.370750411629e+02
1.736305809021e+01	1.500000000000e+02	7.370750399310e+02
1.738299727440e+01	1.000000000000e+02	7.370750373211e+02
1.740333437920e+01	2.000000000000e+02	7.370750314075e+02
1.742317390442e+01	2.500000000000e+02	7.370750268347e+02
1.744407987595e+01	5.000000000000e+01	7.370750223078e+02
1.746333146095e+01	3.500000000000e+02	7.370750171386e+02
1.748293161392e+01	2.000000000000e+02	7.370750105059e+02
1.750340414047e+01	0.000000000000e+00	7.370750033417e+02
1.752269268036e+01	2.500000000000e+02	7.370749997414e+02
1.754263496399e+01	5.000000000000e+01	7.370749997414e+02
1.756391286850e+01	3.500000000000e+02	7.370749914066e+02
1.758338451385e+01	1.500000000000e+02	7.370749901043e+02
1.760328936577e+01	1.000000000000e+02	7.370749881100e+02
1.762337446213e+01	2.000000000000e+02	7.370749831442e+02
1.764333796501e+01	1.500000000000e+02	7.370749776876e+02
1.766331052780e+01	2.500000000000e+02	7.370749713087e+02
1.768322801590e+01	2.500000000000e+02	7.370749644308e+02
1.770330214500e+01	1.500000000000e+02	7.370749598241e+02
1.772339320183e+01	3.000000000000e+02	7.370749598241e+02
1.774335932732e+01	1.000000000000e+02	7.370749566530e+02
1.776273512840e+01	2.000000000000e+02	7.370749528118e+02
1.778328227997e+01	5.000000000000e+01	7.370749502530e+02
1.780340838432e+01	1.500000000000e+02	7.370749501288e+02
1.782331466675e+01	5.000000000000e+01	7.370749500011e+02
1.784340834618e+01	1.500000000000e+02	7.370749493263e+02
1.786339926720e+01	1.000000000000e+02	7.370749486982e+02
1.788409972191e+01	1.000000000000e+02	7.370749482270e+02
1.790303301811e+01	5.000000000000e+01	7.370749482270e+02
1.792330622673e+01	2.500000000000e+02	7.370749478342e+02
1.794355559349e+01	1.000000000000e+02	7.370749473689e+02
1.796340465546e+01	1.500000000000e+02	7.370749467357e+02
1.798392534256e+01	1.000000000000e+02	7.370749464020e+02
1.800296258926e+01	1.500000000000e+02	7.370749463389e+02
1.802430462837e+01	5.000000000000e+01	7.370749458898e+02
1.804339456558e+01	5.000000000000e+01	7.370749458740e+02
1.806265497208e+01	0.000000000000e+00	7.370749460754e+02
1.808301472664e+01	1.500000000000e+02	7.370749461107e+02
1.810395908356e+01	1.000000000000e+02	7.370749460262e+02
1.812293028831e+01	1.000000000000e+02	7.370749458254e+02
1.814295983315e+01	5.000000000000e+01	7.370749454589e+02
1.816417217255e+01	5.000000000000e+01	7.370749451466e+02
1.818409013748e+01	1.000000000000e+02	7.370749451466e+02
1.820339250565e+01	1.000000000000e+02	7.370749450949e+02
1.822263216972e+01	1.500000000000e+02	7.370749449591e+02
1.824265003204e+01	2.000000000000e+02	7.370749444731e+02
1.826338315010e+01	1.000000000000e+02	7.370749444302e+02
1.828330421448e+01	1.000000000000e+02	7.370749446477e+02
1.830340838432e+01	1.500000000000e+02	7.370749446477e+02
1.832272553444e+01	1.000000000000e+02	7.370749444872e+02
1.834299564362e+01	2.500000000000e+02	7.370749441809e+02
1.836299014091e+01	2.000000000000e+02	7.370749441907e+02
1.838340926170e+01	0.000000000000e+00	7.370749442053e+02
1.840314817429e+01	2.000000000000e+02	7.370749442053e+02
1.842279100418e+01	1.000000000000e+02	7.370749440693e+02
1.844276404381e+01	2.000000000000e+02	7.370749439038e+02
1.846259427071e+01	5.000000000000e+01	7.370749436739e+02
1.848314905167e+01	3.500000000000e+02	7.370749434587e+02
1.850300359726e+01	5.000000000000e+01	7.370749434301e+02
1.852310109138e+01	5.000000000000e+01	7.370749432380e+02
1.854302763939e+01	1.000000000000e+02	7.370749430522e+02
1.856373023987e+01	1.500000000000e+02	7.370749428672e+02
1.858250093460e+01	1.500000000000e+02	7.370749428408e+02
1.860356593132e+01	2.000000000000e+02	7.370749428301e+02
1.862265682220e+01	0.000000000000e+00	7.370749428052e+02
1.864347505569e+01	1.000000000000e+02	7.370749426614e+02
1.866313672066e+01	3.000000000000e+02	7.370749424516e+02
1.868274641037e+01	3.000000000000e+02	7.370749424435e+02
1.870311260223e+01	1.500000000000e+02	7.370749424382e+02
1.872327733040e+01	3.000000000000e+02	7.370749424382e+02
1.874291062355e+01	1.000000000000e+02	7.370749423756e+02
