#Saved Data from the class wavemeter_logger_logic on 22.11.2022 at 14h19m13s.
#
#Parameters:
#===========
#
#Start Time (s): 22.11.2022 14h:18min:54s
#Stop Time (s): 22.11.2022 14h:19min:13s
#
#Data:
#=====
#Measurement Time (s)	Signal (counts/s)	Interpolated Wavelength (nm)
1.600670814514e-02	1.250000000000e+03	7.370756444484e+02
3.517436981201e-02	6.000000000000e+02	7.370756444484e+02
5.596590042114e-02	1.050000000000e+03	7.370756444484e+02
7.596611976624e-02	9.000000000000e+02	7.370756444484e+02
9.594631195068e-02	1.250000000000e+03	7.370756444582e+02
1.217312812805e-01	1.050000000000e+03	7.370756443810e+02
1.472568511963e-01	9.000000000000e+02	7.370756442742e+02
1.607766151428e-01	9.500000000000e+02	7.370756442177e+02
1.981241703033e-01	1.000000000000e+03	7.370756441841e+02
2.260534763336e-01	9.500000000000e+02	7.370756444966e+02
2.380228042603e-01	6.500000000000e+02	7.370756446305e+02
2.439832687378e-01	1.050000000000e+03	7.370756446972e+02
2.599627971649e-01	1.350000000000e+03	7.370756447001e+02
2.898602485657e-01	7.500000000000e+02	7.370756445552e+02
3.416516780853e-01	1.150000000000e+03	7.370756443042e+02
3.756313323975e-01	1.000000000000e+03	7.370756447097e+02
4.055240154266e-01	1.100000000000e+03	7.370756450664e+02
4.055240154266e-01	6.500000000000e+02	7.370756450664e+02
4.074509143829e-01	8.500000000000e+02	7.370756450664e+02
4.094254970551e-01	1.300000000000e+03	7.370756450664e+02
4.154326915741e-01	7.000000000000e+02	7.370756450664e+02
4.355175495148e-01	6.500000000000e+02	7.370756450664e+02
4.555599689484e-01	9.500000000000e+02	7.370756449332e+02
4.755072593689e-01	8.500000000000e+02	7.370756448075e+02
4.954533576965e-01	1.000000000000e+03	7.370756447430e+02
5.153999328613e-01	8.500000000000e+02	7.370756447108e+02
5.353248119354e-01	5.500000000000e+02	7.370756447108e+02
5.562677383423e-01	1.150000000000e+03	7.370756447108e+02
5.752182006836e-01	7.500000000000e+02	7.370756446920e+02
5.951645374298e-01	1.200000000000e+03	7.370756448025e+02
6.151337623596e-01	8.500000000000e+02	7.370756461909e+02
6.358342170715e-01	1.000000000000e+03	7.370756470924e+02
6.552686691284e-01	8.500000000000e+02	7.370756473009e+02
6.754586696625e-01	5.000000000000e+02	7.370756515697e+02
6.959419250488e-01	6.000000000000e+02	7.370756563590e+02
7.150895595551e-01	6.500000000000e+02	7.370756614550e+02
7.354693412781e-01	8.000000000000e+02	7.370756623533e+02
7.561228275299e-01	9.000000000000e+02	7.370756643513e+02
7.759675979614e-01	8.500000000000e+02	7.370756705202e+02
7.952022552490e-01	1.050000000000e+03	7.370756763803e+02
8.159444332123e-01	1.050000000000e+03	7.370756812838e+02
8.359570503235e-01	1.000000000000e+03	7.370756812838e+02
8.569335937500e-01	7.000000000000e+02	7.370756857199e+02
8.768780231476e-01	7.500000000000e+02	7.370756921029e+02
8.952815532684e-01	6.500000000000e+02	7.370756984935e+02
9.159660339355e-01	5.500000000000e+02	7.370757016179e+02
9.354152679443e-01	3.000000000000e+02	7.370757016179e+02
9.553616046906e-01	4.000000000000e+02	7.370757079081e+02
9.753363132477e-01	4.000000000000e+02	7.370757143470e+02
9.959359169006e-01	6.500000000000e+02	7.370757211630e+02
1.015986919403e+00	3.000000000000e+02	7.370757214761e+02
1.035553932190e+00	6.000000000000e+02	7.370757239810e+02
1.055965662003e+00	6.000000000000e+02	7.370757302685e+02
1.075885295868e+00	4.000000000000e+02	7.370757346902e+02
1.095969915390e+00	3.500000000000e+02	7.370757389227e+02
1.116641044617e+00	4.000000000000e+02	7.370757442011e+02
1.136569261551e+00	3.000000000000e+02	7.370757499722e+02
1.155959844589e+00	4.000000000000e+02	7.370757562601e+02
1.175633192062e+00	2.500000000000e+02	7.370757597621e+02
1.195938587189e+00	3.000000000000e+02	7.370757597621e+02
1.215475559235e+00	5.000000000000e+02	7.370757653109e+02
1.235950708389e+00	7.000000000000e+02	7.370757712327e+02
1.256251335144e+00	5.000000000000e+02	7.370757764946e+02
1.276826858521e+00	5.500000000000e+02	7.370757782542e+02
1.296095609665e+00	2.000000000000e+02	7.370757806045e+02
1.316066265106e+00	2.500000000000e+02	7.370757870595e+02
1.336013078690e+00	6.500000000000e+02	7.370757933665e+02
1.355965614319e+00	3.000000000000e+02	7.370757976949e+02
1.375861644745e+00	4.000000000000e+02	7.370757976949e+02
1.395283937454e+00	2.500000000000e+02	7.370758025765e+02
1.415952205658e+00	4.000000000000e+02	7.370758070317e+02
1.435876131058e+00	2.500000000000e+02	7.370758070317e+02
1.456260919571e+00	5.500000000000e+02	7.370758121272e+02
1.476101875305e+00	5.000000000000e+02	7.370758174732e+02
1.495971202850e+00	5.000000000000e+02	7.370758242955e+02
1.515995740891e+00	2.500000000000e+02	7.370758305906e+02
1.535330533981e+00	4.500000000000e+02	7.370758360488e+02
1.555952787399e+00	4.000000000000e+02	7.370758360488e+02
1.575694799423e+00	4.000000000000e+02	7.370758391489e+02
1.595350980759e+00	4.000000000000e+02	7.370758452996e+02
1.615957736969e+00	1.000000000000e+02	7.370758519756e+02
1.635957717896e+00	5.000000000000e+01	7.370758558671e+02
1.655972003937e+00	1.000000000000e+02	7.370758558671e+02
1.675617933273e+00	1.000000000000e+02	7.370758610110e+02
1.695576429367e+00	2.000000000000e+02	7.370758675906e+02
1.715967178345e+00	1.000000000000e+02	7.370758747773e+02
1.736242294312e+00	1.000000000000e+02	7.370758809107e+02
1.755997419357e+00	3.000000000000e+02	7.370758858074e+02
1.775918722153e+00	2.000000000000e+02	7.370758858074e+02
1.796388626099e+00	1.500000000000e+02	7.370758893343e+02
1.816339015961e+00	2.500000000000e+02	7.370758951500e+02
1.835930824280e+00	4.000000000000e+02	7.370759028444e+02
1.855932474136e+00	2.000000000000e+02	7.370759069332e+02
1.876160621643e+00	5.000000000000e+01	7.370759075537e+02
1.895971298218e+00	2.000000000000e+02	7.370759137998e+02
1.916766166687e+00	1.500000000000e+02	7.370759207993e+02
1.935958862305e+00	2.000000000000e+02	7.370759272571e+02
1.955979108810e+00	1.000000000000e+02	7.370759272571e+02
1.976008415222e+00	1.500000000000e+02	7.370759306212e+02
1.995884656906e+00	3.000000000000e+02	7.370759370475e+02
2.015976667404e+00	3.000000000000e+02	7.370759435793e+02
2.035923480988e+00	2.000000000000e+02	7.370759474713e+02
2.055870294571e+00	3.000000000000e+02	7.370759474713e+02
2.075985431671e+00	2.500000000000e+02	7.370759525761e+02
2.095950841904e+00	2.000000000000e+02	7.370759590076e+02
2.115978002548e+00	2.000000000000e+02	7.370759658803e+02
2.135997533798e+00	2.500000000000e+02	7.370759679452e+02
2.155969619751e+00	2.500000000000e+02	7.370759688821e+02
2.175884246826e+00	1.000000000000e+02	7.370759751584e+02
2.195323228836e+00	5.000000000000e+01	7.370759815169e+02
2.215793609619e+00	2.000000000000e+02	7.370759880767e+02
2.236031770706e+00	0.000000000000e+00	7.370759880767e+02
2.255976200104e+00	1.500000000000e+02	7.370759905687e+02
2.275982618332e+00	2.000000000000e+02	7.370759952731e+02
2.295957565308e+00	1.000000000000e+02	7.370760001803e+02
2.315974473953e+00	2.000000000000e+02	7.370760053421e+02
2.335346221924e+00	2.000000000000e+02	7.370760112923e+02
2.355865240097e+00	0.000000000000e+00	7.370760182749e+02
2.375962972641e+00	5.000000000000e+01	7.370760249442e+02
2.395966768265e+00	0.000000000000e+00	7.370760275928e+02
2.415968656540e+00	0.000000000000e+00	7.370760280521e+02
2.436053276062e+00	1.000000000000e+02	7.370760373020e+02
2.455969333649e+00	0.000000000000e+00	7.370760425056e+02
2.475341320038e+00	5.000000000000e+01	7.370760473636e+02
2.495974779129e+00	3.000000000000e+02	7.370760478396e+02
2.515813589096e+00	1.000000000000e+02	7.370760503360e+02
2.536304473877e+00	1.000000000000e+02	7.370760564256e+02
2.555978298187e+00	1.500000000000e+02	7.370760579000e+02
2.575862646103e+00	0.000000000000e+00	7.370760601181e+02
2.595937252045e+00	2.000000000000e+02	7.370760662013e+02
2.615776538849e+00	1.000000000000e+02	7.370760729725e+02
2.635968923569e+00	2.500000000000e+02	7.370760776480e+02
2.655958414078e+00	2.000000000000e+02	7.370760776480e+02
2.675865650177e+00	1.000000000000e+02	7.370760776407e+02
2.695579290390e+00	1.500000000000e+02	7.370760763742e+02
2.715614557266e+00	1.000000000000e+02	7.370760721304e+02
2.735659122467e+00	5.000000000000e+01	7.370760681675e+02
2.755270004272e+00	1.000000000000e+02	7.370760648899e+02
2.775216579437e+00	5.000000000000e+01	7.370760648899e+02
2.795197725296e+00	1.500000000000e+02	7.370760615475e+02
2.815859317780e+00	1.000000000000e+02	7.370760553246e+02
2.835434198380e+00	2.000000000000e+02	7.370760497214e+02
2.855971097946e+00	2.000000000000e+02	7.370760468611e+02
2.875885486603e+00	1.000000000000e+02	7.370760468611e+02
2.895580053329e+00	1.000000000000e+02	7.370760409295e+02
2.915954828262e+00	2.500000000000e+02	7.370760352156e+02
2.936384201050e+00	2.500000000000e+02	7.370760299499e+02
2.955921888351e+00	5.000000000000e+01	7.370760286648e+02
2.975972652435e+00	1.500000000000e+02	7.370760264176e+02
2.995280265808e+00	1.500000000000e+02	7.370760204476e+02
3.015954732895e+00	0.000000000000e+00	7.370760144103e+02
3.035353660583e+00	5.000000000000e+01	7.370760088037e+02
3.056294918060e+00	1.500000000000e+02	7.370760026750e+02
3.075593948364e+00	1.000000000000e+02	7.370760009237e+02
3.096093416214e+00	5.000000000000e+01	7.370759992905e+02
3.116019487381e+00	2.000000000000e+02	7.370759927671e+02
3.135966300964e+00	1.000000000000e+02	7.370759866457e+02
3.155954837799e+00	1.500000000000e+02	7.370759815269e+02
3.175383090973e+00	5.000000000000e+01	7.370759815269e+02
3.195767164230e+00	4.000000000000e+02	7.370759777619e+02
3.215986728668e+00	1.000000000000e+02	7.370759718453e+02
3.236784458160e+00	1.000000000000e+02	7.370759676225e+02
3.255981445312e+00	1.000000000000e+02	7.370759637248e+02
3.275937080383e+00	1.500000000000e+02	7.370759578260e+02
3.296589136124e+00	1.000000000000e+02	7.370759525146e+02
3.316143751144e+00	2.000000000000e+02	7.370759525146e+02
3.335349798203e+00	5.000000000000e+01	7.370759465011e+02
3.355975627899e+00	1.000000000000e+02	7.370759402951e+02
3.375976324081e+00	3.000000000000e+02	7.370759348890e+02
3.395627975464e+00	1.500000000000e+02	7.370759329961e+02
3.415981292725e+00	5.000000000000e+01	7.370759316394e+02
3.436076879501e+00	1.000000000000e+02	7.370759230509e+02
3.455969333649e+00	5.000000000000e+01	7.370759183460e+02
3.475917816162e+00	0.000000000000e+00	7.370759136278e+02
3.495887994766e+00	1.500000000000e+02	7.370759136278e+02
3.516001939774e+00	2.500000000000e+02	7.370759102717e+02
3.535315513611e+00	3.500000000000e+02	7.370759037819e+02
3.555746793747e+00	2.000000000000e+02	7.370758967867e+02
3.575955152512e+00	2.500000000000e+02	7.370758935144e+02
3.595863103867e+00	2.500000000000e+02	7.370758927303e+02
3.615939140320e+00	2.000000000000e+02	7.370758874660e+02
3.635980367661e+00	1.000000000000e+02	7.370758818675e+02
3.655946016312e+00	2.000000000000e+02	7.370758757623e+02
3.676834821701e+00	2.000000000000e+02	7.370758742462e+02
3.695581674576e+00	1.000000000000e+02	7.370758733001e+02
3.715832948685e+00	5.000000000000e+02	7.370758669483e+02
3.735978841782e+00	3.500000000000e+02	7.370758606702e+02
3.755888462067e+00	1.500000000000e+02	7.370758548678e+02
3.776318073273e+00	1.500000000000e+02	7.370758548678e+02
3.795791864395e+00	3.000000000000e+02	7.370758522107e+02
3.815829515457e+00	1.500000000000e+02	7.370758459486e+02
3.835232496262e+00	0.000000000000e+00	7.370758393986e+02
3.855179071426e+00	1.500000000000e+02	7.370758330338e+02
3.876093864441e+00	2.500000000000e+02	7.370758269247e+02
3.895586967468e+00	1.500000000000e+02	7.370758261182e+02
3.915617942810e+00	1.500000000000e+02	7.370758248741e+02
3.936773538589e+00	1.500000000000e+02	7.370758184448e+02
3.955724000931e+00	2.000000000000e+02	7.370758127185e+02
3.975281715393e+00	3.500000000000e+02	7.370758074290e+02
3.995896577835e+00	3.500000000000e+02	7.370758074290e+02
4.015960693359e+00	3.500000000000e+02	7.370758036250e+02
4.035208463669e+00	1.000000000000e+02	7.370757979782e+02
4.055974960327e+00	1.500000000000e+02	7.370757916436e+02
4.076173543930e+00	1.000000000000e+02	7.370757887836e+02
4.095863580704e+00	2.000000000000e+02	7.370757885457e+02
4.115832805634e+00	2.000000000000e+02	7.370757821640e+02
4.135357141495e+00	5.000000000000e+02	7.370757761394e+02
4.155437946320e+00	2.000000000000e+02	7.370757701721e+02
4.175899982452e+00	4.000000000000e+02	7.370757696032e+02
4.195489406586e+00	2.500000000000e+02	7.370757674278e+02
4.215412139893e+00	3.000000000000e+02	7.370757620109e+02
4.235362768173e+00	4.000000000000e+02	7.370757558862e+02
4.255972385406e+00	1.500000000000e+02	7.370757495274e+02
4.275775909424e+00	1.500000000000e+02	7.370757438838e+02
4.295742034912e+00	3.500000000000e+02	7.370757418265e+02
4.315253973007e+00	5.500000000000e+02	7.370757415102e+02
4.335496187210e+00	6.000000000000e+02	7.370757348986e+02
4.356276512146e+00	7.000000000000e+02	7.370757282494e+02
4.376023292542e+00	7.500000000000e+02	7.370757220420e+02
4.395978212357e+00	4.000000000000e+02	7.370757217294e+02
4.415978193283e+00	4.500000000000e+02	7.370757189310e+02
4.436908483505e+00	4.000000000000e+02	7.370757126903e+02
4.455958604813e+00	6.500000000000e+02	7.370757061403e+02
4.475981712341e+00	5.500000000000e+02	7.370757017532e+02
4.495939731598e+00	6.000000000000e+02	7.370757017532e+02
4.515789270401e+00	3.500000000000e+02	7.370756959782e+02
4.535887956619e+00	5.000000000000e+02	7.370756891126e+02
4.555824995041e+00	5.000000000000e+02	7.370756825179e+02
4.575774192810e+00	9.000000000000e+02	7.370756808754e+02
4.595230340958e+00	6.500000000000e+02	7.370756795447e+02
4.615861654282e+00	6.500000000000e+02	7.370756729171e+02
4.635322570801e+00	8.500000000000e+02	7.370756670410e+02
4.655956268311e+00	8.000000000000e+02	7.370756615642e+02
4.675930500031e+00	5.500000000000e+02	7.370756615642e+02
4.695984125137e+00	5.500000000000e+02	7.370756582890e+02
4.716140031815e+00	7.500000000000e+02	7.370756508680e+02
4.735223054886e+00	9.000000000000e+02	7.370756460468e+02
4.755999326706e+00	7.000000000000e+02	7.370756407978e+02
4.775940656662e+00	8.000000000000e+02	7.370756345939e+02
4.795639753342e+00	5.000000000000e+02	7.370756288551e+02
4.816964864731e+00	9.000000000000e+02	7.370756230468e+02
4.835325717926e+00	5.000000000000e+02	7.370756217421e+02
4.855981111526e+00	7.500000000000e+02	7.370756204670e+02
4.875913381577e+00	8.000000000000e+02	7.370756135543e+02
4.895847797394e+00	7.500000000000e+02	7.370756114422e+02
4.915310859680e+00	1.350000000000e+03	7.370756105007e+02
4.936213016510e+00	1.200000000000e+03	7.370756012631e+02
4.955984115601e+00	1.050000000000e+03	7.370755963819e+02
4.975485324860e+00	9.500000000000e+02	7.370755915673e+02
4.995960712433e+00	1.000000000000e+03	7.370755915673e+02
5.015931844711e+00	1.500000000000e+03	7.370755882431e+02
5.036280870438e+00	1.000000000000e+03	7.370755818717e+02
5.055816650391e+00	9.500000000000e+02	7.370755759981e+02
5.076402664185e+00	1.050000000000e+03	7.370755719058e+02
5.095900535583e+00	1.200000000000e+03	7.370755717147e+02
5.115979909897e+00	1.250000000000e+03	7.370755657365e+02
5.136122465134e+00	8.000000000000e+02	7.370755595304e+02
5.155983209610e+00	8.500000000000e+02	7.370755529234e+02
5.175295114517e+00	8.000000000000e+02	7.370755466350e+02
5.195966482162e+00	1.450000000000e+03	7.370755415234e+02
5.215960264206e+00	7.500000000000e+02	7.370755415234e+02
5.235497951508e+00	1.550000000000e+03	7.370755375057e+02
5.256101608276e+00	1.000000000000e+03	7.370755308465e+02
5.276048421860e+00	1.400000000000e+03	7.370755239023e+02
5.295994997025e+00	1.800000000000e+03	7.370755211248e+02
5.315979719162e+00	1.600000000000e+03	7.370755205024e+02
5.335526227951e+00	1.450000000000e+03	7.370755141278e+02
5.355969905853e+00	1.300000000000e+03	7.370755074601e+02
5.375890493393e+00	1.050000000000e+03	7.370755009623e+02
5.395962953568e+00	1.550000000000e+03	7.370755004604e+02
5.415982723236e+00	1.450000000000e+03	7.370754979739e+02
5.437630414963e+00	1.450000000000e+03	7.370754918798e+02
5.455873250961e+00	1.500000000000e+03	7.370754857559e+02
5.475991964340e+00	1.200000000000e+03	7.370754809884e+02
5.495971202850e+00	1.200000000000e+03	7.370754809884e+02
5.515306234360e+00	1.150000000000e+03	7.370754761969e+02
5.535536766052e+00	7.500000000000e+02	7.370754702013e+02
5.555912256241e+00	1.250000000000e+03	7.370754638510e+02
5.576094150543e+00	9.000000000000e+02	7.370754576731e+02
5.595952272415e+00	1.100000000000e+03	7.370754525721e+02
5.616009712219e+00	1.250000000000e+03	7.370754525721e+02
5.635987043381e+00	7.000000000000e+02	7.370754488615e+02
5.655903816223e+00	1.000000000000e+03	7.370754427021e+02
5.676000833511e+00	1.200000000000e+03	7.370754363753e+02
5.695983886719e+00	9.000000000000e+02	7.370754334037e+02
5.715302944183e+00	6.500000000000e+02	7.370754334037e+02
5.735270261765e+00	7.000000000000e+02	7.370754272696e+02
5.755866527557e+00	1.050000000000e+03	7.370754220700e+02
5.776110649109e+00	8.500000000000e+02	7.370754182094e+02
5.795965194702e+00	1.050000000000e+03	7.370754140607e+02
5.815984010696e+00	1.100000000000e+03	7.370754078048e+02
5.835907220840e+00	9.000000000000e+02	7.370754055168e+02
5.855860948563e+00	1.150000000000e+03	7.370754055168e+02
5.875948190689e+00	9.000000000000e+02	7.370754055168e+02
5.895979404449e+00	6.000000000000e+02	7.370754055168e+02
5.915992259979e+00	8.000000000000e+02	7.370753954336e+02
5.935289144516e+00	7.500000000000e+02	7.370753844895e+02
5.955982685089e+00	7.500000000000e+02	7.370753776944e+02
5.975344657898e+00	6.000000000000e+02	7.370753760790e+02
5.995290756226e+00	9.000000000000e+02	7.370753748779e+02
6.016234874725e+00	6.500000000000e+02	7.370753664708e+02
6.035560131073e+00	5.500000000000e+02	7.370753614664e+02
6.055985689163e+00	3.500000000000e+02	7.370753566947e+02
6.075870275497e+00	7.000000000000e+02	7.370753565274e+02
6.095986127853e+00	7.500000000000e+02	7.370753514496e+02
6.115318298340e+00	9.000000000000e+02	7.370753465697e+02
6.135852336884e+00	5.000000000000e+02	7.370753401428e+02
6.156069040298e+00	2.500000000000e+02	7.370753368719e+02
6.175828695297e+00	6.000000000000e+02	7.370753368719e+02
6.195964574814e+00	7.000000000000e+02	7.370753311781e+02
6.215935707092e+00	5.000000000000e+02	7.370753243204e+02
6.235313415527e+00	3.000000000000e+02	7.370753168398e+02
6.255982637405e+00	3.500000000000e+02	7.370753168398e+02
6.275941371918e+00	6.500000000000e+02	7.370753141153e+02
6.295941829681e+00	4.500000000000e+02	7.370753089726e+02
6.315680265427e+00	5.000000000000e+02	7.370753010762e+02
6.335628747940e+00	7.000000000000e+02	7.370752962977e+02
6.355575799942e+00	7.500000000000e+02	7.370752962977e+02
6.375583887100e+00	5.000000000000e+02	7.370752905563e+02
6.395987033844e+00	5.500000000000e+02	7.370752846018e+02
6.415974855423e+00	6.000000000000e+02	7.370752780943e+02
6.436318635941e+00	5.500000000000e+02	7.370752713255e+02
6.455900430679e+00	4.500000000000e+02	7.370752649490e+02
6.475933313370e+00	3.500000000000e+02	7.370752649490e+02
6.495990276337e+00	4.500000000000e+02	7.370752622936e+02
6.515590429306e+00	3.500000000000e+02	7.370752547602e+02
6.536400556564e+00	3.000000000000e+02	7.370752477913e+02
6.555981636047e+00	3.000000000000e+02	7.370752441176e+02
6.575349092484e+00	4.000000000000e+02	7.370752438154e+02
6.595980644226e+00	1.500000000000e+02	7.370752375624e+02
6.615617513657e+00	1.500000000000e+02	7.370752311361e+02
6.635616540909e+00	1.500000000000e+02	7.370752237906e+02
6.655987262726e+00	5.000000000000e+02	7.370752234233e+02
6.675986051559e+00	1.500000000000e+02	7.370752212985e+02
6.695324182510e+00	2.500000000000e+02	7.370752148757e+02
6.715274810791e+00	2.500000000000e+02	7.370752081890e+02
6.735194444656e+00	1.500000000000e+02	7.370752031731e+02
6.755987882614e+00	1.000000000000e+02	7.370752031731e+02
6.775869846344e+00	2.500000000000e+02	7.370752000891e+02
6.795985221863e+00	2.000000000000e+02	7.370751959762e+02
6.815975904465e+00	2.500000000000e+02	7.370751889087e+02
6.836423158646e+00	2.000000000000e+02	7.370751809585e+02
6.855851650238e+00	2.000000000000e+02	7.370751766703e+02
6.875705957413e+00	3.000000000000e+02	7.370751718024e+02
6.895316839218e+00	2.500000000000e+02	7.370751659161e+02
6.915903568268e+00	4.500000000000e+02	7.370751643812e+02
6.935914039612e+00	1.500000000000e+02	7.370751630992e+02
6.955973625183e+00	2.000000000000e+02	7.370751566521e+02
6.975359916687e+00	2.000000000000e+02	7.370751502476e+02
6.995604991913e+00	0.000000000000e+00	7.370751444129e+02
7.016834735870e+00	2.500000000000e+02	7.370751444129e+02
7.035912513733e+00	1.500000000000e+02	7.370751382706e+02
7.055149316788e+00	0.000000000000e+00	7.370751345818e+02
7.076093196869e+00	1.000000000000e+02	7.370751342673e+02
7.096039772034e+00	2.000000000000e+02	7.370751278694e+02
7.115931272507e+00	3.000000000000e+02	7.370751220234e+02
7.135920286179e+00	2.000000000000e+02	7.370751167231e+02
7.155905246735e+00	2.500000000000e+02	7.370751108612e+02
7.175951957703e+00	2.500000000000e+02	7.370751047399e+02
7.195902347565e+00	1.500000000000e+02	7.370751043015e+02
7.215992212296e+00	1.500000000000e+02	7.370751013186e+02
7.235907793045e+00	2.500000000000e+02	7.370750957592e+02
7.256115913391e+00	3.000000000000e+02	7.370750893197e+02
7.275897741318e+00	2.500000000000e+02	7.370750842564e+02
7.295937299728e+00	3.000000000000e+02	7.370750842564e+02
7.316313028336e+00	2.000000000000e+02	7.370750803994e+02
7.335942745209e+00	1.500000000000e+02	7.370750730091e+02
7.355991125107e+00	0.000000000000e+00	7.370750665618e+02
7.375879049301e+00	1.000000000000e+02	7.370750640234e+02
7.395272970200e+00	4.000000000000e+02	7.370750636939e+02
7.415771961212e+00	5.000000000000e+01	7.370750569156e+02
7.435719013214e+00	5.000000000000e+01	7.370750505839e+02
7.456161022186e+00	1.500000000000e+02	7.370750443165e+02
7.475682258606e+00	1.000000000000e+02	7.370750443165e+02
7.495988130569e+00	2.000000000000e+02	7.370750412160e+02
7.515281438828e+00	1.500000000000e+02	7.370750348720e+02
7.536008358002e+00	5.000000000000e+01	7.370750277917e+02
7.555986404419e+00	1.500000000000e+02	7.370750240033e+02
7.575811386108e+00	1.500000000000e+02	7.370750240033e+02
7.595299243927e+00	1.500000000000e+02	7.370750183476e+02
7.615935087204e+00	1.000000000000e+02	7.370750117354e+02
7.636351585388e+00	0.000000000000e+00	7.370750059003e+02
7.655895471573e+00	0.000000000000e+00	7.370750000425e+02
7.675272703171e+00	1.000000000000e+02	7.370749947271e+02
7.695889234543e+00	1.500000000000e+02	7.370749947271e+02
7.715977668762e+00	1.500000000000e+02	7.370749908247e+02
7.735244750977e+00	1.000000000000e+02	7.370749850273e+02
7.755954504013e+00	1.000000000000e+02	7.370749785155e+02
7.775283098221e+00	5.000000000000e+01	7.370749749467e+02
7.795229673386e+00	1.500000000000e+02	7.370749749467e+02
7.815209865570e+00	2.000000000000e+02	7.370749706331e+02
7.835383415222e+00	1.000000000000e+02	7.370749673718e+02
7.855991363525e+00	2.500000000000e+02	7.370749674957e+02
7.875962257385e+00	5.000000000000e+01	7.370749675138e+02
7.895516157150e+00	1.000000000000e+02	7.370749685412e+02
7.915493011475e+00	2.000000000000e+02	7.370749719996e+02
7.935691356659e+00	5.000000000000e+01	7.370749763030e+02
7.956019878387e+00	1.000000000000e+02	7.370749800570e+02
7.975338697433e+00	5.000000000000e+01	7.370749800570e+02
7.995814561844e+00	1.500000000000e+02	7.370749834263e+02
8.015737771988e+00	0.000000000000e+00	7.370749888253e+02
8.035706996918e+00	1.000000000000e+02	7.370749947543e+02
8.055631875992e+00	5.000000000000e+01	7.370749974129e+02
8.075602769852e+00	0.000000000000e+00	7.370749974129e+02
8.095547437668e+00	5.000000000000e+01	7.370750026382e+02
8.115936517715e+00	5.000000000000e+01	7.370750084514e+02
8.135915040970e+00	1.500000000000e+02	7.370750143724e+02
8.155833721161e+00	1.500000000000e+02	7.370750194192e+02
8.175804376602e+00	1.000000000000e+02	7.370750243289e+02
8.195995330811e+00	1.500000000000e+02	7.370750248158e+02
8.215936899185e+00	2.000000000000e+02	7.370750292321e+02
8.236032247543e+00	1.500000000000e+02	7.370750349415e+02
8.255987405777e+00	5.000000000000e+01	7.370750412509e+02
8.275751829147e+00	1.000000000000e+02	7.370750434639e+02
8.295984268188e+00	3.500000000000e+02	7.370750440981e+02
8.315997123718e+00	1.500000000000e+02	7.370750483410e+02
8.335166692734e+00	1.500000000000e+02	7.370750524051e+02
8.355428934097e+00	1.500000000000e+02	7.370750590497e+02
8.375182867050e+00	1.500000000000e+02	7.370750646901e+02
8.395991325378e+00	0.000000000000e+00	7.370750698013e+02
8.415405273438e+00	1.500000000000e+02	7.370750710265e+02
8.435884952545e+00	1.500000000000e+02	7.370750727602e+02
8.455955743790e+00	5.000000000000e+01	7.370750799210e+02
8.475978612900e+00	2.000000000000e+02	7.370750859665e+02
8.495981693268e+00	1.000000000000e+02	7.370750905348e+02
8.515928268433e+00	5.000000000000e+01	7.370750907755e+02
8.535760164261e+00	5.000000000000e+01	7.370750955630e+02
8.555923700333e+00	5.000000000000e+01	7.370751006305e+02
8.575994491577e+00	1.000000000000e+02	7.370751074883e+02
8.595991373062e+00	0.000000000000e+00	7.370751098742e+02
8.615908384323e+00	2.000000000000e+02	7.370751103188e+02
8.636613845825e+00	2.500000000000e+02	7.370751176033e+02
8.656007289886e+00	1.000000000000e+02	7.370751232898e+02
8.675775289536e+00	4.500000000000e+02	7.370751285688e+02
8.695910930634e+00	3.000000000000e+02	7.370751290739e+02
8.716012954712e+00	2.000000000000e+02	7.370751314289e+02
8.736294507980e+00	3.500000000000e+02	7.370751373798e+02
8.755212306976e+00	3.500000000000e+02	7.370751435211e+02
8.775993824005e+00	4.500000000000e+02	7.370751501702e+02
8.795993328094e+00	3.500000000000e+02	7.370751558484e+02
8.815592288971e+00	2.000000000000e+02	7.370751575909e+02
8.835947275162e+00	5.500000000000e+02	7.370751584933e+02
8.855855941772e+00	3.500000000000e+02	7.370751673764e+02
8.875828027725e+00	2.000000000000e+02	7.370751724652e+02
8.895777702332e+00	5.000000000000e+01	7.370751770364e+02
8.916024684906e+00	1.500000000000e+02	7.370751770364e+02
8.935496091843e+00	5.000000000000e+01	7.370751804014e+02
8.956004381180e+00	3.000000000000e+02	7.370751864712e+02
8.975981712341e+00	2.500000000000e+02	7.370751929777e+02
8.995996475220e+00	2.500000000000e+02	7.370751959920e+02
9.015276908875e+00	2.000000000000e+02	7.370751959920e+02
9.035943984985e+00	5.000000000000e+02	7.370752015140e+02
9.055930137634e+00	3.500000000000e+02	7.370752074627e+02
9.075850248337e+00	2.500000000000e+02	7.370752143948e+02
9.095912694931e+00	5.500000000000e+02	7.370752154368e+02
9.116001367569e+00	4.000000000000e+02	7.370752173967e+02
9.136315345764e+00	2.500000000000e+02	7.370752231989e+02
9.155925273895e+00	2.500000000000e+02	7.370752294182e+02
9.176076173782e+00	2.000000000000e+02	7.370752350877e+02
9.195999145508e+00	4.500000000000e+02	7.370752350877e+02
9.215827226639e+00	5.500000000000e+02	7.370752390398e+02
9.235751152039e+00	1.000000000000e+02	7.370752455977e+02
9.255997180939e+00	4.000000000000e+02	7.370752520882e+02
9.276004552841e+00	4.000000000000e+02	7.370752555627e+02
9.296139717102e+00	3.000000000000e+02	7.370752555627e+02
9.315855264664e+00	3.000000000000e+02	7.370752623137e+02
9.335330963135e+00	3.000000000000e+02	7.370752690676e+02
9.355820178986e+00	3.000000000000e+02	7.370752755184e+02
9.375974416733e+00	2.500000000000e+02	7.370752763314e+02
9.395339250565e+00	4.000000000000e+02	7.370752783950e+02
9.415961742401e+00	3.500000000000e+02	7.370752854989e+02
9.435318470001e+00	4.000000000000e+02	7.370752917110e+02
9.455979585648e+00	4.000000000000e+02	7.370752982556e+02
9.475441217422e+00	5.000000000000e+02	7.370753044086e+02
9.495960950851e+00	1.050000000000e+03	7.370753064800e+02
9.516190052032e+00	4.000000000000e+02	7.370753077024e+02
9.535152912140e+00	2.500000000000e+02	7.370753132458e+02
9.556169748306e+00	4.000000000000e+02	7.370753194175e+02
9.576148748398e+00	5.500000000000e+02	7.370753253098e+02
9.595598936081e+00	4.500000000000e+02	7.370753261916e+02
9.615604639053e+00	3.000000000000e+02	7.370753285991e+02
9.635308027267e+00	5.000000000000e+02	7.370753348629e+02
9.655914306641e+00	3.500000000000e+02	7.370753412698e+02
9.675981283188e+00	6.000000000000e+02	7.370753475622e+02
9.695995330811e+00	4.000000000000e+02	7.370753541147e+02
9.715770959854e+00	3.000000000000e+02	7.370753558296e+02
9.735150098801e+00	6.500000000000e+02	7.370753567782e+02
9.755938768387e+00	8.000000000000e+02	7.370753633983e+02
9.775574684143e+00	4.000000000000e+02	7.370753652890e+02
9.795995950699e+00	1.200000000000e+03	7.370753662704e+02
9.815996885300e+00	1.150000000000e+03	7.370753722968e+02
9.836325883865e+00	9.000000000000e+02	7.370753776722e+02
9.855972766876e+00	7.500000000000e+02	7.370753822914e+02
9.876007080078e+00	8.000000000000e+02	7.370753873629e+02
9.896000862122e+00	1.200000000000e+03	7.370753927806e+02
9.915243148804e+00	9.000000000000e+02	7.370753938621e+02
9.935899496078e+00	8.000000000000e+02	7.370753965446e+02
9.955848217010e+00	8.500000000000e+02	7.370754019029e+02
9.975787401199e+00	7.500000000000e+02	7.370754071596e+02
9.995884418488e+00	1.250000000000e+03	7.370754124743e+02
1.001594614983e+01	1.200000000000e+03	7.370754180178e+02
1.003622055054e+01	1.600000000000e+03	7.370754208330e+02
1.005613732338e+01	8.500000000000e+02	7.370754221727e+02
1.007596111298e+01	1.050000000000e+03	7.370754275022e+02
1.009600400925e+01	8.000000000000e+02	7.370754334257e+02
1.011578178406e+01	1.000000000000e+03	7.370754397598e+02
1.013648700714e+01	1.500000000000e+03	7.370754397598e+02
1.015541791916e+01	1.400000000000e+03	7.370754428867e+02
1.017615032196e+01	1.300000000000e+03	7.370754487975e+02
1.019559788704e+01	1.100000000000e+03	7.370754547528e+02
1.021600008011e+01	1.650000000000e+03	7.370754587272e+02
1.023629903793e+01	1.500000000000e+03	7.370754587272e+02
1.025532054901e+01	1.400000000000e+03	7.370754629432e+02
1.027527642250e+01	1.700000000000e+03	7.370754696955e+02
1.029523873329e+01	1.400000000000e+03	7.370754777072e+02
1.031619429588e+01	1.450000000000e+03	7.370754777072e+02
1.033612942696e+01	1.400000000000e+03	7.370754777072e+02
1.035586023331e+01	1.050000000000e+03	7.370754842699e+02
1.037618947029e+01	1.200000000000e+03	7.370754914925e+02
1.039599442482e+01	1.550000000000e+03	7.370754980575e+02
1.041601085663e+01	1.350000000000e+03	7.370754980575e+02
1.043588995934e+01	1.200000000000e+03	7.370755012937e+02
1.045593667030e+01	1.300000000000e+03	7.370755074694e+02
1.047594380379e+01	1.250000000000e+03	7.370755141241e+02
1.049602675438e+01	7.500000000000e+02	7.370755181795e+02
1.051601266861e+01	1.550000000000e+03	7.370755181795e+02
1.053522872925e+01	1.400000000000e+03	7.370755246967e+02
1.055600547791e+01	1.050000000000e+03	7.370755315818e+02
1.057596755028e+01	1.100000000000e+03	7.370755369030e+02
1.059657263756e+01	5.000000000000e+02	7.370755392008e+02
1.061579799652e+01	1.500000000000e+02	7.370755414395e+02
1.063598299026e+01	1.150000000000e+03	7.370755476601e+02
1.065590643883e+01	8.000000000000e+02	7.370755541322e+02
1.067586278915e+01	8.000000000000e+02	7.370755597353e+02
1.069585299492e+01	1.100000000000e+03	7.370755597353e+02
1.071515631676e+01	7.500000000000e+02	7.370755597353e+02
1.073597908020e+01	8.000000000000e+02	7.370755617521e+02
1.075600409508e+01	7.500000000000e+02	7.370755752527e+02
1.077592182159e+01	7.500000000000e+02	7.370755837395e+02
1.079598283768e+01	1.200000000000e+03	7.370755892702e+02
1.081601405144e+01	5.000000000000e+02	7.370755892702e+02
1.083539748192e+01	3.000000000000e+02	7.370755926212e+02
1.085629153252e+01	4.500000000000e+02	7.370755994915e+02
1.087600588799e+01	4.500000000000e+02	7.370756059993e+02
1.089600014687e+01	6.000000000000e+02	7.370756096369e+02
1.091596531868e+01	5.000000000000e+02	7.370756096369e+02
1.093590331078e+01	1.300000000000e+03	7.370756152388e+02
1.095577859879e+01	7.000000000000e+02	7.370756212480e+02
1.097596263885e+01	6.500000000000e+02	7.370756272857e+02
1.099597978592e+01	8.500000000000e+02	7.370756321267e+02
1.101571083069e+01	7.000000000000e+02	7.370756365182e+02
1.103567862511e+01	3.000000000000e+02	7.370756387436e+02
1.105599546432e+01	4.500000000000e+02	7.370756413162e+02
1.107601356506e+01	4.000000000000e+02	7.370756460097e+02
1.109600210190e+01	6.500000000000e+02	7.370756489091e+02
1.111596894264e+01	2.500000000000e+02	7.370756516532e+02
1.113578724861e+01	4.500000000000e+02	7.370756566954e+02
1.115591645241e+01	3.500000000000e+02	7.370756622049e+02
1.117594623566e+01	6.000000000000e+02	7.370756680464e+02
1.119588804245e+01	4.000000000000e+02	7.370756743134e+02
1.121600413322e+01	3.000000000000e+02	7.370756786920e+02
1.123561215401e+01	4.000000000000e+02	7.370756786920e+02
1.125615501404e+01	5.000000000000e+02	7.370756844698e+02
1.127597856522e+01	2.500000000000e+02	7.370756909050e+02
1.129592347145e+01	5.000000000000e+02	7.370756993799e+02
1.131531190872e+01	4.500000000000e+02	7.370757047637e+02
1.133523750305e+01	5.500000000000e+02	7.370757097429e+02
1.135599446297e+01	3.000000000000e+02	7.370757097429e+02
1.137526249886e+01	4.500000000000e+02	7.370757131040e+02
1.139620661736e+01	2.000000000000e+02	7.370757201625e+02
1.141518545151e+01	2.000000000000e+02	7.370757263746e+02
1.143518257141e+01	7.000000000000e+02	7.370757301314e+02
1.145541501045e+01	3.000000000000e+02	7.370757301314e+02
1.147594189644e+01	1.500000000000e+02	7.370757360867e+02
1.149601650238e+01	5.000000000000e+02	7.370757424234e+02
1.151600074768e+01	4.500000000000e+02	7.370757486496e+02
1.153547954559e+01	4.000000000000e+02	7.370757498669e+02
1.155597090721e+01	3.000000000000e+02	7.370757528997e+02
1.157599306107e+01	4.500000000000e+02	7.370757589270e+02
1.159590101242e+01	3.500000000000e+02	7.370757647264e+02
1.161599588394e+01	2.500000000000e+02	7.370757691686e+02
1.163592648506e+01	1.500000000000e+02	7.370757691686e+02
1.165588712692e+01	3.000000000000e+02	7.370757736586e+02
1.167591857910e+01	4.500000000000e+02	7.370757797551e+02
1.169599366188e+01	5.500000000000e+02	7.370757860130e+02
1.171597123146e+01	4.500000000000e+02	7.370757878783e+02
1.173548078537e+01	3.000000000000e+02	7.370757888962e+02
1.175560140610e+01	3.000000000000e+02	7.370757957419e+02
1.177557015419e+01	5.000000000000e+01	7.370758022375e+02
1.179551529884e+01	1.500000000000e+02	7.370758083705e+02
1.181592369080e+01	0.000000000000e+00	7.370758128715e+02
1.183518004417e+01	1.000000000000e+02	7.370758171183e+02
1.185571742058e+01	2.500000000000e+02	7.370758171183e+02
1.187600827217e+01	2.000000000000e+02	7.370758217214e+02
1.189601683617e+01	2.000000000000e+02	7.370758262604e+02
1.191541361809e+01	2.500000000000e+02	7.370758320084e+02
1.193587231636e+01	2.000000000000e+02	7.370758372754e+02
1.195596790314e+01	2.500000000000e+02	7.370758372754e+02
1.197599673271e+01	1.500000000000e+02	7.370758425623e+02
1.199600481987e+01	4.000000000000e+02	7.370758480774e+02
1.201579213142e+01	5.000000000000e+01	7.370758546512e+02
1.203614807129e+01	1.000000000000e+02	7.370758573714e+02
1.205624771118e+01	2.500000000000e+02	7.370758607843e+02
1.207574439049e+01	3.000000000000e+02	7.370758668864e+02
1.209569072723e+01	2.000000000000e+02	7.370758728001e+02
1.211563754082e+01	1.000000000000e+02	7.370758769401e+02
1.213576221466e+01	1.000000000000e+02	7.370758769401e+02
1.215600609779e+01	1.500000000000e+02	7.370758814340e+02
1.217600083351e+01	1.500000000000e+02	7.370758861059e+02
1.219598865509e+01	2.000000000000e+02	7.370758930216e+02
1.221600651741e+01	2.000000000000e+02	7.370758970454e+02
1.223597335815e+01	1.500000000000e+02	7.370758970454e+02
1.225565981865e+01	1.000000000000e+02	7.370759019325e+02
1.227600765228e+01	1.500000000000e+02	7.370759090763e+02
1.229670810699e+01	2.000000000000e+02	7.370759158805e+02
1.231565451622e+01	1.000000000000e+02	7.370759223285e+02
1.233534955978e+01	1.000000000000e+02	7.370759287906e+02
1.235600829124e+01	2.500000000000e+02	7.370759287906e+02
1.237630844116e+01	2.000000000000e+02	7.370759322735e+02
1.239607095718e+01	0.000000000000e+00	7.370759385444e+02
1.241598987579e+01	1.000000000000e+02	7.370759453845e+02
1.243571496010e+01	2.000000000000e+02	7.370759489821e+02
1.245566487312e+01	5.000000000000e+01	7.370759489821e+02
1.247558975220e+01	1.500000000000e+02	7.370759548753e+02
1.249592614174e+01	5.000000000000e+01	7.370759616229e+02
1.251586937904e+01	2.000000000000e+02	7.370759683514e+02
1.253546857834e+01	0.000000000000e+00	7.370759690245e+02
1.255600237846e+01	0.000000000000e+00	7.370759726765e+02
1.257590460777e+01	1.500000000000e+02	7.370759790524e+02
1.259658503532e+01	1.000000000000e+02	7.370759862540e+02
1.261694455147e+01	5.000000000000e+01	7.370759893898e+02
1.263589453697e+01	2.000000000000e+02	7.370759893898e+02
1.265625929832e+01	0.000000000000e+00	7.370759947522e+02
1.267592048645e+01	0.000000000000e+00	7.370760003945e+02
1.269593167305e+01	0.000000000000e+00	7.370760072947e+02
1.271631217003e+01	1.000000000000e+02	7.370760116041e+02
1.273593759537e+01	1.000000000000e+02	7.370760142481e+02
1.275612759590e+01	5.000000000000e+01	7.370760142481e+02
1.277534914017e+01	2.500000000000e+02	7.370760133553e+02
1.279597711563e+01	5.000000000000e+01	7.370760114300e+02
1.281592369080e+01	2.000000000000e+02	7.370760069089e+02
1.283589076996e+01	3.000000000000e+02	7.370760046484e+02
1.285631585121e+01	1.000000000000e+02	7.370760046484e+02
1.287593126297e+01	5.000000000000e+01	7.370759991426e+02
1.289601230621e+01	5.000000000000e+01	7.370759943163e+02
1.291592812538e+01	2.000000000000e+02	7.370759907260e+02
1.293595576286e+01	5.000000000000e+01	7.370759867472e+02
1.295600628853e+01	5.000000000000e+01	7.370759806631e+02
1.297589421272e+01	1.000000000000e+02	7.370759785408e+02
1.299586796761e+01	1.000000000000e+02	7.370759772390e+02
1.301582932472e+01	2.000000000000e+02	7.370759689229e+02
1.303535604477e+01	5.000000000000e+01	7.370759689229e+02
1.305597138405e+01	0.000000000000e+00	7.370759667605e+02
1.307596564293e+01	0.000000000000e+00	7.370759624799e+02
1.309514594078e+01	0.000000000000e+00	7.370759575624e+02
1.311597204208e+01	1.000000000000e+02	7.370759505032e+02
1.313577127457e+01	1.000000000000e+02	7.370759499891e+02
1.315600705147e+01	2.000000000000e+02	7.370759459301e+02
1.317562747002e+01	2.500000000000e+02	7.370759417901e+02
1.319573998451e+01	5.000000000000e+01	7.370759332787e+02
1.321567893028e+01	1.500000000000e+02	7.370759313857e+02
1.323632764816e+01	2.000000000000e+02	7.370759313857e+02
1.325553917885e+01	1.500000000000e+02	7.370759313857e+02
1.327601575851e+01	1.500000000000e+02	7.370759293227e+02
1.329595899582e+01	2.000000000000e+02	7.370759190752e+02
1.331600499153e+01	2.000000000000e+02	7.370759094496e+02
1.333570051193e+01	4.500000000000e+02	7.370759016578e+02
1.335597681999e+01	1.500000000000e+02	7.370759016578e+02
1.337591338158e+01	1.000000000000e+02	7.370758980153e+02
1.339582824707e+01	1.500000000000e+02	7.370758911815e+02
1.341589021683e+01	2.000000000000e+02	7.370758859771e+02
1.343583035469e+01	1.500000000000e+02	7.370758815804e+02
1.345598006248e+01	1.500000000000e+02	7.370758815804e+02
1.347601771355e+01	2.000000000000e+02	7.370758762414e+02
1.349601316452e+01	3.000000000000e+02	7.370758700063e+02
1.351596522331e+01	1.500000000000e+02	7.370758638337e+02
1.353570079803e+01	1.500000000000e+02	7.370758626720e+02
1.355565237999e+01	1.500000000000e+02	7.370758609352e+02
1.357601547241e+01	2.000000000000e+02	7.370758550521e+02
1.359592795372e+01	4.500000000000e+02	7.370758491338e+02
1.361601591110e+01	5.000000000000e+01	7.370758439954e+02
1.363569998741e+01	1.000000000000e+02	7.370758439954e+02
1.365610218048e+01	1.500000000000e+02	7.370758386640e+02
1.367599630356e+01	2.500000000000e+02	7.370758331736e+02
1.369580054283e+01	2.500000000000e+02	7.370758274984e+02
1.371556925774e+01	2.500000000000e+02	7.370758217001e+02
1.373583126068e+01	1.500000000000e+02	7.370758156303e+02
1.375601506233e+01	1.000000000000e+02	7.370758154500e+02
1.377596211433e+01	2.000000000000e+02	7.370758131107e+02
1.379597759247e+01	2.500000000000e+02	7.370758073511e+02
1.381591272354e+01	4.000000000000e+02	7.370758016011e+02
1.383587908745e+01	3.000000000000e+02	7.370757956760e+02
1.385532522202e+01	3.000000000000e+02	7.370757892969e+02
1.387564182281e+01	3.000000000000e+02	7.370757871109e+02
1.389558863640e+01	2.000000000000e+02	7.370757862622e+02
1.391555809975e+01	2.500000000000e+02	7.370757805974e+02
1.393548798561e+01	1.000000000000e+02	7.370757748131e+02
1.395597910881e+01	3.500000000000e+02	7.370757687562e+02
1.397589802742e+01	2.000000000000e+02	7.370757687562e+02
1.399618387222e+01	4.500000000000e+02	7.370757656705e+02
1.401570439339e+01	2.000000000000e+02	7.370757600613e+02
1.403591823578e+01	3.500000000000e+02	7.370757540651e+02
1.405601167679e+01	5.000000000000e+02	7.370757504872e+02
1.407562780380e+01	4.000000000000e+02	7.370757504872e+02
1.409599709511e+01	3.000000000000e+02	7.370757450306e+02
1.411600017548e+01	3.000000000000e+02	7.370757388806e+02
1.413668346405e+01	4.500000000000e+02	7.370757328678e+02
1.415593457222e+01	3.500000000000e+02	7.370757314168e+02
1.417645215988e+01	6.000000000000e+02	7.370757299483e+02
1.419596982002e+01	4.500000000000e+02	7.370757233281e+02
1.421628975868e+01	3.000000000000e+02	7.370757162966e+02
1.423627924919e+01	2.000000000000e+02	7.370757103389e+02
1.425527834892e+01	3.000000000000e+02	7.370757103389e+02
1.427522969246e+01	5.000000000000e+02	7.370757064280e+02
1.429593658447e+01	6.000000000000e+02	7.370756996815e+02
1.431601524353e+01	8.000000000000e+02	7.370756932799e+02
1.433534455299e+01	7.500000000000e+02	7.370756901422e+02
1.435540747643e+01	7.000000000000e+02	7.370756901422e+02
1.437599444389e+01	7.500000000000e+02	7.370756844307e+02
1.439595770836e+01	5.500000000000e+02	7.370756782901e+02
1.441595745087e+01	4.500000000000e+02	7.370756725741e+02
1.443631529808e+01	5.500000000000e+02	7.370756705775e+02
1.445566344261e+01	9.500000000000e+02	7.370756686654e+02
1.447601604462e+01	6.000000000000e+02	7.370756619310e+02
1.449541950226e+01	8.500000000000e+02	7.370756577498e+02
1.451613068581e+01	8.500000000000e+02	7.370756539059e+02
1.453591322899e+01	6.500000000000e+02	7.370756479310e+02
1.455587506294e+01	9.000000000000e+02	7.370756416575e+02
1.457602286339e+01	8.500000000000e+02	7.370756416575e+02
1.459597873688e+01	9.500000000000e+02	7.370756378253e+02
1.461594891548e+01	5.500000000000e+02	7.370756324123e+02
1.463568496704e+01	1.100000000000e+03	7.370756228791e+02
1.465564966202e+01	8.500000000000e+02	7.370756179619e+02
1.467595672607e+01	8.500000000000e+02	7.370756132407e+02
1.469590687752e+01	1.300000000000e+03	7.370756118587e+02
1.471601557732e+01	1.450000000000e+03	7.370756099572e+02
1.473615908623e+01	1.500000000000e+03	7.370756035962e+02
1.475577020645e+01	1.200000000000e+03	7.370755974016e+02
1.477594256401e+01	1.100000000000e+03	7.370755922975e+02
1.479598212242e+01	1.300000000000e+03	7.370755922975e+02
1.481554174423e+01	7.000000000000e+02	7.370755882866e+02
1.483690714836e+01	1.450000000000e+03	7.370755812791e+02
1.485581350327e+01	1.200000000000e+03	7.370755748577e+02
1.487591123581e+01	1.200000000000e+03	7.370755718553e+02
1.489693403244e+01	1.450000000000e+03	7.370755718553e+02
1.491601705551e+01	1.300000000000e+03	7.370755657190e+02
1.493530988693e+01	1.500000000000e+03	7.370755592909e+02
1.495585870743e+01	1.800000000000e+03	7.370755521055e+02
1.497560811043e+01	1.000000000000e+03	7.370755514865e+02
1.499552750587e+01	1.000000000000e+03	7.370755486131e+02
1.501634359360e+01	1.250000000000e+03	7.370755419495e+02
1.503584241867e+01	1.700000000000e+03	7.370755351215e+02
1.505593705177e+01	1.400000000000e+03	7.370755316030e+02
1.507581567764e+01	1.500000000000e+03	7.370755316030e+02
1.509601521492e+01	8.000000000000e+02	7.370755253807e+02
1.511529850960e+01	5.500000000000e+02	7.370755185503e+02
1.513616800308e+01	1.200000000000e+03	7.370755113520e+02
1.515608811378e+01	1.150000000000e+03	7.370755052468e+02
1.517601418495e+01	1.750000000000e+03	7.370755010461e+02
1.519587278366e+01	1.400000000000e+03	7.370755010461e+02
1.521585392952e+01	1.600000000000e+03	7.370754964966e+02
1.523523736000e+01	1.900000000000e+03	7.370754906917e+02
1.525666737556e+01	1.150000000000e+03	7.370754831824e+02
1.527617692947e+01	1.200000000000e+03	7.370754814376e+02
1.529593348503e+01	1.350000000000e+03	7.370754806289e+02
1.531587338448e+01	1.300000000000e+03	7.370754765341e+02
1.533585190773e+01	1.200000000000e+03	7.370754724314e+02
1.535579013824e+01	1.450000000000e+03	7.370754667571e+02
1.537612175941e+01	1.700000000000e+03	7.370754606569e+02
1.539580607414e+01	1.250000000000e+03	7.370754543229e+02
1.541570258141e+01	9.500000000000e+02	7.370754529221e+02
1.543568921089e+01	1.050000000000e+03	7.370754518338e+02
1.545742034912e+01	1.450000000000e+03	7.370754466008e+02
1.547748947144e+01	1.450000000000e+03	7.370754407589e+02
1.549596309662e+01	1.000000000000e+03	7.370754341940e+02
1.551601576805e+01	8.000000000000e+02	7.370754341940e+02
1.553635501862e+01	6.000000000000e+02	7.370754283805e+02
1.555790209770e+01	1.650000000000e+03	7.370754213198e+02
1.557602167130e+01	9.000000000000e+02	7.370754167744e+02
1.559601807594e+01	1.500000000000e+03	7.370754146989e+02
1.561589622498e+01	8.500000000000e+02	7.370754146989e+02
1.563686990738e+01	6.500000000000e+02	7.370754076752e+02
1.565631914139e+01	9.500000000000e+02	7.370754060052e+02
1.567613482475e+01	5.000000000000e+02	7.370754040974e+02
1.569608139992e+01	5.500000000000e+02	7.370753986447e+02
1.571605181694e+01	5.500000000000e+02	7.370753933029e+02
1.573620295525e+01	7.000000000000e+02	7.370753879918e+02
1.575598716736e+01	8.500000000000e+02	7.370753818381e+02
1.577542185783e+01	1.200000000000e+03	7.370753772623e+02
1.579602336884e+01	1.000000000000e+03	7.370753772623e+02
1.581529521942e+01	1.000000000000e+03	7.370753731260e+02
1.583590102196e+01	7.000000000000e+02	7.370753672834e+02
1.585586786270e+01	4.500000000000e+02	7.370753588551e+02
1.587598204613e+01	5.000000000000e+02	7.370753580131e+02
1.589600133896e+01	1.000000000000e+03	7.370753573444e+02
1.591600847244e+01	6.000000000000e+02	7.370753511209e+02
1.593544077873e+01	5.000000000000e+02	7.370753449078e+02
1.595579624176e+01	4.500000000000e+02	7.370753382476e+02
1.597598719597e+01	8.000000000000e+02	7.370753382476e+02
1.599601483345e+01	1.000000000000e+03	7.370753350647e+02
1.601533699036e+01	6.500000000000e+02	7.370753285567e+02
1.603589391708e+01	4.000000000000e+02	7.370753212353e+02
1.605578494072e+01	6.000000000000e+02	7.370753176914e+02
1.607591056824e+01	7.500000000000e+02	7.370753176914e+02
1.609601545334e+01	6.500000000000e+02	7.370753114124e+02
1.611618161201e+01	3.500000000000e+02	7.370753047806e+02
1.613610100746e+01	8.500000000000e+02	7.370752986753e+02
1.615602898598e+01	5.000000000000e+02	7.370752975853e+02
1.617593383789e+01	4.000000000000e+02	7.370752958448e+02
1.619602489471e+01	7.500000000000e+02	7.370752889147e+02
1.621613860130e+01	5.000000000000e+02	7.370752819501e+02
1.623600101471e+01	6.000000000000e+02	7.370752751993e+02
1.625616765022e+01	5.000000000000e+02	7.370752686925e+02
1.627609634399e+01	4.500000000000e+02	7.370752630829e+02
1.629602146149e+01	4.500000000000e+02	7.370752580183e+02
1.631601190567e+01	4.000000000000e+02	7.370752554228e+02
1.633628535271e+01	2.000000000000e+02	7.370752528239e+02
1.635623049736e+01	1.500000000000e+02	7.370752480477e+02
1.637530541420e+01	2.500000000000e+02	7.370752429665e+02
1.639595818520e+01	3.500000000000e+02	7.370752365309e+02
1.641593170166e+01	2.500000000000e+02	7.370752346647e+02
1.643587803841e+01	1.000000000000e+02	7.370752328128e+02
1.645582795143e+01	5.000000000000e+02	7.370752240193e+02
1.647557187080e+01	2.500000000000e+02	7.370752190032e+02
1.649602317810e+01	3.000000000000e+02	7.370752143525e+02
1.651602482796e+01	4.000000000000e+02	7.370752143525e+02
1.653628563881e+01	1.500000000000e+02	7.370752106688e+02
1.655523943901e+01	1.000000000000e+02	7.370752049143e+02
1.657532405853e+01	2.000000000000e+02	7.370752046109e+02
1.659601306915e+01	1.500000000000e+02	7.370752001606e+02
1.661529254913e+01	4.500000000000e+02	7.370751953083e+02
1.663598203659e+01	2.500000000000e+02	7.370751852903e+02
1.665602350235e+01	2.000000000000e+02	7.370751798492e+02
1.667588162422e+01	1.000000000000e+02	7.370751746887e+02
1.669634389877e+01	2.500000000000e+02	7.370751688643e+02
1.671607565880e+01	2.500000000000e+02	7.370751648354e+02
1.673600220680e+01	1.500000000000e+02	7.370751648354e+02
1.675524544716e+01	2.000000000000e+02	7.370751605201e+02
1.677556204796e+01	1.500000000000e+02	7.370751542261e+02
1.679616713524e+01	5.000000000000e+01	7.370751473452e+02
1.681608366966e+01	2.000000000000e+02	7.370751450242e+02
1.683592462540e+01	2.000000000000e+02	7.370751425366e+02
1.685602498055e+01	2.500000000000e+02	7.370751375686e+02
1.687533259392e+01	1.500000000000e+02	7.370751322877e+02
1.689575076103e+01	1.500000000000e+02	7.370751262078e+02
1.691526436806e+01	1.500000000000e+02	7.370751254104e+02
1.693587327003e+01	2.500000000000e+02	7.370751232268e+02
1.695602416992e+01	5.000000000000e+01	7.370751169283e+02
1.697582173347e+01	1.000000000000e+02	7.370751104996e+02
1.699593782425e+01	5.000000000000e+01	7.370751055598e+02
1.701599764824e+01	1.500000000000e+02	7.370751055598e+02
1.703634381294e+01	1.000000000000e+02	7.370751008691e+02
1.705598473549e+01	2.500000000000e+02	7.370750940901e+02
1.707534313202e+01	1.500000000000e+02	7.370750853899e+02
1.709602642059e+01	1.000000000000e+02	7.370750853899e+02
1.711530709267e+01	1.000000000000e+02	7.370750849498e+02
1.713622760773e+01	0.000000000000e+00	7.370750759247e+02
1.715520024300e+01	1.500000000000e+02	7.370750707623e+02
1.717561268806e+01	1.000000000000e+02	7.370750653887e+02
1.719589853287e+01	5.000000000000e+01	7.370750653887e+02
1.721597242355e+01	5.000000000000e+01	7.370750627671e+02
1.723603916168e+01	1.000000000000e+02	7.370750561084e+02
1.725602650642e+01	1.000000000000e+02	7.370750496394e+02
1.727584695816e+01	2.000000000000e+02	7.370750460288e+02
1.729602789879e+01	2.500000000000e+02	7.370750460288e+02
1.731527400017e+01	1.000000000000e+02	7.370750403351e+02
1.733602333069e+01	1.000000000000e+02	7.370750331688e+02
1.735601186752e+01	1.000000000000e+02	7.370750268919e+02
1.737683343887e+01	0.000000000000e+00	7.370750204653e+02
1.739531159401e+01	1.000000000000e+02	7.370750160335e+02
1.741602754593e+01	1.500000000000e+02	7.370750160335e+02
1.743524551392e+01	1.500000000000e+02	7.370750113690e+02
1.745600652695e+01	2.000000000000e+02	7.370750049336e+02
1.747776651382e+01	1.000000000000e+02	7.370749977561e+02
1.749571847916e+01	1.500000000000e+02	7.370749964402e+02
1.751532244682e+01	1.000000000000e+02	7.370749958387e+02
1.753533101082e+01	0.000000000000e+00	7.370749898045e+02
1.755600595474e+01	5.000000000000e+01	7.370749835522e+02
1.757586336136e+01	1.500000000000e+02	7.370749775330e+02
1.759600234032e+01	2.000000000000e+02	7.370749772202e+02
1.761591720581e+01	5.000000000000e+01	7.370749743217e+02
1.763555240631e+01	1.000000000000e+02	7.370749682018e+02
1.765603160858e+01	0.000000000000e+00	7.370749636201e+02
1.767596554756e+01	5.000000000000e+01	7.370749606623e+02
1.769596624374e+01	5.000000000000e+01	7.370749606623e+02
1.771585774422e+01	5.000000000000e+01	7.370749595542e+02
1.773595237732e+01	1.000000000000e+02	7.370749578457e+02
1.775603008270e+01	0.000000000000e+00	7.370749567896e+02
1.777620410919e+01	5.000000000000e+01	7.370749564759e+02
1.779596161842e+01	2.000000000000e+02	7.370749564581e+02
1.781597471237e+01	3.500000000000e+02	7.370749560290e+02
1.783533763885e+01	1.000000000000e+02	7.370749557093e+02
1.785528516769e+01	1.000000000000e+02	7.370749555548e+02
1.787528896332e+01	1.500000000000e+02	7.370749555499e+02
1.789520668983e+01	5.000000000000e+01	7.370749555569e+02
1.791603851318e+01	1.500000000000e+02	7.370749555569e+02
1.793591046333e+01	2.000000000000e+02	7.370749552890e+02
1.795599079132e+01	1.000000000000e+02	7.370749549011e+02
1.797605037689e+01	1.000000000000e+02	7.370749543161e+02
1.799547934532e+01	5.000000000000e+01	7.370749541706e+02
1.801590061188e+01	0.000000000000e+00	7.370749541917e+02
1.803522777557e+01	1.500000000000e+02	7.370749542999e+02
1.805616426468e+01	1.500000000000e+02	7.370749541751e+02
1.807602858543e+01	5.000000000000e+01	7.370749539213e+02
1.809603977203e+01	1.500000000000e+02	7.370749536231e+02
1.811531519890e+01	1.000000000000e+02	7.370749533317e+02
1.813691139221e+01	1.000000000000e+02	7.370749532964e+02
1.815602922440e+01	1.500000000000e+02	7.370749531657e+02
1.817603373528e+01	2.000000000000e+02	7.370749529963e+02
1.819530582428e+01	0.000000000000e+00	7.370749529963e+02
1.821525359154e+01	0.000000000000e+00	7.370749529650e+02
1.823560714722e+01	5.000000000000e+01	7.370749529250e+02
1.825592756271e+01	1.000000000000e+02	7.370749528296e+02
1.827682638168e+01	1.000000000000e+02	7.370749526981e+02
1.829612708092e+01	5.000000000000e+01	7.370749525255e+02
1.831599211693e+01	1.500000000000e+02	7.370749525165e+02
1.833602786064e+01	5.000000000000e+01	7.370749525792e+02
1.835497975349e+01	1.000000000000e+02	7.370749526993e+02
