#Saved Data from the class wavemeter_logger_logic on 22.11.2022 at 14h12m24s.
#
#Parameters:
#===========
#
#Start Time (s): 22.11.2022 14h:11min:59s
#Stop Time (s): 22.11.2022 14h:12min:25s
#
#Data:
#=====
#Measurement Time (s)	Signal (counts/s)	Interpolated Wavelength (nm)
6.431341171265e-03	1.600000000000e+03	7.370753791151e+02
2.695608139038e-02	1.500000000000e+03	7.370753791151e+02
4.632234573364e-02	1.700000000000e+03	7.370753791151e+02
6.624674797058e-02	1.300000000000e+03	7.370753791151e+02
8.719444274902e-02	1.100000000000e+03	7.370753784454e+02
1.129252910614e-01	1.050000000000e+03	7.370753698257e+02
1.308774948120e-01	1.000000000000e+03	7.370753638118e+02
1.488296985626e-01	1.200000000000e+03	7.370753577980e+02
1.727652549744e-01	1.150000000000e+03	7.370753497797e+02
1.980588436127e-01	1.150000000000e+03	7.370753455572e+02
2.276799678802e-01	9.500000000000e+02	7.370753406121e+02
2.570497989655e-01	1.200000000000e+03	7.370753357091e+02
2.914886474609e-01	1.150000000000e+03	7.370753299598e+02
3.481671810150e-01	1.150000000000e+03	7.370753204977e+02
3.491551876068e-01	8.000000000000e+02	7.370753199346e+02
3.810687065125e-01	8.000000000000e+02	7.370753017442e+02
3.820662498474e-01	1.150000000000e+03	7.370753011756e+02
3.820662498474e-01	7.500000000000e+02	7.370753011756e+02
3.840606212616e-01	6.500000000000e+02	7.370752997596e+02
3.890471458435e-01	1.000000000000e+03	7.370752962192e+02
4.070105552673e-01	9.500000000000e+02	7.370752912533e+02
4.269459247589e-01	8.500000000000e+02	7.370752912533e+02
4.469158649445e-01	1.050000000000e+03	7.370752848184e+02
4.668927192688e-01	1.050000000000e+03	7.370752781656e+02
4.866204261780e-01	6.500000000000e+02	7.370752717443e+02
5.065670013428e-01	6.500000000000e+02	7.370752711027e+02
5.264246463776e-01	8.500000000000e+02	7.370752694073e+02
5.485045909882e-01	5.500000000000e+02	7.370752632024e+02
5.664288997650e-01	5.500000000000e+02	7.370752574320e+02
5.871639251709e-01	8.000000000000e+02	7.370752516043e+02
6.073629856110e-01	6.500000000000e+02	7.370752516043e+02
6.268591880798e-01	9.500000000000e+02	7.370752474605e+02
6.473102569580e-01	1.150000000000e+03	7.370752411463e+02
6.675293445587e-01	4.000000000000e+02	7.370752346349e+02
6.870181560516e-01	6.500000000000e+02	7.370752317377e+02
7.069373130798e-01	9.500000000000e+02	7.370752317377e+02
7.279114723206e-01	8.000000000000e+02	7.370752254171e+02
7.469427585602e-01	8.500000000000e+02	7.370752196107e+02
7.666416168213e-01	9.500000000000e+02	7.370752134756e+02
7.866160869598e-01	6.000000000000e+02	7.370752078218e+02
8.069806098938e-01	5.500000000000e+02	7.370752022011e+02
8.269469738007e-01	5.500000000000e+02	7.370752016427e+02
8.470840454102e-01	5.500000000000e+02	7.370751961715e+02
8.673942089081e-01	1.000000000000e+03	7.370751895294e+02
8.869383335114e-01	9.500000000000e+02	7.370751850986e+02
9.070222377777e-01	6.500000000000e+02	7.370751805455e+02
9.270257949829e-01	6.000000000000e+02	7.370751737608e+02
9.479269981384e-01	4.000000000000e+02	7.370751694173e+02
9.669477939606e-01	9.000000000000e+02	7.370751694173e+02
9.869732856750e-01	7.500000000000e+02	7.370751597843e+02
1.007128953934e+00	3.500000000000e+02	7.370751543895e+02
1.026471376419e+00	5.000000000000e+02	7.370751497734e+02
1.046953678131e+00	8.500000000000e+02	7.370751485366e+02
1.067095518112e+00	6.500000000000e+02	7.370751457047e+02
1.087840795517e+00	6.500000000000e+02	7.370751383646e+02
1.106958150864e+00	4.500000000000e+02	7.370751313866e+02
1.126822471619e+00	4.500000000000e+02	7.370751270130e+02
1.146769523621e+00	4.500000000000e+02	7.370751270130e+02
1.166743516922e+00	6.000000000000e+02	7.370751207468e+02
1.187036514282e+00	6.000000000000e+02	7.370751130934e+02
1.206906318665e+00	4.500000000000e+02	7.370751059428e+02
1.226530790329e+00	6.000000000000e+02	7.370751055740e+02
1.246805667877e+00	8.000000000000e+02	7.370751035470e+02
1.266565084457e+00	6.000000000000e+02	7.370750986143e+02
1.286373376846e+00	7.000000000000e+02	7.370750930173e+02
1.306725502014e+00	7.000000000000e+02	7.370750860352e+02
1.326508998871e+00	3.500000000000e+02	7.370750848486e+02
1.347103834152e+00	4.500000000000e+02	7.370750815440e+02
1.366788148880e+00	4.500000000000e+02	7.370750755860e+02
1.386913537979e+00	4.500000000000e+02	7.370750689168e+02
1.407108068466e+00	8.000000000000e+02	7.370750649128e+02
1.427153587341e+00	6.500000000000e+02	7.370750649128e+02
1.447058916092e+00	3.000000000000e+02	7.370750591265e+02
1.466828584671e+00	5.500000000000e+02	7.370750530105e+02
1.486823558807e+00	7.500000000000e+02	7.370750466161e+02
1.506732940674e+00	6.000000000000e+02	7.370750403158e+02
1.527042865753e+00	3.000000000000e+02	7.370750346580e+02
1.546950101852e+00	7.500000000000e+02	7.370750346580e+02
1.567117929459e+00	5.000000000000e+02	7.370750316194e+02
1.587943315506e+00	4.500000000000e+02	7.370750253864e+02
1.606823682785e+00	4.000000000000e+02	7.370750183900e+02
1.626595973969e+00	5.500000000000e+02	7.370750152850e+02
1.647996187210e+00	3.500000000000e+02	7.370750152850e+02
1.667034387589e+00	2.000000000000e+02	7.370750090020e+02
1.686780452728e+00	5.000000000000e+02	7.370750050707e+02
1.706895828247e+00	5.000000000000e+02	7.370750050707e+02
1.726638078690e+00	6.000000000000e+02	7.370750050707e+02
1.746933937073e+00	4.500000000000e+02	7.370749996568e+02
1.766748905182e+00	5.000000000000e+02	7.370749864586e+02
1.786977291107e+00	5.500000000000e+02	7.370749788967e+02
1.806677341461e+00	3.500000000000e+02	7.370749744944e+02
1.826535701752e+00	1.000000000000e+02	7.370749744944e+02
1.846712827682e+00	1.000000000000e+02	7.370749703433e+02
1.866690874100e+00	2.500000000000e+02	7.370749643976e+02
1.886560201645e+00	1.000000000000e+02	7.370749573775e+02
1.906947135925e+00	4.500000000000e+02	7.370749542295e+02
1.926790714264e+00	5.000000000000e+02	7.370749542295e+02
1.946959733963e+00	4.000000000000e+02	7.370749482087e+02
1.966408252716e+00	4.500000000000e+02	7.370749417515e+02
1.987621784210e+00	4.000000000000e+02	7.370749346830e+02
2.006657361984e+00	4.500000000000e+02	7.370749299885e+02
2.027174949646e+00	1.500000000000e+02	7.370749250263e+02
2.047008514404e+00	1.000000000000e+02	7.370749243979e+02
2.066623449326e+00	2.500000000000e+02	7.370749211354e+02
2.087077856064e+00	5.000000000000e+02	7.370749151169e+02
2.106858015060e+00	3.500000000000e+02	7.370749083013e+02
2.126692771912e+00	3.500000000000e+02	7.370749013909e+02
2.146326541901e+00	2.500000000000e+02	7.370748948658e+02
2.166272878647e+00	1.500000000000e+02	7.370748935348e+02
2.186707973480e+00	3.500000000000e+02	7.370748922886e+02
2.206470012665e+00	2.500000000000e+02	7.370748854298e+02
2.226413011551e+00	5.000000000000e+02	7.370748787650e+02
2.246341228485e+00	2.500000000000e+02	7.370748731981e+02
2.266667127609e+00	3.000000000000e+02	7.370748731981e+02
2.286862373352e+00	2.500000000000e+02	7.370748691552e+02
2.306744098663e+00	2.500000000000e+02	7.370748626159e+02
2.327224493027e+00	1.500000000000e+02	7.370748556422e+02
2.347472429276e+00	4.500000000000e+02	7.370748527644e+02
2.367404222488e+00	3.500000000000e+02	7.370748527644e+02
2.387197017670e+00	2.500000000000e+02	7.370748470985e+02
2.407316684723e+00	3.000000000000e+02	7.370748409853e+02
2.428309679031e+00	1.500000000000e+02	7.370748337358e+02
2.447546720505e+00	1.500000000000e+02	7.370748327031e+02
2.466995239258e+00	2.000000000000e+02	7.370748299804e+02
2.486963987350e+00	2.000000000000e+02	7.370748238753e+02
2.506892204285e+00	3.500000000000e+02	7.370748176074e+02
2.526329755783e+00	3.000000000000e+02	7.370748127055e+02
2.547092914581e+00	1.000000000000e+02	7.370748127055e+02
2.566323041916e+00	4.000000000000e+02	7.370748089729e+02
2.587244510651e+00	2.500000000000e+02	7.370748024603e+02
2.606730699539e+00	2.000000000000e+02	7.370747952348e+02
2.626627445221e+00	3.000000000000e+02	7.370747918212e+02
2.646993160248e+00	4.000000000000e+02	7.370747913905e+02
2.666470766068e+00	2.000000000000e+02	7.370747851051e+02
2.686791896820e+00	4.000000000000e+02	7.370747782971e+02
2.706538438797e+00	1.000000000000e+02	7.370747714472e+02
2.727610826492e+00	2.500000000000e+02	7.370747711025e+02
2.746726989746e+00	5.000000000000e+02	7.370747686928e+02
2.766951084137e+00	1.500000000000e+02	7.370747616751e+02
2.787078619003e+00	2.000000000000e+02	7.370747549222e+02
2.806324481964e+00	4.500000000000e+02	7.370747484025e+02
2.827249526978e+00	3.000000000000e+02	7.370747410866e+02
2.846449613571e+00	3.500000000000e+02	7.370747396916e+02
2.867023229599e+00	1.000000000000e+02	7.370747385788e+02
2.887123346329e+00	1.500000000000e+02	7.370747322661e+02
2.906349897385e+00	3.000000000000e+02	7.370747262180e+02
2.927294731140e+00	2.000000000000e+02	7.370747196225e+02
2.947241306305e+00	1.000000000000e+02	7.370747189947e+02
2.966993808746e+00	0.000000000000e+00	7.370747166106e+02
2.986385822296e+00	2.000000000000e+02	7.370747113461e+02
3.006445407867e+00	4.000000000000e+02	7.370747055956e+02
3.027477502823e+00	1.500000000000e+02	7.370746990248e+02
3.046603918076e+00	2.000000000000e+02	7.370746977770e+02
3.067011117935e+00	2.000000000000e+02	7.370746951313e+02
3.087241411209e+00	1.500000000000e+02	7.370746886873e+02
3.106523990631e+00	1.500000000000e+02	7.370746825383e+02
3.126839876175e+00	1.000000000000e+02	7.370746759938e+02
3.147046089172e+00	2.500000000000e+02	7.370746689101e+02
3.166859388351e+00	5.000000000000e+01	7.370746658051e+02
3.186806678772e+00	1.500000000000e+02	7.370746654815e+02
3.206632375717e+00	1.500000000000e+02	7.370746589178e+02
3.226528406143e+00	4.000000000000e+02	7.370746524581e+02
3.246872425079e+00	2.000000000000e+02	7.370746459877e+02
3.266986370087e+00	1.000000000000e+02	7.370746452266e+02
3.287103414536e+00	4.000000000000e+02	7.370746424672e+02
3.307075500488e+00	3.000000000000e+02	7.370746355362e+02
3.326995849609e+00	1.000000000000e+02	7.370746289607e+02
3.347023248672e+00	2.000000000000e+02	7.370746243845e+02
3.366940021515e+00	1.000000000000e+02	7.370746243845e+02
3.386777639389e+00	3.500000000000e+02	7.370746189459e+02
3.406553983688e+00	2.500000000000e+02	7.370746125726e+02
3.427026033401e+00	3.000000000000e+02	7.370746060202e+02
3.446682691574e+00	1.500000000000e+02	7.370746040228e+02
3.467081069946e+00	1.500000000000e+02	7.370746023102e+02
3.487830638885e+00	1.000000000000e+02	7.370745976189e+02
3.506745100021e+00	1.500000000000e+02	7.370745923580e+02
3.526978969574e+00	1.500000000000e+02	7.370745830353e+02
3.547228574753e+00	0.000000000000e+00	7.370745760433e+02
3.566975593567e+00	0.000000000000e+00	7.370745735196e+02
3.586412906647e+00	4.000000000000e+02	7.370745732111e+02
3.606962442398e+00	1.500000000000e+02	7.370745667600e+02
3.626462459564e+00	5.000000000000e+01	7.370745606101e+02
3.646762609482e+00	2.000000000000e+02	7.370745541769e+02
3.666733503342e+00	1.500000000000e+02	7.370745535447e+02
3.686655282974e+00	1.000000000000e+02	7.370745511068e+02
3.707514286041e+00	3.000000000000e+02	7.370745447333e+02
3.726620197296e+00	2.000000000000e+02	7.370745380446e+02
3.747150659561e+00	1.500000000000e+02	7.370745327415e+02
3.766992807388e+00	1.500000000000e+02	7.370745327415e+02
3.787311792374e+00	1.500000000000e+02	7.370745279929e+02
3.807288646698e+00	1.000000000000e+02	7.370745217493e+02
3.827100515366e+00	2.000000000000e+02	7.370745145002e+02
3.847540616989e+00	2.000000000000e+02	7.370745121766e+02
3.867474079132e+00	1.000000000000e+02	7.370745115341e+02
3.887867689133e+00	1.000000000000e+02	7.370745050385e+02
3.907365322113e+00	2.500000000000e+02	7.370744981051e+02
3.926622390747e+00	4.500000000000e+02	7.370744908214e+02
3.947096586227e+00	5.000000000000e+01	7.370744908214e+02
3.967014551163e+00	0.000000000000e+00	7.370744888857e+02
3.986827611923e+00	2.000000000000e+02	7.370744840686e+02
4.006874799728e+00	1.000000000000e+02	7.370744785107e+02
4.026823282242e+00	1.000000000000e+02	7.370744709370e+02
4.046763658524e+00	5.000000000000e+01	7.370744701894e+02
4.067013978958e+00	1.000000000000e+02	7.370744661825e+02
4.086821794510e+00	1.500000000000e+02	7.370744615889e+02
4.106589555740e+00	1.500000000000e+02	7.370744559023e+02
4.127023696899e+00	5.000000000000e+01	7.370744489424e+02
4.146887779236e+00	2.500000000000e+02	7.370744420860e+02
4.166872024536e+00	1.000000000000e+02	7.370744386286e+02
4.186818361282e+00	3.000000000000e+02	7.370744365827e+02
4.207087278366e+00	5.000000000000e+01	7.370744316487e+02
4.226611614227e+00	5.000000000000e+01	7.370744264119e+02
4.246325254440e+00	0.000000000000e+00	7.370744202500e+02
4.267269134521e+00	2.000000000000e+02	7.370744177560e+02
4.287216186523e+00	1.000000000000e+02	7.370744150845e+02
4.307162761688e+00	2.000000000000e+02	7.370744091475e+02
4.327108621597e+00	1.000000000000e+02	7.370744025351e+02
4.347055435181e+00	2.500000000000e+02	7.370743978227e+02
4.367002248764e+00	1.500000000000e+02	7.370743978227e+02
4.386949062347e+00	5.000000000000e+01	7.370743923047e+02
4.406895160675e+00	1.000000000000e+02	7.370743862620e+02
4.426842212677e+00	5.000000000000e+01	7.370743792811e+02
4.446788787842e+00	0.000000000000e+00	7.370743771868e+02
4.466735839844e+00	3.500000000000e+02	7.370743753830e+02
4.486682415009e+00	2.000000000000e+02	7.370743693697e+02
4.506628513336e+00	1.000000000000e+02	7.370743630021e+02
4.526575326920e+00	5.000000000000e+01	7.370743564566e+02
4.546521902084e+00	1.500000000000e+02	7.370743500318e+02
4.566468715668e+00	3.000000000000e+02	7.370743464981e+02
4.586415529251e+00	1.500000000000e+02	7.370743464981e+02
4.606361627579e+00	2.000000000000e+02	7.370743401704e+02
4.626331806183e+00	5.000000000000e+01	7.370743340133e+02
4.647275924683e+00	2.000000000000e+02	7.370743283589e+02
4.667199373245e+00	1.500000000000e+02	7.370743212282e+02
4.687146902084e+00	0.000000000000e+00	7.370743151971e+02
4.707115650177e+00	5.000000000000e+01	7.370743151971e+02
4.727059364319e+00	2.000000000000e+02	7.370743105812e+02
4.747005701065e+00	1.000000000000e+02	7.370743043752e+02
4.766932964325e+00	0.000000000000e+00	7.370742970633e+02
4.786879539490e+00	1.000000000000e+02	7.370742937697e+02
4.806826591492e+00	2.000000000000e+02	7.370742934446e+02
4.826772928238e+00	2.500000000000e+02	7.370742869411e+02
4.846719503403e+00	0.000000000000e+00	7.370742802250e+02
4.866680622101e+00	0.000000000000e+00	7.370742731852e+02
4.886629343033e+00	5.000000000000e+01	7.370742724868e+02
4.906588315964e+00	2.000000000000e+02	7.370742701492e+02
4.926538705826e+00	1.000000000000e+02	7.370742634872e+02
4.946485280991e+00	0.000000000000e+00	7.370742553292e+02
4.966408729553e+00	1.000000000000e+02	7.370742502214e+02
4.986680984497e+00	2.000000000000e+02	7.370742502214e+02
5.006603479385e+00	2.000000000000e+02	7.370742460451e+02
5.026550054550e+00	1.000000000000e+02	7.370742380962e+02
5.046501398087e+00	5.000000000000e+01	7.370742313576e+02
5.066471099854e+00	2.000000000000e+02	7.370742293360e+02
5.086395978928e+00	0.000000000000e+00	7.370742276044e+02
5.107339859009e+00	1.500000000000e+02	7.370742203328e+02
5.127285718918e+00	5.000000000000e+01	7.370742155126e+02
5.147232770920e+00	5.000000000000e+01	7.370742115943e+02
5.167179107666e+00	5.000000000000e+01	7.370742113978e+02
5.187129259109e+00	5.000000000000e+01	7.370742117698e+02
5.207095861435e+00	5.000000000000e+01	7.370742130102e+02
5.227019309998e+00	1.000000000000e+02	7.370742154542e+02
5.246944189072e+00	5.000000000000e+01	7.370742179604e+02
5.267888069153e+00	5.000000000000e+01	7.370742219124e+02
5.286837816238e+00	5.000000000000e+01	7.370742260842e+02
5.306783676147e+00	1.000000000000e+02	7.370742303370e+02
5.326729774475e+00	1.500000000000e+02	7.370742345744e+02
5.346676588058e+00	2.000000000000e+02	7.370742349983e+02
5.367620706558e+00	1.000000000000e+02	7.370742376230e+02
5.386569738388e+00	5.000000000000e+01	7.370742431641e+02
5.406517028809e+00	5.000000000000e+01	7.370742489578e+02
5.426463127136e+00	1.500000000000e+02	7.370742535847e+02
5.447408199310e+00	5.000000000000e+01	7.370742535847e+02
5.467355251312e+00	1.000000000000e+02	7.370742585875e+02
5.487301588058e+00	1.500000000000e+02	7.370742639781e+02
5.507248401642e+00	1.500000000000e+02	7.370742704936e+02
5.527194023132e+00	1.000000000000e+02	7.370742730997e+02
5.547141551971e+00	0.000000000000e+00	7.370742753524e+02
5.567110776901e+00	0.000000000000e+00	7.370742803640e+02
5.586663484573e+00	2.000000000000e+02	7.370742860863e+02
5.606586217880e+00	5.000000000000e+01	7.370742926743e+02
5.626516103745e+00	5.000000000000e+01	7.370742985718e+02
5.646865606308e+00	1.000000000000e+02	7.370743021278e+02
5.666818380356e+00	2.000000000000e+02	7.370743024023e+02
5.687538862228e+00	1.000000000000e+02	7.370743081060e+02
5.707482814789e+00	1.500000000000e+02	7.370743137574e+02
5.727496862411e+00	0.000000000000e+00	7.370743196727e+02
5.747949123383e+00	5.000000000000e+01	7.370743211548e+02
5.766886472702e+00	0.000000000000e+00	7.370743224134e+02
5.786862611771e+00	1.000000000000e+02	7.370743286774e+02
5.806804180145e+00	2.000000000000e+02	7.370743344195e+02
5.826756477356e+00	5.000000000000e+01	7.370743394290e+02
5.846965789795e+00	5.000000000000e+01	7.370743394290e+02
5.867921590805e+00	2.000000000000e+02	7.370743441217e+02
5.886779308319e+00	1.000000000000e+02	7.370743483445e+02
5.906538009644e+00	2.000000000000e+02	7.370743542257e+02
5.926581382751e+00	2.000000000000e+02	7.370743578868e+02
5.946920156479e+00	1.000000000000e+02	7.370743578868e+02
5.966939926147e+00	2.000000000000e+02	7.370743634432e+02
5.986827850342e+00	1.000000000000e+02	7.370743693393e+02
6.007050514221e+00	1.500000000000e+02	7.370743754838e+02
6.027026891708e+00	1.500000000000e+02	7.370743769109e+02
6.047065973282e+00	2.500000000000e+02	7.370743794118e+02
6.066784381866e+00	2.000000000000e+02	7.370743853798e+02
6.086478233337e+00	1.000000000000e+02	7.370743911038e+02
6.107139587402e+00	1.000000000000e+02	7.370743971687e+02
6.127034425735e+00	1.500000000000e+02	7.370744033238e+02
6.147218942642e+00	1.500000000000e+02	7.370744051682e+02
6.167167186737e+00	2.000000000000e+02	7.370744060912e+02
6.187088966370e+00	1.000000000000e+02	7.370744121877e+02
6.207035541534e+00	5.000000000000e+01	7.370744182007e+02
6.226607322693e+00	2.000000000000e+02	7.370744237436e+02
6.247013330460e+00	1.000000000000e+02	7.370744237436e+02
6.267021894455e+00	1.500000000000e+02	7.370744266597e+02
6.286840915680e+00	2.000000000000e+02	7.370744323083e+02
6.306600093842e+00	5.000000000000e+01	7.370744386939e+02
6.327246189117e+00	2.500000000000e+02	7.370744423393e+02
6.346612453461e+00	1.000000000000e+02	7.370744423393e+02
6.367033958435e+00	5.000000000000e+01	7.370744486702e+02
6.387981414795e+00	5.000000000000e+01	7.370744544515e+02
6.406962394714e+00	5.000000000000e+01	7.370744583159e+02
6.427073240280e+00	1.500000000000e+02	7.370744619770e+02
6.446906805038e+00	1.000000000000e+02	7.370744619770e+02
6.467002153397e+00	2.500000000000e+02	7.370744661881e+02
6.487012147903e+00	1.000000000000e+02	7.370744708440e+02
6.507072925568e+00	1.000000000000e+02	7.370744773797e+02
6.527107238770e+00	5.000000000000e+01	7.370744806483e+02
6.547048807144e+00	2.000000000000e+02	7.370744829445e+02
6.567252159119e+00	2.000000000000e+02	7.370744881150e+02
6.586444139481e+00	2.500000000000e+02	7.370744934142e+02
6.606390237808e+00	2.000000000000e+02	7.370744995057e+02
6.627238750458e+00	0.000000000000e+00	7.370745063588e+02
6.647185802460e+00	1.000000000000e+02	7.370745103462e+02
6.667132377625e+00	2.000000000000e+02	7.370745103462e+02
6.687078952789e+00	0.000000000000e+00	7.370745161670e+02
6.707025527954e+00	3.000000000000e+02	7.370745224654e+02
6.726972341537e+00	2.500000000000e+02	7.370745290208e+02
6.746918678284e+00	1.500000000000e+02	7.370745350852e+02
6.766907453537e+00	1.500000000000e+02	7.370745392821e+02
6.787851572037e+00	5.000000000000e+01	7.370745392821e+02
6.806824445724e+00	1.500000000000e+02	7.370745448410e+02
6.826747417450e+00	2.500000000000e+02	7.370745491571e+02
6.846694231033e+00	5.000000000000e+01	7.370745491571e+02
6.866670131683e+00	2.000000000000e+02	7.370745546082e+02
6.887585401535e+00	3.500000000000e+02	7.370745606326e+02
6.906556606293e+00	1.000000000000e+02	7.370745661345e+02
6.926504611969e+00	1.500000000000e+02	7.370745725333e+02
6.946427583694e+00	3.000000000000e+02	7.370745779068e+02
6.966403007507e+00	2.500000000000e+02	7.370745779068e+02
6.986321449280e+00	1.500000000000e+02	7.370745817981e+02
7.007292985916e+00	3.000000000000e+02	7.370745886309e+02
7.027235507965e+00	5.000000000000e+01	7.370745952092e+02
7.047158241272e+00	2.000000000000e+02	7.370745975042e+02
7.067104578018e+00	3.000000000000e+02	7.370745976981e+02
7.087051153183e+00	1.000000000000e+02	7.370746015772e+02
7.107027292252e+00	1.000000000000e+02	7.370746054620e+02
7.126967191696e+00	2.500000000000e+02	7.370746155257e+02
7.146891117096e+00	3.000000000000e+02	7.370746205418e+02
7.166861772537e+00	0.000000000000e+00	7.370746247894e+02
7.186808586121e+00	2.500000000000e+02	7.370746264815e+02
7.206732511520e+00	1.500000000000e+02	7.370746268037e+02
7.226705312729e+00	3.500000000000e+02	7.370746332565e+02
7.246625185013e+00	2.500000000000e+02	7.370746398252e+02
7.266571521759e+00	1.000000000000e+02	7.370746461771e+02
7.286538124084e+00	5.000000000000e+02	7.370746461771e+02
7.306515216827e+00	1.500000000000e+02	7.370746509701e+02
7.326433897018e+00	2.000000000000e+02	7.370746565845e+02
7.347868442535e+00	3.000000000000e+02	7.370746626049e+02
7.366799831390e+00	2.500000000000e+02	7.370746662359e+02
7.386724233627e+00	1.500000000000e+02	7.370746662359e+02
7.406669855118e+00	0.000000000000e+00	7.370746662359e+02
7.426637887955e+00	1.500000000000e+02	7.370746715391e+02
7.447619199753e+00	2.500000000000e+02	7.370746839066e+02
7.466592073441e+00	2.000000000000e+02	7.370746868489e+02
7.486514806747e+00	1.500000000000e+02	7.370746891478e+02
7.506461143494e+00	1.500000000000e+02	7.370746942439e+02
7.526407480240e+00	0.000000000000e+00	7.370746992706e+02
7.546354532242e+00	3.000000000000e+02	7.370747042514e+02
7.567275524139e+00	2.000000000000e+02	7.370747072401e+02
7.587223768234e+00	4.000000000000e+02	7.370747135702e+02
7.607189178467e+00	1.500000000000e+02	7.370747203211e+02
7.627138376236e+00	2.000000000000e+02	7.370747267146e+02
7.647085666656e+00	2.000000000000e+02	7.370747316990e+02
7.667356967926e+00	1.500000000000e+02	7.370747366072e+02
7.687022447586e+00	4.000000000000e+02	7.370747375729e+02
7.706594944000e+00	2.000000000000e+02	7.370747402262e+02
7.727261304855e+00	1.500000000000e+02	7.370747466004e+02
7.746726274490e+00	1.500000000000e+02	7.370747472949e+02
7.767240047455e+00	2.500000000000e+02	7.370747497711e+02
7.787186861038e+00	1.000000000000e+02	7.370747549462e+02
7.807133913040e+00	4.000000000000e+02	7.370747614062e+02
7.826358079910e+00	3.000000000000e+02	7.370747682603e+02
7.847203254700e+00	2.000000000000e+02	7.370747750781e+02
7.866831541061e+00	2.500000000000e+02	7.370747767099e+02
7.886778116226e+00	0.000000000000e+00	7.370747788502e+02
7.906501293182e+00	2.500000000000e+02	7.370747835534e+02
7.927449941635e+00	1.500000000000e+02	7.370747893821e+02
7.947373151779e+00	2.500000000000e+02	7.370747959784e+02
7.966321468353e+00	2.500000000000e+02	7.370747963085e+02
7.987277984619e+00	1.000000000000e+02	7.370747993454e+02
8.007212877274e+00	2.500000000000e+02	7.370748054084e+02
8.027542829514e+00	1.000000000000e+02	7.370748114158e+02
8.047019004822e+00	3.000000000000e+02	7.370748172703e+02
8.067542076111e+00	4.000000000000e+02	7.370748237048e+02
8.086647987366e+00	3.000000000000e+02	7.370748255773e+02
8.107024908066e+00	2.500000000000e+02	7.370748275066e+02
8.126634597778e+00	2.000000000000e+02	7.370748334227e+02
8.147265195847e+00	3.500000000000e+02	7.370748403199e+02
8.166292190552e+00	4.000000000000e+02	7.370748455166e+02
8.186830043793e+00	3.500000000000e+02	7.370748455166e+02
8.207245111465e+00	3.500000000000e+02	7.370748494977e+02
8.226588249207e+00	1.500000000000e+02	7.370748549118e+02
8.246558666229e+00	2.000000000000e+02	7.370748609135e+02
8.267023801804e+00	3.500000000000e+02	7.370748635106e+02
8.286972999573e+00	5.000000000000e+01	7.370748635106e+02
8.307044744492e+00	2.000000000000e+02	7.370748695925e+02
8.326990604401e+00	4.000000000000e+02	7.370748756292e+02
8.346969127655e+00	2.500000000000e+02	7.370748816673e+02
8.366964817047e+00	1.500000000000e+02	7.370748822715e+02
8.386913537979e+00	1.000000000000e+02	7.370748842085e+02
8.408417224884e+00	1.500000000000e+02	7.370748901745e+02
8.427364349365e+00	1.500000000000e+02	7.370748963465e+02
8.446944475174e+00	2.500000000000e+02	7.370749014359e+02
8.467054367065e+00	2.500000000000e+02	7.370749014359e+02
8.487833738327e+00	2.500000000000e+02	7.370749064419e+02
8.506803274155e+00	1.500000000000e+02	7.370749133641e+02
8.526983499527e+00	5.500000000000e+02	7.370749187544e+02
8.546972990036e+00	4.000000000000e+02	7.370749240013e+02
8.566548824310e+00	3.000000000000e+02	7.370749290064e+02
8.586795091629e+00	3.500000000000e+02	7.370749321632e+02
8.606372117996e+00	3.000000000000e+02	7.370749321632e+02
8.627024173737e+00	4.500000000000e+02	7.370749375053e+02
8.647073507309e+00	4.000000000000e+02	7.370749422599e+02
8.666402101517e+00	3.000000000000e+02	7.370749441570e+02
8.687359571457e+00	4.000000000000e+02	7.370749498315e+02
8.707267761230e+00	3.500000000000e+02	7.370749550013e+02
8.727047681808e+00	3.000000000000e+02	7.370749599590e+02
8.747020006180e+00	2.000000000000e+02	7.370749671517e+02
8.767070293427e+00	3.000000000000e+02	7.370749724416e+02
8.786856889725e+00	3.000000000000e+02	7.370749724416e+02
8.807861566544e+00	5.000000000000e+02	7.370749769593e+02
8.826789140701e+00	5.000000000000e+02	7.370749817065e+02
8.847024679184e+00	4.000000000000e+02	7.370749883713e+02
8.867044448853e+00	4.000000000000e+02	7.370749944735e+02
8.887836217880e+00	2.500000000000e+02	7.370749999086e+02
8.906806707382e+00	1.000000000000e+02	7.370750022637e+02
8.927048206329e+00	5.000000000000e+02	7.370750039740e+02
8.947042942047e+00	4.000000000000e+02	7.370750102973e+02
8.967574834824e+00	5.000000000000e+02	7.370750121901e+02
8.986820697784e+00	4.000000000000e+02	7.370750152730e+02
9.007512092590e+00	3.000000000000e+02	7.370750204565e+02
9.026730060577e+00	3.500000000000e+02	7.370750273698e+02
9.046563625336e+00	3.000000000000e+02	7.370750322207e+02
9.066541433334e+00	6.000000000000e+02	7.370750322207e+02
9.086877346039e+00	3.000000000000e+02	7.370750372881e+02
9.107099533081e+00	3.500000000000e+02	7.370750426955e+02
9.127014398575e+00	4.500000000000e+02	7.370750490478e+02
9.147079706192e+00	3.500000000000e+02	7.370750554293e+02
9.167541027069e+00	4.000000000000e+02	7.370750619193e+02
9.187247514725e+00	6.000000000000e+02	7.370750619193e+02
9.207191944122e+00	3.500000000000e+02	7.370750653041e+02
9.226584911346e+00	3.500000000000e+02	7.370750726182e+02
9.246753692627e+00	4.000000000000e+02	7.370750792610e+02
9.266700506210e+00	3.500000000000e+02	7.370750828746e+02
9.286646604538e+00	6.000000000000e+02	7.370750828746e+02
9.306798696518e+00	7.000000000000e+02	7.370750885278e+02
9.326719522476e+00	6.500000000000e+02	7.370750949296e+02
9.346694946289e+00	4.000000000000e+02	7.370751017102e+02
9.366612672806e+00	6.500000000000e+02	7.370751084408e+02
9.386559486389e+00	3.000000000000e+02	7.370751134936e+02
9.407011747360e+00	7.000000000000e+02	7.370751134936e+02
9.426958799362e+00	3.000000000000e+02	7.370751182682e+02
9.446928739548e+00	3.000000000000e+02	7.370751247086e+02
9.466851472855e+00	5.500000000000e+02	7.370751313974e+02
9.486798763275e+00	6.000000000000e+02	7.370751340860e+02
9.506768465042e+00	6.000000000000e+02	7.370751344467e+02
9.526720046997e+00	7.000000000000e+02	7.370751414995e+02
9.546663284302e+00	4.000000000000e+02	7.370751483703e+02
9.566585063934e+00	4.000000000000e+02	7.370751550162e+02
9.586531877518e+00	5.500000000000e+02	7.370751556841e+02
9.606479883194e+00	3.000000000000e+02	7.370751587295e+02
9.626448392868e+00	6.500000000000e+02	7.370751655041e+02
9.646394968033e+00	4.000000000000e+02	7.370751717308e+02
9.667141675949e+00	6.500000000000e+02	7.370751766294e+02
9.687088251114e+00	5.500000000000e+02	7.370751766294e+02
9.707034826279e+00	5.500000000000e+02	7.370751820857e+02
9.727014064789e+00	8.500000000000e+02	7.370751888212e+02
9.746960163116e+00	6.000000000000e+02	7.370751952406e+02
9.766874790192e+00	6.500000000000e+02	7.370751972350e+02
9.786842107773e+00	3.000000000000e+02	7.370751979123e+02
9.806787490845e+00	5.500000000000e+02	7.370752046149e+02
9.826716899872e+00	4.500000000000e+02	7.370752109769e+02
9.846687316895e+00	8.000000000000e+02	7.370752170164e+02
9.866941928864e+00	4.500000000000e+02	7.370752237238e+02
9.886812925339e+00	6.500000000000e+02	7.370752282226e+02
9.906517982483e+00	7.000000000000e+02	7.370752282226e+02
9.926445722580e+00	1.050000000000e+03	7.370752330069e+02
9.947079896927e+00	9.000000000000e+02	7.370752396160e+02
9.967046260834e+00	4.500000000000e+02	7.370752460437e+02
9.986593484879e+00	5.000000000000e+02	7.370752479707e+02
1.000677967072e+01	3.000000000000e+02	7.370752486346e+02
1.002655172348e+01	8.000000000000e+02	7.370752550107e+02
1.004649806023e+01	9.500000000000e+02	7.370752611800e+02
1.006644630432e+01	6.500000000000e+02	7.370752671745e+02
1.008676385880e+01	8.500000000000e+02	7.370752671745e+02
1.010671138763e+01	1.150000000000e+03	7.370752693498e+02
1.012668108940e+01	5.500000000000e+02	7.370752755716e+02
1.014662647247e+01	5.500000000000e+02	7.370752815890e+02
1.016787767410e+01	6.000000000000e+02	7.370752872690e+02
1.018681502342e+01	1.000000000000e+03	7.370752913091e+02
1.020782613754e+01	6.500000000000e+02	7.370752955776e+02
1.022706222534e+01	1.100000000000e+03	7.370752955776e+02
1.024728822708e+01	8.000000000000e+02	7.370753018276e+02
1.026725769043e+01	1.050000000000e+03	7.370753047364e+02
1.028679347038e+01	1.100000000000e+03	7.370753047364e+02
1.030646681786e+01	8.000000000000e+02	7.370753089518e+02
1.032655835152e+01	8.000000000000e+02	7.370753137425e+02
1.034701180458e+01	1.000000000000e+03	7.370753199659e+02
1.036798453331e+01	8.000000000000e+02	7.370753276252e+02
1.038684701920e+01	8.000000000000e+02	7.370753344384e+02
1.040776562691e+01	1.250000000000e+03	7.370753392485e+02
1.042773699760e+01	8.500000000000e+02	7.370753424589e+02
1.044666004181e+01	1.300000000000e+03	7.370753424589e+02
1.046712017059e+01	8.000000000000e+02	7.370753470890e+02
1.048706698418e+01	1.150000000000e+03	7.370753535863e+02
1.050701379776e+01	9.500000000000e+02	7.370753605536e+02
1.052703380585e+01	9.500000000000e+02	7.370753629920e+02
1.054701328278e+01	1.200000000000e+03	7.370753661404e+02
1.056697702408e+01	1.100000000000e+03	7.370753724223e+02
1.058779740334e+01	1.250000000000e+03	7.370753783450e+02
1.060774159431e+01	9.500000000000e+02	7.370753838799e+02
1.062751460075e+01	1.450000000000e+03	7.370753841565e+02
1.064748334885e+01	6.500000000000e+02	7.370753869478e+02
1.066691970825e+01	1.150000000000e+03	7.370753929772e+02
1.068753910065e+01	1.550000000000e+03	7.370754007265e+02
1.070650887489e+01	1.300000000000e+03	7.370754062736e+02
1.072651934624e+01	1.000000000000e+03	7.370754062736e+02
1.074644589424e+01	1.150000000000e+03	7.370754111361e+02
1.076686549187e+01	1.650000000000e+03	7.370754181939e+02
1.078747487068e+01	9.500000000000e+02	7.370754251620e+02
1.080742120743e+01	1.200000000000e+03	7.370754268492e+02
1.082758259773e+01	1.600000000000e+03	7.370754284121e+02
1.084749960899e+01	1.150000000000e+03	7.370754361589e+02
1.086704063416e+01	2.000000000000e+03	7.370754428015e+02
1.088664460182e+01	1.900000000000e+03	7.370754479794e+02
1.090651988983e+01	1.400000000000e+03	7.370754479794e+02
1.092723917961e+01	1.500000000000e+03	7.370754528011e+02
1.094669938087e+01	1.750000000000e+03	7.370754587403e+02
1.096692943573e+01	1.700000000000e+03	7.370754652581e+02
1.098769092560e+01	1.250000000000e+03	7.370754684733e+02
1.100663852692e+01	1.750000000000e+03	7.370754684733e+02
1.102755713463e+01	1.750000000000e+03	7.370754747448e+02
1.104851937294e+01	1.350000000000e+03	7.370754814170e+02
1.106681728363e+01	1.550000000000e+03	7.370754869668e+02
1.108745241165e+01	1.850000000000e+03	7.370754939037e+02
1.110701274872e+01	1.700000000000e+03	7.370754981558e+02
1.112786698341e+01	1.450000000000e+03	7.370754981558e+02
1.114677715302e+01	1.450000000000e+03	7.370755029787e+02
1.116698956490e+01	1.850000000000e+03	7.370755098805e+02
1.118695735931e+01	1.900000000000e+03	7.370755163883e+02
1.120691442490e+01	2.450000000000e+03	7.370755183367e+02
1.122685050964e+01	5.000000000000e+01	7.370755192343e+02
1.124683856964e+01	0.000000000000e+00	7.370755252265e+02
1.126701164246e+01	1.650000000000e+03	7.370755317464e+02
1.128696107864e+01	1.600000000000e+03	7.370755384003e+02
1.130705761909e+01	1.800000000000e+03	7.370755384003e+02
1.132790374756e+01	1.950000000000e+03	7.370755417785e+02
1.134638571739e+01	2.350000000000e+03	7.370755477879e+02
1.136652708054e+01	1.800000000000e+03	7.370755543610e+02
1.138681530952e+01	2.100000000000e+03	7.370755586617e+02
1.140686798096e+01	1.700000000000e+03	7.370755586617e+02
1.142666435242e+01	2.400000000000e+03	7.370755642654e+02
1.144652867317e+01	2.100000000000e+03	7.370755708581e+02
1.146712231636e+01	2.200000000000e+03	7.370755757155e+02
1.148746204376e+01	1.500000000000e+03	7.370755805131e+02
1.150644588470e+01	2.100000000000e+03	7.370755869454e+02
1.152701067924e+01	2.050000000000e+03	7.370755931407e+02
1.154905533791e+01	2.250000000000e+03	7.370755981223e+02
1.156701397896e+01	2.150000000000e+03	7.370756017293e+02
1.158695459366e+01	2.250000000000e+03	7.370756037363e+02
1.160690569878e+01	2.700000000000e+03	7.370756104270e+02
1.162684011459e+01	2.350000000000e+03	7.370756161117e+02
1.164697194099e+01	2.550000000000e+03	7.370756214413e+02
1.166707181931e+01	1.750000000000e+03	7.370756225378e+02
1.168692374229e+01	1.150000000000e+03	7.370756225378e+02
1.170655083656e+01	1.350000000000e+03	7.370756319969e+02
1.172736167908e+01	1.950000000000e+03	7.370756388783e+02
1.174706673622e+01	2.500000000000e+03	7.370756443816e+02
1.176812171936e+01	2.400000000000e+03	7.370756491896e+02
1.178704524040e+01	1.900000000000e+03	7.370756524462e+02
1.180663514137e+01	2.150000000000e+03	7.370756524462e+02
1.182672905922e+01	2.000000000000e+03	7.370756569311e+02
1.184658479691e+01	1.950000000000e+03	7.370756627073e+02
1.186649489403e+01	2.450000000000e+03	7.370756627073e+02
1.188660097122e+01	2.300000000000e+03	7.370756688079e+02
1.190657091141e+01	2.800000000000e+03	7.370756751768e+02
1.192652416229e+01	2.200000000000e+03	7.370756806074e+02
1.194647097588e+01	2.050000000000e+03	7.370756860832e+02
1.196834468842e+01	1.800000000000e+03	7.370756921050e+02
1.198665332794e+01	2.150000000000e+03	7.370756923812e+02
1.200673604012e+01	2.200000000000e+03	7.370756965274e+02
1.202714180946e+01	1.800000000000e+03	7.370757012089e+02
1.204765892029e+01	1.650000000000e+03	7.370757070164e+02
1.206660628319e+01	1.400000000000e+03	7.370757126730e+02
1.208652710915e+01	1.750000000000e+03	7.370757194885e+02
1.210666298866e+01	1.850000000000e+03	7.370757222088e+02
1.212665247917e+01	1.800000000000e+03	7.370757222088e+02
1.214689421654e+01	2.150000000000e+03	7.370757309676e+02
1.216776680946e+01	1.750000000000e+03	7.370757318689e+02
1.218688797951e+01	1.950000000000e+03	7.370757349583e+02
1.220699357986e+01	1.250000000000e+03	7.370757414176e+02
1.222701501846e+01	1.000000000000e+03	7.370757464944e+02
1.224705171585e+01	2.250000000000e+03	7.370757514337e+02
1.226834392548e+01	1.950000000000e+03	7.370757581711e+02
1.228731822968e+01	8.000000000000e+02	7.370757627507e+02
1.230677056313e+01	2.200000000000e+03	7.370757627507e+02
1.232700181007e+01	9.500000000000e+02	7.370757677103e+02
1.234661698341e+01	1.950000000000e+03	7.370757745140e+02
1.236752772331e+01	1.700000000000e+03	7.370757816191e+02
1.238644766808e+01	1.550000000000e+03	7.370757836501e+02
1.240724921227e+01	1.500000000000e+03	7.370757843091e+02
1.242679929733e+01	1.350000000000e+03	7.370757907055e+02
1.244755029678e+01	1.800000000000e+03	7.370757940248e+02
1.246650028229e+01	1.200000000000e+03	7.370757967395e+02
1.248672175407e+01	1.400000000000e+03	7.370758036015e+02
1.250667333603e+01	1.000000000000e+03	7.370758091088e+02
1.252700734138e+01	7.500000000000e+02	7.370758144963e+02
1.254697632790e+01	1.350000000000e+03	7.370758215725e+02
1.256713962555e+01	6.000000000000e+02	7.370758256433e+02
1.258660936356e+01	1.200000000000e+03	7.370758256433e+02
1.260707402229e+01	7.000000000000e+02	7.370758328277e+02
1.262700676918e+01	1.400000000000e+03	7.370758399301e+02
1.264795017242e+01	1.050000000000e+03	7.370758468808e+02
1.266690063477e+01	8.000000000000e+02	7.370758526920e+02
1.268705654144e+01	8.500000000000e+02	7.370758569734e+02
1.270694422722e+01	1.300000000000e+03	7.370758569734e+02
1.272725534439e+01	1.300000000000e+03	7.370758637510e+02
1.274693441391e+01	1.350000000000e+03	7.370758703555e+02
1.276676201820e+01	1.000000000000e+03	7.370758760865e+02
1.278725504875e+01	5.000000000000e+02	7.370758776856e+02
1.280712938309e+01	9.000000000000e+02	7.370758789402e+02
1.282762885094e+01	8.000000000000e+02	7.370758852923e+02
1.284779310226e+01	9.000000000000e+02	7.370758918236e+02
1.286661267281e+01	1.250000000000e+03	7.370758977682e+02
1.288877248764e+01	1.150000000000e+03	7.370758977682e+02
1.290663337708e+01	7.000000000000e+02	7.370759008936e+02
1.292754530907e+01	1.050000000000e+03	7.370759072835e+02
1.294703006744e+01	8.500000000000e+02	7.370759138384e+02
1.296783709526e+01	1.400000000000e+03	7.370759181115e+02
1.298745846748e+01	0.000000000000e+00	7.370759181115e+02
1.300640654564e+01	7.500000000000e+02	7.370759238931e+02
1.302683568001e+01	1.000000000000e+03	7.370759307957e+02
1.304713821411e+01	9.000000000000e+02	7.370759375331e+02
1.306663084030e+01	4.500000000000e+02	7.370759387364e+02
1.308707690239e+01	3.500000000000e+02	7.370759398490e+02
1.310703134537e+01	1.000000000000e+03	7.370759454286e+02
1.312664937973e+01	9.500000000000e+02	7.370759515805e+02
1.314693903923e+01	9.500000000000e+02	7.370759587450e+02
1.316687059402e+01	1.000000000000e+03	7.370759590973e+02
1.318662691116e+01	6.000000000000e+02	7.370759624967e+02
1.320713281631e+01	6.500000000000e+02	7.370759697900e+02
1.322690939903e+01	2.000000000000e+02	7.370759761425e+02
1.324706459045e+01	1.050000000000e+03	7.370759819185e+02
1.326652193069e+01	6.500000000000e+02	7.370759866597e+02
1.328687191010e+01	7.000000000000e+02	7.370759904073e+02
1.330696320534e+01	9.000000000000e+02	7.370759904073e+02
1.332711911201e+01	6.500000000000e+02	7.370759975389e+02
1.334720396996e+01	7.000000000000e+02	7.370760046875e+02
1.336716508865e+01	4.000000000000e+02	7.370760112889e+02
1.338809514046e+01	5.000000000000e+02	7.370760172603e+02
1.340715980530e+01	6.000000000000e+02	7.370760209594e+02
1.342722296715e+01	6.500000000000e+02	7.370760209594e+02
1.344753408432e+01	7.000000000000e+02	7.370760274739e+02
1.346713495255e+01	4.500000000000e+02	7.370760319927e+02
1.348834204674e+01	7.500000000000e+02	7.370760319927e+02
1.350729155540e+01	6.500000000000e+02	7.370760369852e+02
1.352638721466e+01	6.500000000000e+02	7.370760423382e+02
1.354637551308e+01	3.500000000000e+02	7.370760487336e+02
1.356632351875e+01	4.500000000000e+02	7.370760522366e+02
1.358724474907e+01	5.500000000000e+02	7.370760522366e+02
1.360719013214e+01	4.500000000000e+02	7.370760597897e+02
1.362717890739e+01	7.500000000000e+02	7.370760665425e+02
1.364659404755e+01	3.500000000000e+02	7.370760723916e+02
1.366668200493e+01	4.000000000000e+02	7.370760723916e+02
1.368744754791e+01	4.500000000000e+02	7.370760753266e+02
1.370739555359e+01	6.000000000000e+02	7.370760822168e+02
1.372736406326e+01	6.000000000000e+02	7.370760882017e+02
1.374631452560e+01	7.000000000000e+02	7.370760939520e+02
1.376706671715e+01	5.500000000000e+02	7.370761007218e+02
1.378689765930e+01	5.000000000000e+02	7.370761029137e+02
1.380629181862e+01	3.000000000000e+02	7.370761035794e+02
1.382687902451e+01	5.000000000000e+02	7.370761104482e+02
1.384680247307e+01	3.500000000000e+02	7.370761170774e+02
1.386654663086e+01	4.000000000000e+02	7.370761232976e+02
1.388671779633e+01	6.000000000000e+02	7.370761232976e+02
1.390737724304e+01	4.500000000000e+02	7.370761268249e+02
1.392687416077e+01	3.000000000000e+02	7.370761332615e+02
1.394697499275e+01	3.000000000000e+02	7.370761397741e+02
1.396749186516e+01	4.500000000000e+02	7.370761461089e+02
1.398784041405e+01	5.000000000000e+02	7.370761519807e+02
1.400676846504e+01	3.500000000000e+02	7.370761537076e+02
1.402716040611e+01	4.000000000000e+02	7.370761558337e+02
1.404711389542e+01	2.000000000000e+02	7.370761624354e+02
1.406679105759e+01	5.500000000000e+02	7.370761690527e+02
1.408673477173e+01	2.000000000000e+02	7.370761744440e+02
1.410666227341e+01	2.500000000000e+02	7.370761744440e+02
1.412721014023e+01	3.500000000000e+02	7.370761785978e+02
1.414712095261e+01	4.500000000000e+02	7.370761852075e+02
1.416709637642e+01	4.500000000000e+02	7.370761919955e+02
1.418709731102e+01	5.000000000000e+02	7.370761949512e+02
1.420709180832e+01	3.500000000000e+02	7.370761949512e+02
1.422703433037e+01	4.000000000000e+02	7.370761949512e+02
1.424706912041e+01	1.500000000000e+02	7.370762003103e+02
1.426714587212e+01	4.000000000000e+02	7.370762136433e+02
1.428674030304e+01	2.500000000000e+02	7.370762157037e+02
1.430709075928e+01	2.500000000000e+02	7.370762176049e+02
1.432695174217e+01	6.000000000000e+02	7.370762232853e+02
1.434757232666e+01	3.000000000000e+02	7.370762304883e+02
1.436651396751e+01	4.500000000000e+02	7.370762380447e+02
1.438667273521e+01	2.500000000000e+02	7.370762424385e+02
1.440838646889e+01	2.000000000000e+02	7.370762471712e+02
1.442636251450e+01	5.000000000000e+02	7.370762473885e+02
1.444630765915e+01	1.500000000000e+02	7.370762518139e+02
1.446724796295e+01	5.500000000000e+02	7.370762605380e+02
1.448739409447e+01	2.000000000000e+02	7.370762652792e+02
1.450703620911e+01	2.500000000000e+02	7.370762684716e+02
1.452715063095e+01	3.000000000000e+02	7.370762684716e+02
1.454650497437e+01	3.500000000000e+02	7.370762742733e+02
1.456696701050e+01	3.000000000000e+02	7.370762814050e+02
1.458708071709e+01	3.500000000000e+02	7.370762879987e+02
1.460711240768e+01	2.000000000000e+02	7.370762884650e+02
1.462709879875e+01	2.500000000000e+02	7.370762904284e+02
1.464707016945e+01	0.000000000000e+00	7.370762968217e+02
1.466649031639e+01	1.000000000000e+02	7.370763034046e+02
1.468687868118e+01	1.500000000000e+02	7.370763089927e+02
1.470681810379e+01	2.500000000000e+02	7.370763089927e+02
1.472706341743e+01	2.000000000000e+02	7.370763138659e+02
1.474746561050e+01	3.000000000000e+02	7.370763197736e+02
1.476706314087e+01	1.500000000000e+02	7.370763260222e+02
1.478664159775e+01	1.000000000000e+02	7.370763284483e+02
1.480758690834e+01	5.000000000000e+02	7.370763284483e+02
1.482656431198e+01	5.000000000000e+01	7.370763345323e+02
1.484761118889e+01	1.500000000000e+02	7.370763412541e+02
1.486774349213e+01	2.000000000000e+02	7.370763471760e+02
1.488662338257e+01	3.500000000000e+02	7.370763486424e+02
1.490696978569e+01	2.500000000000e+02	7.370763520398e+02
1.492654013634e+01	1.000000000000e+02	7.370763574988e+02
1.494708323479e+01	3.000000000000e+02	7.370763646977e+02
1.496661472321e+01	1.500000000000e+02	7.370763714717e+02
1.498709321022e+01	2.000000000000e+02	7.370763779580e+02
1.500836610794e+01	2.000000000000e+02	7.370763792161e+02
1.502707219124e+01	2.500000000000e+02	7.370763811427e+02
1.504706525803e+01	1.500000000000e+02	7.370763878503e+02
1.506718182564e+01	3.500000000000e+02	7.370763946868e+02
1.508663797379e+01	2.500000000000e+02	7.370764003118e+02
1.510652494431e+01	1.500000000000e+02	7.370764003118e+02
1.512677407265e+01	1.000000000000e+02	7.370764038148e+02
1.514674329758e+01	3.000000000000e+02	7.370764111745e+02
1.516669225693e+01	1.000000000000e+02	7.370764169275e+02
1.518664693832e+01	1.500000000000e+02	7.370764221986e+02
1.521057629585e+01	2.000000000000e+02	7.370764272614e+02
1.522849345207e+01	3.500000000000e+02	7.370764310522e+02
1.524646377563e+01	1.000000000000e+02	7.370764344821e+02
1.526660680771e+01	1.500000000000e+02	7.370764415255e+02
1.528706169128e+01	3.000000000000e+02	7.370764465951e+02
1.530680990219e+01	3.500000000000e+02	7.370764511449e+02
1.532675004005e+01	2.000000000000e+02	7.370764527543e+02
1.534683585167e+01	4.000000000000e+02	7.370764555872e+02
1.536701083183e+01	2.000000000000e+02	7.370764624740e+02
1.538682508469e+01	2.500000000000e+02	7.370764685270e+02
1.540755295753e+01	3.000000000000e+02	7.370764744818e+02
1.542749333382e+01	1.500000000000e+02	7.370764744818e+02
1.544710135460e+01	1.000000000000e+02	7.370764792390e+02
1.546715354919e+01	5.000000000000e+01	7.370764876416e+02
1.548758006096e+01	1.000000000000e+02	7.370764930827e+02
1.550751924515e+01	2.000000000000e+02	7.370764981825e+02
1.552745795250e+01	1.000000000000e+02	7.370765029670e+02
1.554739904404e+01	2.000000000000e+02	7.370765070307e+02
1.556702494621e+01	2.500000000000e+02	7.370765100825e+02
1.558707880974e+01	1.000000000000e+02	7.370765171425e+02
1.560652279854e+01	2.500000000000e+02	7.370765233823e+02
1.562636399269e+01	0.000000000000e+00	7.370765287574e+02
1.564794516563e+01	1.500000000000e+02	7.370765287574e+02
1.566695022583e+01	2.000000000000e+02	7.370765335961e+02
1.568709373474e+01	1.000000000000e+02	7.370765396236e+02
1.570749759674e+01	3.000000000000e+02	7.370765396236e+02
1.572753214836e+01	3.000000000000e+02	7.370765445932e+02
1.574758076668e+01	1.000000000000e+02	7.370765498416e+02
1.576738643646e+01	1.000000000000e+02	7.370765577500e+02
1.578705072403e+01	5.000000000000e+01	7.370765642738e+02
1.580757355690e+01	1.000000000000e+02	7.370765702953e+02
1.582748508453e+01	1.000000000000e+02	7.370765711649e+02
1.584654307365e+01	1.000000000000e+02	7.370765749883e+02
1.586737871170e+01	1.500000000000e+02	7.370765828639e+02
1.588732552528e+01	1.000000000000e+02	7.370765897254e+02
1.590704941750e+01	1.000000000000e+02	7.370765931562e+02
1.592829561234e+01	1.000000000000e+02	7.370765931562e+02
1.594651913643e+01	5.000000000000e+01	7.370765996608e+02
1.596686315536e+01	1.000000000000e+02	7.370766073879e+02
1.598713159561e+01	2.500000000000e+02	7.370766151525e+02
1.600653195381e+01	0.000000000000e+00	7.370766159739e+02
1.602887892723e+01	1.000000000000e+02	7.370766192114e+02
1.604703688622e+01	1.500000000000e+02	7.370766257487e+02
1.606653881073e+01	1.000000000000e+02	7.370766327328e+02
1.608711504936e+01	0.000000000000e+00	7.370766380802e+02
1.610706925392e+01	1.000000000000e+02	7.370766380802e+02
1.612652873993e+01	5.000000000000e+01	7.370766428338e+02
1.614654088020e+01	5.000000000000e+01	7.370766500263e+02
1.616693305969e+01	1.000000000000e+02	7.370766569599e+02
1.618672728539e+01	1.000000000000e+02	7.370766608421e+02
1.620702075958e+01	2.000000000000e+02	7.370766608421e+02
1.622694349289e+01	1.000000000000e+02	7.370766671424e+02
1.624691987038e+01	1.000000000000e+02	7.370766736588e+02
1.626709556580e+01	2.000000000000e+02	7.370766797320e+02
1.628706741333e+01	0.000000000000e+00	7.370766861920e+02
1.630673694611e+01	1.500000000000e+02	7.370766938513e+02
1.632762503624e+01	1.500000000000e+02	7.370766960487e+02
1.634715771675e+01	5.000000000000e+01	7.370766986043e+02
1.636676883698e+01	5.000000000000e+01	7.370767062357e+02
1.638663721085e+01	1.500000000000e+02	7.370767117887e+02
1.640738344193e+01	1.000000000000e+02	7.370767172699e+02
1.642754673958e+01	5.000000000000e+01	7.370767263678e+02
1.644647383690e+01	5.000000000000e+01	7.370767292553e+02
1.646716046333e+01	2.500000000000e+02	7.370767312556e+02
1.648678803444e+01	1.000000000000e+02	7.370767357728e+02
1.650708770752e+01	2.000000000000e+02	7.370767375357e+02
1.652653741837e+01	5.000000000000e+01	7.370767369180e+02
1.654683899879e+01	1.000000000000e+02	7.370767368863e+02
1.656695175171e+01	1.000000000000e+02	7.370767350917e+02
1.658692550659e+01	1.000000000000e+02	7.370767316546e+02
1.660686945915e+01	3.500000000000e+02	7.370767265119e+02
1.662709116936e+01	2.500000000000e+02	7.370767233194e+02
1.664672541618e+01	1.000000000000e+02	7.370767233194e+02
1.666705179214e+01	1.000000000000e+02	7.370767184350e+02
1.668787932396e+01	1.500000000000e+02	7.370767129042e+02
1.670785546303e+01	3.500000000000e+02	7.370767080885e+02
1.672776389122e+01	2.000000000000e+02	7.370767066509e+02
1.674673342705e+01	1.000000000000e+02	7.370767056031e+02
1.676709222794e+01	1.000000000000e+02	7.370766984756e+02
1.678672146797e+01	1.000000000000e+02	7.370766924867e+02
1.680695796013e+01	1.500000000000e+02	7.370766875159e+02
1.682678747177e+01	5.000000000000e+01	7.370766875159e+02
1.684674382210e+01	2.500000000000e+02	7.370766832002e+02
1.686660647392e+01	2.500000000000e+02	7.370766767368e+02
1.688652944565e+01	2.500000000000e+02	7.370766701404e+02
1.690713429451e+01	2.500000000000e+02	7.370766674988e+02
1.692720150948e+01	5.000000000000e+01	7.370766668784e+02
1.694717216492e+01	2.000000000000e+02	7.370766606671e+02
1.696730780602e+01	5.000000000000e+01	7.370766554830e+02
1.698726177216e+01	1.000000000000e+02	7.370766512013e+02
1.700729727745e+01	5.000000000000e+01	7.370766479768e+02
1.702776551247e+01	1.500000000000e+02	7.370766457061e+02
1.704747104645e+01	1.000000000000e+02	7.370766402328e+02
1.706737709045e+01	0.000000000000e+00	7.370766347030e+02
1.708651280403e+01	3.500000000000e+02	7.370766293868e+02
1.710663390160e+01	2.000000000000e+02	7.370766240342e+02
1.712658119202e+01	3.000000000000e+02	7.370766187689e+02
1.714653134346e+01	5.000000000000e+01	7.370766187689e+02
1.716656374931e+01	2.500000000000e+02	7.370766159174e+02
1.718642449379e+01	2.500000000000e+02	7.370766096682e+02
1.720662927628e+01	1.000000000000e+02	7.370766029107e+02
1.722657489777e+01	3.500000000000e+02	7.370765988825e+02
1.724654793739e+01	2.000000000000e+02	7.370765988825e+02
1.726648998260e+01	2.500000000000e+02	7.370765929386e+02
1.728643751144e+01	1.500000000000e+02	7.370765866223e+02
1.730736088753e+01	5.000000000000e+01	7.370765810448e+02
1.732633304596e+01	2.500000000000e+02	7.370765797155e+02
1.734655189514e+01	1.500000000000e+02	7.370765764204e+02
1.736679816246e+01	1.000000000000e+02	7.370765709801e+02
1.738693475723e+01	2.500000000000e+02	7.370765652237e+02
1.740687823296e+01	2.000000000000e+02	7.370765593972e+02
1.742704701424e+01	1.500000000000e+02	7.370765531108e+02
1.744761157036e+01	2.000000000000e+02	7.370765507520e+02
1.746654915810e+01	5.000000000000e+01	7.370765488382e+02
1.748652863503e+01	5.000000000000e+01	7.370765440389e+02
1.750708770752e+01	1.000000000000e+02	7.370765383045e+02
1.752693772316e+01	2.000000000000e+02	7.370765317244e+02
1.754715824127e+01	1.000000000000e+02	7.370765311001e+02
1.756660366058e+01	5.000000000000e+01	7.370765285250e+02
1.758675026894e+01	1.000000000000e+02	7.370765221109e+02
1.760651898384e+01	1.000000000000e+02	7.370765156100e+02
1.762720370293e+01	3.000000000000e+02	7.370765089551e+02
1.764709997177e+01	1.500000000000e+02	7.370765028607e+02
1.766707396507e+01	1.500000000000e+02	7.370765019435e+02
1.768705344200e+01	5.000000000000e+01	7.370764991362e+02
1.770697546005e+01	0.000000000000e+00	7.370764929120e+02
1.772692561150e+01	2.000000000000e+02	7.370764873807e+02
1.774714183807e+01	2.000000000000e+02	7.370764826735e+02
1.776723074913e+01	1.500000000000e+02	7.370764826735e+02
1.778715920448e+01	4.000000000000e+02	7.370764786618e+02
1.780654454231e+01	2.500000000000e+02	7.370764725268e+02
1.782756948471e+01	1.500000000000e+02	7.370764657349e+02
1.784694337845e+01	3.500000000000e+02	7.370764628149e+02
1.786674141884e+01	1.500000000000e+02	7.370764628149e+02
1.788779425621e+01	2.500000000000e+02	7.370764570435e+02
1.790676450729e+01	2.500000000000e+02	7.370764534776e+02
1.792667150497e+01	1.500000000000e+02	7.370764531653e+02
1.794662714005e+01	1.000000000000e+02	7.370764469196e+02
1.796657466888e+01	3.000000000000e+02	7.370764407938e+02
1.798656797409e+01	1.500000000000e+02	7.370764348307e+02
1.800652527809e+01	1.000000000000e+02	7.370764283538e+02
1.802649974823e+01	1.500000000000e+02	7.370764234035e+02
1.804644680023e+01	4.000000000000e+02	7.370764234035e+02
1.806653451920e+01	1.500000000000e+02	7.370764199430e+02
1.808663296700e+01	1.500000000000e+02	7.370764147259e+02
1.810718655586e+01	3.000000000000e+02	7.370764076651e+02
1.812678694725e+01	5.000000000000e+02	7.370764056464e+02
1.814643311501e+01	1.500000000000e+02	7.370764049568e+02
1.816675662994e+01	5.000000000000e+01	7.370764002771e+02
1.818692159653e+01	2.500000000000e+02	7.370763956339e+02
1.820663452148e+01	2.000000000000e+02	7.370763893888e+02
1.822661185265e+01	4.000000000000e+02	7.370763850889e+02
1.824714231491e+01	1.000000000000e+02	7.370763827125e+02
1.826688361168e+01	2.000000000000e+02	7.370763772097e+02
1.828673863411e+01	1.000000000000e+02	7.370763723375e+02
1.830662775040e+01	1.500000000000e+02	7.370763676219e+02
1.832686328888e+01	3.000000000000e+02	7.370763617809e+02
1.834701895714e+01	6.000000000000e+02	7.370763568023e+02
1.836668443680e+01	2.000000000000e+02	7.370763568023e+02
1.838665914536e+01	1.500000000000e+02	7.370763525759e+02
1.840668201447e+01	3.000000000000e+02	7.370763472012e+02
1.842717790604e+01	1.500000000000e+02	7.370763409522e+02
1.844709396362e+01	2.000000000000e+02	7.370763381373e+02
1.846691536903e+01	2.500000000000e+02	7.370763360884e+02
1.848655533791e+01	1.000000000000e+02	7.370763314239e+02
1.850703549385e+01	2.500000000000e+02	7.370763287978e+02
1.852689528465e+01	4.500000000000e+02	7.370763287978e+02
1.854726505280e+01	5.000000000000e+02	7.370763287978e+02
1.856704831123e+01	2.000000000000e+02	7.370763235398e+02
1.858666419983e+01	1.000000000000e+02	7.370763117911e+02
1.860716462135e+01	1.500000000000e+02	7.370763046876e+02
1.862716269493e+01	2.500000000000e+02	7.370762983927e+02
1.864710617065e+01	3.500000000000e+02	7.370762910340e+02
1.866693902016e+01	3.500000000000e+02	7.370762896857e+02
1.868717265129e+01	4.000000000000e+02	7.370762871650e+02
1.870705199242e+01	1.500000000000e+02	7.370762814896e+02
1.872783565521e+01	2.000000000000e+02	7.370762756073e+02
1.874678158760e+01	3.500000000000e+02	7.370762705366e+02
1.876675558090e+01	4.000000000000e+02	7.370762705366e+02
1.878669929504e+01	4.000000000000e+02	7.370762665453e+02
1.880658245087e+01	2.000000000000e+02	7.370762612489e+02
1.882712793350e+01	3.000000000000e+02	7.370762546398e+02
1.884675693512e+01	2.000000000000e+02	7.370762506222e+02
1.886682868004e+01	1.500000000000e+02	7.370762506222e+02
1.888754463196e+01	1.000000000000e+02	7.370762460500e+02
1.890694618225e+01	4.000000000000e+02	7.370762411418e+02
1.892706990242e+01	2.500000000000e+02	7.370762329800e+02
1.894663929939e+01	3.500000000000e+02	7.370762259819e+02
1.896703290939e+01	5.000000000000e+02	7.370762213583e+02
1.898673582077e+01	3.000000000000e+02	7.370762213583e+02
1.900700283051e+01	1.500000000000e+02	7.370762167028e+02
1.902708387375e+01	4.000000000000e+02	7.370762102287e+02
1.904710292816e+01	3.500000000000e+02	7.370762037121e+02
1.906695747375e+01	1.500000000000e+02	7.370762017447e+02
1.908664870262e+01	3.000000000000e+02	7.370762017447e+02
1.910699629784e+01	3.500000000000e+02	7.370761956498e+02
1.912695336342e+01	4.000000000000e+02	7.370761922174e+02
1.914663124084e+01	4.500000000000e+02	7.370761922174e+02
1.916682863235e+01	2.000000000000e+02	7.370761859190e+02
1.918650555611e+01	4.500000000000e+02	7.370761797373e+02
1.920645022392e+01	3.000000000000e+02	7.370761741442e+02
1.922710800171e+01	5.500000000000e+02	7.370761669608e+02
1.924679112434e+01	3.000000000000e+02	7.370761624481e+02
1.926694011688e+01	3.000000000000e+02	7.370761624481e+02
1.928660893440e+01	6.500000000000e+02	7.370761573848e+02
1.930708408356e+01	4.000000000000e+02	7.370761511023e+02
1.932663583755e+01	3.500000000000e+02	7.370761449591e+02
1.934661507607e+01	2.500000000000e+02	7.370761400688e+02
1.936716198921e+01	3.500000000000e+02	7.370761355832e+02
1.938774633408e+01	3.000000000000e+02	7.370761335220e+02
1.940670609474e+01	3.000000000000e+02	7.370761311752e+02
1.942682933807e+01	6.000000000000e+02	7.370761264467e+02
1.944717001915e+01	4.000000000000e+02	7.370761236036e+02
1.946666789055e+01	4.000000000000e+02	7.370761206962e+02
1.948661828041e+01	4.500000000000e+02	7.370761151735e+02
1.950663185120e+01	6.000000000000e+02	7.370761103819e+02
1.952717161179e+01	4.000000000000e+02	7.370761056009e+02
1.954661417007e+01	5.000000000000e+02	7.370760990312e+02
1.956647229195e+01	4.500000000000e+02	7.370760945990e+02
1.958664321899e+01	3.000000000000e+02	7.370760945990e+02
1.960677409172e+01	2.500000000000e+02	7.370760881613e+02
1.962676763535e+01	5.000000000000e+02	7.370760819123e+02
1.964663457870e+01	5.500000000000e+02	7.370760765438e+02
1.966671776772e+01	6.500000000000e+02	7.370760744102e+02
1.968754267693e+01	4.500000000000e+02	7.370760744102e+02
1.970648956299e+01	5.500000000000e+02	7.370760676743e+02
1.972690701485e+01	6.000000000000e+02	7.370760608963e+02
1.974661469460e+01	6.500000000000e+02	7.370760547289e+02
1.976719474792e+01	5.500000000000e+02	7.370760547289e+02
1.978681015968e+01	4.500000000000e+02	7.370760520516e+02
1.980652689934e+01	7.000000000000e+02	7.370760461949e+02
1.982638072968e+01	8.500000000000e+02	7.370760393848e+02
1.984635567665e+01	2.500000000000e+02	7.370760328735e+02
1.986694335938e+01	4.500000000000e+02	7.370760270320e+02
1.988710904121e+01	5.000000000000e+02	7.370760257506e+02
1.990707063675e+01	2.000000000000e+02	7.370760236380e+02
1.992752170563e+01	7.000000000000e+02	7.370760182402e+02
1.994663786888e+01	2.500000000000e+02	7.370760155963e+02
1.996713232994e+01	8.500000000000e+02	7.370760130459e+02
1.998705887794e+01	7.500000000000e+02	7.370760078254e+02
2.000655150414e+01	8.000000000000e+02	7.370760022028e+02
2.002688980103e+01	1.100000000000e+03	7.370759959237e+02
2.004775571823e+01	7.500000000000e+02	7.370759894168e+02
2.006714940071e+01	5.500000000000e+02	7.370759853617e+02
2.008675789833e+01	5.500000000000e+02	7.370759853617e+02
2.010644221306e+01	6.500000000000e+02	7.370759801787e+02
2.012729668617e+01	9.500000000000e+02	7.370759738285e+02
2.014710140228e+01	6.500000000000e+02	7.370759672287e+02
2.016654276848e+01	6.000000000000e+02	7.370759622448e+02
2.018650794029e+01	9.000000000000e+02	7.370759575711e+02
2.020743227005e+01	8.000000000000e+02	7.370759552408e+02
2.022724199295e+01	9.000000000000e+02	7.370759508175e+02
2.024706077576e+01	7.000000000000e+02	7.370759461270e+02
2.026782178879e+01	1.150000000000e+03	7.370759461270e+02
2.028705835342e+01	1.000000000000e+03	7.370759424417e+02
2.030649924278e+01	3.500000000000e+02	7.370759354956e+02
2.032656002045e+01	6.000000000000e+02	7.370759289933e+02
2.034716820717e+01	9.000000000000e+02	7.370759224514e+02
2.036662483215e+01	1.000000000000e+03	7.370759163747e+02
2.038691329956e+01	8.500000000000e+02	7.370759163747e+02
2.040652298927e+01	9.000000000000e+02	7.370759138674e+02
2.042667055130e+01	8.500000000000e+02	7.370759079222e+02
2.044666862488e+01	8.000000000000e+02	7.370759067778e+02
2.046760153770e+01	7.000000000000e+02	7.370759037779e+02
2.048780131340e+01	9.500000000000e+02	7.370758973738e+02
2.050666093826e+01	9.000000000000e+02	7.370758913778e+02
2.052666759491e+01	9.500000000000e+02	7.370758849863e+02
2.054661798477e+01	1.200000000000e+03	7.370758785100e+02
2.056709837914e+01	6.000000000000e+02	7.370758765762e+02
2.058667421341e+01	9.500000000000e+02	7.370758756818e+02
2.060687685013e+01	1.000000000000e+03	7.370758690049e+02
2.062660980225e+01	9.500000000000e+02	7.370758631699e+02
2.064748835564e+01	1.400000000000e+03	7.370758575279e+02
2.066802144051e+01	9.000000000000e+02	7.370758561801e+02
2.068680596352e+01	1.050000000000e+03	7.370758530334e+02
2.070753455162e+01	1.400000000000e+03	7.370758462159e+02
2.072661519051e+01	1.050000000000e+03	7.370758403026e+02
2.074710273743e+01	1.300000000000e+03	7.370758339701e+02
2.076715445518e+01	1.100000000000e+03	7.370758277617e+02
2.078671550751e+01	1.300000000000e+03	7.370758259086e+02
2.080752062798e+01	6.500000000000e+02	7.370758252278e+02
2.082905173302e+01	4.500000000000e+02	7.370758179101e+02
2.084689331055e+01	1.550000000000e+03	7.370758118521e+02
2.086697912216e+01	1.150000000000e+03	7.370758054183e+02
2.088634109497e+01	1.100000000000e+03	7.370758054183e+02
2.090731191635e+01	1.750000000000e+03	7.370758016103e+02
2.092723178864e+01	1.200000000000e+03	7.370757952766e+02
2.094700264931e+01	1.250000000000e+03	7.370757885334e+02
2.096710801125e+01	1.750000000000e+03	7.370757829109e+02
2.098719811440e+01	1.800000000000e+03	7.370757784067e+02
2.100708961487e+01	2.000000000000e+03	7.370757751135e+02
2.102674698830e+01	1.750000000000e+03	7.370757751135e+02
2.104669308662e+01	1.750000000000e+03	7.370757702140e+02
2.106666898727e+01	1.650000000000e+03	7.370757631425e+02
2.108661413193e+01	1.800000000000e+03	7.370757577129e+02
2.110656023026e+01	1.400000000000e+03	7.370757555471e+02
2.112648415565e+01	1.750000000000e+03	7.370757535512e+02
2.114725756645e+01	2.050000000000e+03	7.370757483414e+02
2.116692256927e+01	1.550000000000e+03	7.370757426260e+02
2.118663263321e+01	1.050000000000e+03	7.370757361745e+02
2.120717263222e+01	1.900000000000e+03	7.370757361745e+02
2.122674155235e+01	1.200000000000e+03	7.370757332494e+02
2.124673962593e+01	2.100000000000e+03	7.370757270690e+02
2.126663255692e+01	2.050000000000e+03	7.370757206112e+02
2.128655624390e+01	1.650000000000e+03	7.370757167038e+02
2.130676198006e+01	1.750000000000e+03	7.370757167038e+02
2.132754278183e+01	2.050000000000e+03	7.370757113114e+02
2.134748983383e+01	2.100000000000e+03	7.370757052313e+02
2.136702489853e+01	2.550000000000e+03	7.370756981914e+02
2.138708996773e+01	1.700000000000e+03	7.370756921355e+02
2.140676045418e+01	1.800000000000e+03	7.370756878443e+02
2.142658519745e+01	1.500000000000e+03	7.370756878443e+02
2.144675183296e+01	2.100000000000e+03	7.370756822248e+02
2.146678638458e+01	1.800000000000e+03	7.370756773567e+02
2.148661923409e+01	1.200000000000e+03	7.370756773567e+02
2.150712203979e+01	1.200000000000e+03	7.370756736336e+02
2.152656507492e+01	2.800000000000e+03	7.370756678310e+02
2.154752302170e+01	2.200000000000e+03	7.370756612644e+02
2.156707882881e+01	2.400000000000e+03	7.370756577998e+02
2.158671808243e+01	1.700000000000e+03	7.370756577998e+02
2.160690903664e+01	1.600000000000e+03	7.370756511913e+02
2.162685561180e+01	2.550000000000e+03	7.370756442017e+02
2.164718866348e+01	2.050000000000e+03	7.370756378711e+02
2.166737222672e+01	2.700000000000e+03	7.370756313460e+02
2.168713951111e+01	1.750000000000e+03	7.370756265760e+02
2.170697665215e+01	2.250000000000e+03	7.370756265760e+02
2.172671771049e+01	2.900000000000e+03	7.370756211285e+02
2.174715399742e+01	2.550000000000e+03	7.370756148246e+02
2.176651811600e+01	2.500000000000e+03	7.370756066359e+02
2.178662180901e+01	1.950000000000e+03	7.370756053597e+02
2.180753421783e+01	2.350000000000e+03	7.370756050286e+02
2.182778739929e+01	2.150000000000e+03	7.370755980206e+02
2.184873723984e+01	2.300000000000e+03	7.370755909233e+02
2.186744427681e+01	2.600000000000e+03	7.370755847082e+02
2.188738846779e+01	1.750000000000e+03	7.370755847082e+02
2.190712928772e+01	2.450000000000e+03	7.370755811559e+02
2.192687535286e+01	2.550000000000e+03	7.370755743198e+02
2.194711971283e+01	1.950000000000e+03	7.370755682739e+02
2.196648025513e+01	1.850000000000e+03	7.370755637931e+02
2.198642754555e+01	1.850000000000e+03	7.370755637931e+02
2.200678968430e+01	2.800000000000e+03	7.370755577874e+02
2.202717733383e+01	1.900000000000e+03	7.370755507902e+02
2.204705834389e+01	2.100000000000e+03	7.370755440540e+02
2.206650090218e+01	1.950000000000e+03	7.370755392211e+02
2.208710694313e+01	1.750000000000e+03	7.370755344805e+02
2.210689425468e+01	1.100000000000e+03	7.370755325243e+02
2.212699270248e+01	1.650000000000e+03	7.370755303917e+02
2.214685606956e+01	2.350000000000e+03	7.370755253713e+02
2.216654968262e+01	1.850000000000e+03	7.370755198060e+02
2.218674945831e+01	2.050000000000e+03	7.370755131851e+02
2.220649981499e+01	1.900000000000e+03	7.370755120756e+02
2.222717404366e+01	1.150000000000e+03	7.370755077407e+02
2.224719429016e+01	2.550000000000e+03	7.370755030745e+02
2.226657938957e+01	1.950000000000e+03	7.370754952767e+02
2.228657126427e+01	1.800000000000e+03	7.370754885245e+02
2.230686259270e+01	1.850000000000e+03	7.370754833130e+02
2.232656192780e+01	2.350000000000e+03	7.370754815898e+02
2.234650921822e+01	1.500000000000e+03	7.370754787104e+02
2.236721110344e+01	1.850000000000e+03	7.370754720867e+02
2.238673639297e+01	1.700000000000e+03	7.370754668224e+02
2.240751218796e+01	1.300000000000e+03	7.370754612789e+02
2.242706489563e+01	5.500000000000e+02	7.370754608367e+02
2.244716691971e+01	1.800000000000e+03	7.370754560687e+02
2.246719813347e+01	1.650000000000e+03	7.370754486179e+02
2.248754477501e+01	2.200000000000e+03	7.370754432803e+02
2.250717806816e+01	1.700000000000e+03	7.370754401466e+02
2.252717447281e+01	1.350000000000e+03	7.370754401466e+02
2.254649376869e+01	1.650000000000e+03	7.370754341684e+02
2.256716203690e+01	1.900000000000e+03	7.370754276695e+02
2.258636021614e+01	1.100000000000e+03	7.370754214959e+02
2.260758638382e+01	1.250000000000e+03	7.370754198926e+02
2.262692046165e+01	6.500000000000e+02	7.370754175370e+02
2.264660906792e+01	1.300000000000e+03	7.370754119720e+02
2.266683602333e+01	1.100000000000e+03	7.370754058114e+02
2.268701624870e+01	9.000000000000e+02	7.370753994926e+02
2.270696425438e+01	9.500000000000e+02	7.370753932274e+02
2.272653722763e+01	8.500000000000e+02	7.370753907286e+02
2.274749827385e+01	1.650000000000e+03	7.370753904197e+02
2.276649308205e+01	1.200000000000e+03	7.370753845356e+02
2.278711628914e+01	1.200000000000e+03	7.370753808433e+02
2.280660486221e+01	1.650000000000e+03	7.370753808433e+02
2.282706356049e+01	1.150000000000e+03	7.370753748456e+02
2.284702110291e+01	1.550000000000e+03	7.370753680407e+02
2.286686038971e+01	1.050000000000e+03	7.370753613025e+02
2.288781738281e+01	1.150000000000e+03	7.370753606258e+02
2.290757536888e+01	9.500000000000e+02	7.370753583515e+02
2.292676806450e+01	1.050000000000e+03	7.370753525276e+02
2.294732236862e+01	1.450000000000e+03	7.370753453147e+02
2.296706914902e+01	1.000000000000e+03	7.370753387950e+02
2.298665738106e+01	6.000000000000e+02	7.370753331639e+02
2.300700378418e+01	1.050000000000e+03	7.370753316103e+02
2.302760481834e+01	1.350000000000e+03	7.370753306570e+02
2.304772019386e+01	1.150000000000e+03	7.370753243172e+02
2.306763935089e+01	1.350000000000e+03	7.370753180623e+02
2.308661174774e+01	1.300000000000e+03	7.370753127389e+02
2.310711479187e+01	1.200000000000e+03	7.370753127389e+02
2.312662124634e+01	1.250000000000e+03	7.370753087820e+02
2.314663696289e+01	7.500000000000e+02	7.370753018595e+02
2.316655778885e+01	5.500000000000e+02	7.370752954582e+02
2.318681335449e+01	8.000000000000e+02	7.370752923013e+02
2.320726227760e+01	8.500000000000e+02	7.370752923013e+02
2.322659373283e+01	7.500000000000e+02	7.370752923013e+02
2.324758172035e+01	8.500000000000e+02	7.370752863354e+02
2.326648592949e+01	8.500000000000e+02	7.370752743392e+02
2.328713536263e+01	8.000000000000e+02	7.370752661799e+02
2.330711698532e+01	9.500000000000e+02	7.370752619226e+02
2.332714533806e+01	5.500000000000e+02	7.370752619226e+02
2.334659123421e+01	4.500000000000e+02	7.370752616083e+02
2.336652541161e+01	5.500000000000e+02	7.370752553234e+02
2.338681149483e+01	5.500000000000e+02	7.370752492719e+02
2.340753865242e+01	7.500000000000e+02	7.370752434370e+02
2.342648196220e+01	8.500000000000e+02	7.370752420426e+02
2.344742441177e+01	9.500000000000e+02	7.370752375469e+02
2.346663999557e+01	8.000000000000e+02	7.370752299999e+02
2.348718690872e+01	4.000000000000e+02	7.370752245758e+02
2.350652456284e+01	8.000000000000e+02	7.370752191515e+02
2.352766013145e+01	9.000000000000e+02	7.370752125218e+02
2.354757356644e+01	1.050000000000e+03	7.370752100291e+02
2.356747174263e+01	4.500000000000e+02	7.370752073687e+02
2.358683538437e+01	6.000000000000e+02	7.370752013661e+02
2.360695767403e+01	7.000000000000e+02	7.370751996474e+02
2.362697076797e+01	1.000000000000e+03	7.370751966550e+02
2.364661026001e+01	6.000000000000e+02	7.370751897760e+02
2.366656351089e+01	8.000000000000e+02	7.370751829150e+02
2.368705940247e+01	9.000000000000e+02	7.370751760081e+02
2.370678138733e+01	5.000000000000e+02	7.370751695910e+02
2.372664618492e+01	4.000000000000e+02	7.370751682252e+02
2.374706172943e+01	7.500000000000e+02	7.370751667987e+02
2.376676082611e+01	5.000000000000e+02	7.370751599364e+02
2.378670620918e+01	6.000000000000e+02	7.370751531289e+02
2.380665421486e+01	9.000000000000e+02	7.370751464139e+02
2.382656073570e+01	2.000000000000e+02	7.370751464139e+02
2.384718441963e+01	8.500000000000e+02	7.370751442657e+02
2.386716079712e+01	2.500000000000e+02	7.370751373696e+02
2.388753461838e+01	7.000000000000e+02	7.370751283922e+02
2.390725302696e+01	4.500000000000e+02	7.370751250829e+02
2.392695403099e+01	7.500000000000e+02	7.370751250829e+02
2.394678807259e+01	4.000000000000e+02	7.370751180144e+02
2.396718049049e+01	4.000000000000e+02	7.370751111258e+02
2.398664283752e+01	6.000000000000e+02	7.370751050112e+02
2.400794744492e+01	5.000000000000e+02	7.370751034903e+02
2.402648282051e+01	5.000000000000e+02	7.370751023915e+02
2.404741644859e+01	5.000000000000e+02	7.370750966310e+02
2.406751251221e+01	3.000000000000e+02	7.370750905070e+02
2.408690929413e+01	3.500000000000e+02	7.370750842388e+02
2.410659623146e+01	3.500000000000e+02	7.370750842388e+02
2.412670111656e+01	4.000000000000e+02	7.370750807842e+02
2.414665102959e+01	4.000000000000e+02	7.370750739548e+02
2.416662502289e+01	4.500000000000e+02	7.370750676081e+02
2.418718910217e+01	4.000000000000e+02	7.370750641130e+02
2.420653772354e+01	5.000000000000e+02	7.370750641130e+02
2.422704887390e+01	3.000000000000e+02	7.370750577300e+02
2.424688959122e+01	5.000000000000e+02	7.370750509933e+02
2.426666712761e+01	4.500000000000e+02	7.370750445412e+02
2.428682017326e+01	2.500000000000e+02	7.370750392070e+02
2.430653214455e+01	3.000000000000e+02	7.370750341918e+02
2.432743167877e+01	2.500000000000e+02	7.370750332523e+02
2.434718418121e+01	5.000000000000e+01	7.370750293625e+02
2.436667299271e+01	3.000000000000e+02	7.370750233397e+02
2.438735222816e+01	9.000000000000e+02	7.370750161609e+02
2.440663146973e+01	4.500000000000e+02	7.370750124166e+02
2.442745041847e+01	3.500000000000e+02	7.370750124166e+02
2.444678616524e+01	4.000000000000e+02	7.370750058525e+02
2.446662282944e+01	3.500000000000e+02	7.370749995156e+02
2.448820996284e+01	3.000000000000e+02	7.370749943058e+02
2.450715947151e+01	3.000000000000e+02	7.370749880766e+02
2.452710580826e+01	4.000000000000e+02	7.370749813945e+02
2.454707574844e+01	3.500000000000e+02	7.370749813945e+02
2.456730914116e+01	2.000000000000e+02	7.370749774204e+02
2.459065318108e+01	2.000000000000e+02	7.370749720394e+02
2.460649585724e+01	7.500000000000e+02	7.370749672449e+02
2.462707662582e+01	2.500000000000e+02	7.370749620849e+02
2.464711570740e+01	5.000000000000e+02	7.370749620849e+02
2.466672253609e+01	5.000000000000e+02	7.370749569193e+02
2.468662047386e+01	2.000000000000e+02	7.370749508821e+02
2.470663642883e+01	3.000000000000e+02	7.370749427878e+02
2.472721147537e+01	3.500000000000e+02	7.370749376288e+02
2.474733734131e+01	1.500000000000e+02	7.370749330755e+02
2.476732945442e+01	7.000000000000e+02	7.370749317215e+02
2.478729891777e+01	3.000000000000e+02	7.370749317215e+02
2.480724215508e+01	2.500000000000e+02	7.370749219273e+02
2.482701349258e+01	1.000000000000e+02	7.370749151309e+02
2.484696006775e+01	4.000000000000e+02	7.370749109637e+02
2.486690664291e+01	4.000000000000e+02	7.370749109637e+02
2.488685369492e+01	2.000000000000e+02	7.370749047275e+02
2.490680003166e+01	3.000000000000e+02	7.370748979372e+02
2.492713928223e+01	3.000000000000e+02	7.370748918489e+02
2.494709873199e+01	2.000000000000e+02	7.370748909529e+02
2.496705579758e+01	3.000000000000e+02	7.370748896854e+02
2.498779821396e+01	3.500000000000e+02	7.370748831091e+02
2.500708293915e+01	1.500000000000e+02	7.370748765467e+02
2.502718639374e+01	5.500000000000e+02	7.370748698316e+02
2.504719138145e+01	3.000000000000e+02	7.370748698316e+02
2.506697702408e+01	2.500000000000e+02	7.370748654698e+02
2.508662939072e+01	5.000000000000e+02	7.370748597210e+02
2.510648751259e+01	5.000000000000e+01	7.370748532433e+02
2.512694621086e+01	1.500000000000e+02	7.370748496791e+02
2.514698171616e+01	3.500000000000e+02	7.370748496791e+02
2.516694092751e+01	1.500000000000e+02	7.370748433927e+02
2.518718266487e+01	3.500000000000e+02	7.370748365681e+02
2.520725917816e+01	5.000000000000e+01	7.370748295879e+02
2.522722959518e+01	2.500000000000e+02	7.370748292308e+02
2.524718761444e+01	2.000000000000e+02	7.370748272093e+02
2.526713943481e+01	2.500000000000e+02	7.370748205072e+02
2.528714394569e+01	1.000000000000e+02	7.370748136715e+02
2.530710077286e+01	1.500000000000e+02	7.370748081841e+02
2.532719135284e+01	3.500000000000e+02	7.370748081841e+02
2.534690022469e+01	5.000000000000e+01	7.370748039861e+02
2.536663341522e+01	1.000000000000e+02	7.370747976535e+02
2.538762736320e+01	1.500000000000e+02	7.370747914586e+02
2.540741872787e+01	5.000000000000e+01	7.370747876735e+02
2.542640995979e+01	5.000000000000e+01	7.370747876735e+02
2.544738245010e+01	5.000000000000e+01	7.370747806044e+02
2.546718955040e+01	1.500000000000e+02	7.370747749317e+02
2.548713731766e+01	4.000000000000e+02	7.370747704729e+02
2.550715780258e+01	1.500000000000e+02	7.370747644642e+02
2.552717947960e+01	2.500000000000e+02	7.370747548610e+02
2.554694652557e+01	1.000000000000e+02	7.370747494108e+02
2.556656527519e+01	1.500000000000e+02	7.370747445630e+02
2.558749055862e+01	1.000000000000e+02	7.370747445630e+02
2.560718131065e+01	1.000000000000e+02	7.370747394657e+02
2.562718629837e+01	1.500000000000e+02	7.370747344277e+02
2.564737653732e+01	1.000000000000e+02	7.370747343206e+02
2.566776823997e+01	1.500000000000e+02	7.370747320806e+02
2.569203495979e+01	1.500000000000e+02	7.370747294149e+02
2.570896220207e+01	2.000000000000e+02	7.370747275554e+02
2.573094868660e+01	1.500000000000e+02	7.370747251402e+02
2.575690221786e+01	1.500000000000e+02	7.370747130687e+02
2.576842951775e+01	1.500000000000e+02	7.370747064800e+02
2.581033301353e+01	5.000000000000e+01	7.370746966011e+02
2.586232280731e+01	1.500000000000e+02	7.370746896839e+02
2.597204995155e+01	2.000000000000e+02	7.370746499737e+02
2.599402093887e+01	3.500000000000e+02	7.370746451741e+02
2.601596307755e+01	3.500000000000e+02	7.370746403807e+02
2.601693201065e+01	2.000000000000e+02	7.370746401690e+02
2.601693201065e+01	1.500000000000e+02	7.370746401690e+02
