#Saved Data from the class wavemeter_logger_logic on 22.11.2022 at 14h13m09s.
#
#Parameters:
#===========
#
#Start Time (s): 22.11.2022 14h:12min:41s
#Stop Time (s): 22.11.2022 14h:13min:09s
#
#Data:
#=====
#Measurement Time (s)	Signal (counts/s)	Interpolated Wavelength (nm)
3.989696502686e-03	1.700000000000e+03	7.370757289242e+02
2.593088150024e-02	1.300000000000e+03	7.370757289242e+02
4.467940330505e-02	2.150000000000e+03	7.370757289242e+02
6.444168090820e-02	2.150000000000e+03	7.370757289242e+02
8.473277091980e-02	2.400000000000e+03	7.370757289242e+02
1.045763492584e-01	1.850000000000e+03	7.370757289242e+02
1.299448013306e-01	1.950000000000e+03	7.370757289270e+02
1.500101089478e-01	2.650000000000e+03	7.370757289413e+02
1.671240329742e-01	1.700000000000e+03	7.370757289654e+02
2.000722885132e-01	2.000000000000e+03	7.370757290117e+02
3.509380817413e-01	2.350000000000e+03	7.370757292241e+02
3.970606327057e-01	2.300000000000e+03	7.370757295472e+02
3.980302810669e-01	1.850000000000e+03	7.370757295540e+02
3.990385532379e-01	1.600000000000e+03	7.370757295611e+02
4.000585079193e-01	2.250000000000e+03	7.370757295682e+02
4.000585079193e-01	2.750000000000e+03	7.370757295682e+02
4.010229110718e-01	2.200000000000e+03	7.370757295424e+02
4.010229110718e-01	1.900000000000e+03	7.370757295424e+02
4.010229110718e-01	1.950000000000e+03	7.370757295424e+02
4.010229110718e-01	2.250000000000e+03	7.370757295424e+02
4.070069789886e-01	2.100000000000e+03	7.370757293824e+02
4.239614009857e-01	2.350000000000e+03	7.370757291689e+02
4.450783729553e-01	2.250000000000e+03	7.370757291689e+02
4.640276432037e-01	2.100000000000e+03	7.370757293654e+02
4.839920997620e-01	1.850000000000e+03	7.370757294691e+02
5.049185752869e-01	1.500000000000e+03	7.370757293976e+02
5.240268707275e-01	2.050000000000e+03	7.370757293939e+02
5.439698696136e-01	2.150000000000e+03	7.370757294179e+02
5.642817020416e-01	2.250000000000e+03	7.370757294876e+02
5.846621990204e-01	1.900000000000e+03	7.370757294561e+02
6.046862602234e-01	2.000000000000e+03	7.370757294212e+02
6.247351169586e-01	2.450000000000e+03	7.370757294212e+02
6.447560787201e-01	2.200000000000e+03	7.370757300080e+02
6.647739410400e-01	1.650000000000e+03	7.370757311352e+02
6.847212314606e-01	2.600000000000e+03	7.370757351264e+02
7.046699523926e-01	1.750000000000e+03	7.370757369223e+02
7.247099876404e-01	1.800000000000e+03	7.370757369223e+02
7.447130680084e-01	1.800000000000e+03	7.370757419072e+02
7.645299434662e-01	1.650000000000e+03	7.370757472805e+02
7.848322391510e-01	2.000000000000e+03	7.370757533165e+02
8.051366806030e-01	1.800000000000e+03	7.370757536136e+02
8.247210979462e-01	2.200000000000e+03	7.370757561786e+02
8.449618816376e-01	2.450000000000e+03	7.370757621836e+02
8.640427589417e-01	2.450000000000e+03	7.370757681840e+02
8.842825889587e-01	2.050000000000e+03	7.370757723823e+02
9.041709899902e-01	2.050000000000e+03	7.370757723823e+02
9.241392612457e-01	2.050000000000e+03	7.370757769311e+02
9.441249370575e-01	2.100000000000e+03	7.370757830837e+02
9.641516208649e-01	1.400000000000e+03	7.370757897413e+02
9.845764636993e-01	1.950000000000e+03	7.370757954965e+02
1.004917383194e+00	2.200000000000e+03	7.370758008016e+02
1.025462150574e+00	6.500000000000e+02	7.370758055302e+02
1.044998884201e+00	0.000000000000e+00	7.370758099851e+02
1.064948797226e+00	0.000000000000e+00	7.370758106671e+02
1.084891319275e+00	1.100000000000e+03	7.370758156392e+02
1.104162693024e+00	1.850000000000e+03	7.370758206957e+02
1.124894857407e+00	1.600000000000e+03	7.370758209572e+02
1.144712448120e+00	1.700000000000e+03	7.370758252984e+02
1.164460420609e+00	1.950000000000e+03	7.370758307862e+02
1.185163497925e+00	2.150000000000e+03	7.370758379724e+02
1.204141378403e+00	1.650000000000e+03	7.370758439014e+02
1.225025653839e+00	1.700000000000e+03	7.370758494556e+02
1.244833230972e+00	1.600000000000e+03	7.370758512509e+02
1.264016389847e+00	1.600000000000e+03	7.370758537311e+02
1.285082578659e+00	1.650000000000e+03	7.370758602388e+02
1.304811477661e+00	1.700000000000e+03	7.370758660666e+02
1.324680566788e+00	2.500000000000e+02	7.370758714410e+02
1.344735860825e+00	1.100000000000e+03	7.370758714410e+02
1.364789247513e+00	1.600000000000e+03	7.370758737181e+02
1.384162664413e+00	1.350000000000e+03	7.370758814070e+02
1.404193162918e+00	1.200000000000e+03	7.370758894402e+02
1.424090385437e+00	1.450000000000e+03	7.370758914210e+02
1.444696903229e+00	1.450000000000e+03	7.370758929115e+02
1.464026689529e+00	1.350000000000e+03	7.370758989967e+02
1.490132331848e+00	1.250000000000e+03	7.370759064284e+02
1.507079362869e+00	1.500000000000e+03	7.370759110217e+02
1.524381875992e+00	1.450000000000e+03	7.370759110217e+02
1.544839859009e+00	1.450000000000e+03	7.370759136779e+02
1.564774751663e+00	1.300000000000e+03	7.370759197094e+02
1.585090875626e+00	1.150000000000e+03	7.370759269686e+02
1.604059696198e+00	8.000000000000e+02	7.370759310889e+02
1.624698162079e+00	1.750000000000e+03	7.370759310889e+02
1.645472049713e+00	9.000000000000e+02	7.370759364993e+02
1.664355278015e+00	1.100000000000e+03	7.370759431337e+02
1.684356451035e+00	1.250000000000e+03	7.370759492622e+02
1.704663038254e+00	1.350000000000e+03	7.370759507120e+02
1.724143743515e+00	1.100000000000e+03	7.370759517929e+02
1.744064331055e+00	8.500000000000e+02	7.370759571710e+02
1.764985799789e+00	1.350000000000e+03	7.370759634350e+02
1.784933328629e+00	1.100000000000e+03	7.370759700519e+02
1.806192636490e+00	1.050000000000e+03	7.370759769386e+02
1.824227094650e+00	1.250000000000e+03	7.370759805150e+02
1.844153165817e+00	1.500000000000e+03	7.370759805150e+02
1.865091800690e+00	1.450000000000e+03	7.370759859150e+02
1.884125471115e+00	6.000000000000e+02	7.370759915273e+02
1.906683683395e+00	1.350000000000e+03	7.370759976696e+02
1.924705505371e+00	7.500000000000e+02	7.370760003741e+02
1.945106744766e+00	1.150000000000e+03	7.370760014507e+02
1.964430570602e+00	7.500000000000e+02	7.370760083380e+02
1.985083580017e+00	8.500000000000e+02	7.370760149536e+02
2.004700422287e+00	5.500000000000e+02	7.370760205889e+02
2.024643659592e+00	1.000000000000e+03	7.370760205889e+02
2.044783115387e+00	1.100000000000e+03	7.370760243633e+02
2.064435720444e+00	8.000000000000e+02	7.370760312377e+02
2.084359407425e+00	1.450000000000e+03	7.370760376104e+02
2.104294776917e+00	8.000000000000e+02	7.370760411229e+02
2.124435424805e+00	6.000000000000e+02	7.370760411229e+02
2.144881486893e+00	9.000000000000e+02	7.370760450273e+02
2.164826393127e+00	1.150000000000e+03	7.370760497541e+02
2.184266090393e+00	9.500000000000e+02	7.370760557550e+02
2.204112052917e+00	9.500000000000e+02	7.370760625773e+02
2.224749803543e+00	8.000000000000e+02	7.370760691705e+02
2.244710206985e+00	4.500000000000e+02	7.370760753337e+02
2.264718294144e+00	9.000000000000e+02	7.370760813598e+02
2.285284280777e+00	5.000000000000e+02	7.370760816609e+02
2.304436445236e+00	3.000000000000e+02	7.370760864431e+02
2.324923276901e+00	5.000000000000e+02	7.370760934746e+02
2.343953609467e+00	8.000000000000e+02	7.370760984526e+02
2.364896774292e+00	6.000000000000e+02	7.370761018444e+02
2.384847402573e+00	5.500000000000e+02	7.370761018444e+02
2.404270410538e+00	8.500000000000e+02	7.370761084585e+02
2.425133943558e+00	8.500000000000e+02	7.370761116543e+02
2.444083929062e+00	5.000000000000e+02	7.370761122914e+02
2.464538335800e+00	4.500000000000e+02	7.370761188253e+02
2.484461784363e+00	7.000000000000e+02	7.370761254742e+02
2.504126071930e+00	4.000000000000e+02	7.370761315685e+02
2.524048089981e+00	5.000000000000e+02	7.370761315685e+02
2.544802427292e+00	4.500000000000e+02	7.370761341176e+02
2.564700126648e+00	8.000000000000e+02	7.370761399021e+02
2.584208726883e+00	7.000000000000e+02	7.370761465423e+02
2.604713916779e+00	5.500000000000e+02	7.370761533567e+02
2.624848127365e+00	6.500000000000e+02	7.370761590347e+02
2.644457340240e+00	8.500000000000e+02	7.370761613898e+02
2.664153337479e+00	7.000000000000e+02	7.370761613898e+02
2.684026002884e+00	4.500000000000e+02	7.370761696208e+02
2.705081701279e+00	6.500000000000e+02	7.370761715981e+02
2.724739313126e+00	1.000000000000e+03	7.370761730554e+02
2.744704246521e+00	8.000000000000e+02	7.370761795299e+02
2.764749526978e+00	9.000000000000e+02	7.370761860296e+02
2.784931182861e+00	5.500000000000e+02	7.370761925526e+02
2.805028915405e+00	4.500000000000e+02	7.370761986580e+02
2.825620651245e+00	7.000000000000e+02	7.370762026045e+02
2.844570398331e+00	5.500000000000e+02	7.370762026045e+02
2.864476442337e+00	5.500000000000e+02	7.370762078007e+02
2.884039163589e+00	3.500000000000e+02	7.370762141161e+02
2.904307126999e+00	7.000000000000e+02	7.370762203035e+02
2.925672292709e+00	3.500000000000e+02	7.370762269119e+02
2.945229053497e+00	4.500000000000e+02	7.370762330196e+02
2.964416027069e+00	4.500000000000e+02	7.370762336420e+02
2.984743118286e+00	2.500000000000e+02	7.370762372492e+02
3.004351854324e+00	5.500000000000e+02	7.370762429773e+02
3.025467634201e+00	4.000000000000e+02	7.370762510586e+02
3.044730663300e+00	2.500000000000e+02	7.370762541951e+02
3.064152002335e+00	5.000000000000e+02	7.370762541951e+02
3.085037231445e+00	3.000000000000e+02	7.370762604389e+02
3.104779005051e+00	4.000000000000e+02	7.370762665573e+02
3.125225543976e+00	3.000000000000e+02	7.370762726477e+02
3.145140886307e+00	4.000000000000e+02	7.370762753122e+02
3.164100170135e+00	7.000000000000e+02	7.370762766649e+02
3.184144258499e+00	4.500000000000e+02	7.370762834445e+02
3.204616069794e+00	2.500000000000e+02	7.370762899916e+02
3.224552631378e+00	7.000000000000e+02	7.370762959044e+02
3.244499444962e+00	4.500000000000e+02	7.370762959044e+02
3.264571189880e+00	3.500000000000e+02	7.370762997425e+02
3.284537076950e+00	3.500000000000e+02	7.370763059636e+02
3.304169416428e+00	4.000000000000e+02	7.370763099189e+02
3.324519634247e+00	5.000000000000e+02	7.370763140189e+02
3.344560861588e+00	4.500000000000e+02	7.370763153977e+02
3.364760875702e+00	6.000000000000e+02	7.370763218343e+02
3.384663105011e+00	2.500000000000e+02	7.370763272463e+02
3.404434442520e+00	3.000000000000e+02	7.370763313333e+02
3.424154281616e+00	6.000000000000e+02	7.370763354097e+02
3.444954872131e+00	7.000000000000e+02	7.370763371857e+02
3.464347124100e+00	6.000000000000e+02	7.370763421005e+02
3.484080314636e+00	5.000000000000e+02	7.370763481303e+02
3.504433870316e+00	4.000000000000e+02	7.370763554406e+02
3.524243116379e+00	4.000000000000e+02	7.370763588461e+02
3.544544696808e+00	2.500000000000e+02	7.370763623362e+02
3.564491510391e+00	5.000000000000e+02	7.370763647404e+02
3.584460020065e+00	1.000000000000e+02	7.370763695253e+02
3.604169607162e+00	2.000000000000e+02	7.370763744986e+02
3.624765396118e+00	4.000000000000e+02	7.370763842540e+02
3.644711494446e+00	3.500000000000e+02	7.370763847481e+02
3.664089202881e+00	6.500000000000e+02	7.370763863621e+02
3.684773206711e+00	2.500000000000e+02	7.370763919414e+02
3.704739093781e+00	6.000000000000e+02	7.370763979180e+02
3.725663185120e+00	6.500000000000e+02	7.370764051102e+02
3.744635820389e+00	4.500000000000e+02	7.370764054531e+02
3.764579772949e+00	2.000000000000e+02	7.370764066332e+02
3.784947633743e+00	1.500000000000e+02	7.370764146127e+02
3.804908514023e+00	4.500000000000e+02	7.370764206285e+02
3.825132608414e+00	5.500000000000e+02	7.370764265521e+02
3.844081878662e+00	5.000000000000e+01	7.370764326142e+02
3.864926338196e+00	2.500000000000e+02	7.370764358580e+02
3.884872674942e+00	1.500000000000e+02	7.370764370198e+02
3.904329061508e+00	2.500000000000e+02	7.370764426975e+02
3.924272775650e+00	6.000000000000e+02	7.370764461890e+02
3.944219827652e+00	4.500000000000e+02	7.370764461890e+02
3.964545965195e+00	3.000000000000e+02	7.370764461890e+02
3.985407352448e+00	2.500000000000e+02	7.370764529724e+02
4.004997491837e+00	3.000000000000e+02	7.370764673044e+02
4.027178525925e+00	2.000000000000e+02	7.370764736242e+02
4.046106815338e+00	3.000000000000e+02	7.370764778793e+02
4.064151525497e+00	3.000000000000e+02	7.370764778793e+02
4.084157228470e+00	4.500000000000e+02	7.370764826452e+02
4.104660034180e+00	1.000000000000e+02	7.370764905429e+02
4.124502420425e+00	4.500000000000e+02	7.370764953961e+02
4.144423484802e+00	3.500000000000e+02	7.370764975855e+02
4.164775371552e+00	1.500000000000e+02	7.370764990520e+02
4.185384511948e+00	4.500000000000e+02	7.370765066597e+02
4.204550504684e+00	2.000000000000e+02	7.370765133661e+02
4.224037885666e+00	1.000000000000e+02	7.370765199879e+02
4.245096445084e+00	2.000000000000e+02	7.370765274632e+02
4.264707565308e+00	2.500000000000e+02	7.370765305306e+02
4.284655332565e+00	1.500000000000e+02	7.370765308928e+02
4.304601907730e+00	2.000000000000e+02	7.370765381342e+02
4.324767351151e+00	2.500000000000e+02	7.370765450061e+02
4.344775199890e+00	3.000000000000e+02	7.370765514224e+02
4.364759683609e+00	2.500000000000e+02	7.370765516048e+02
4.384830951691e+00	2.000000000000e+02	7.370765516048e+02
4.404071569443e+00	2.000000000000e+02	7.370765560209e+02
4.425114870071e+00	1.500000000000e+02	7.370765634645e+02
4.444172143936e+00	1.500000000000e+02	7.370765701578e+02
4.465107202530e+00	5.000000000000e+01	7.370765729621e+02
4.484575748444e+00	1.000000000000e+02	7.370765759505e+02
4.504161596298e+00	3.500000000000e+02	7.370765806374e+02
4.524331569672e+00	3.500000000000e+02	7.370765867533e+02
4.544590950012e+00	1.500000000000e+02	7.370765937760e+02
4.564337015152e+00	1.000000000000e+02	7.370765937760e+02
4.584333896637e+00	1.000000000000e+02	7.370765982963e+02
4.605742931366e+00	4.000000000000e+02	7.370766036008e+02
4.624777317047e+00	2.500000000000e+02	7.370766111442e+02
4.644721508026e+00	3.500000000000e+02	7.370766187343e+02
4.664668083191e+00	2.000000000000e+02	7.370766256654e+02
4.684646368027e+00	2.000000000000e+02	7.370766260124e+02
4.704806089401e+00	1.500000000000e+02	7.370766293927e+02
4.724160194397e+00	1.500000000000e+02	7.370766365264e+02
4.745106458664e+00	2.000000000000e+02	7.370766434548e+02
4.764671325684e+00	2.500000000000e+02	7.370766478805e+02
4.784176111221e+00	2.500000000000e+02	7.370766478805e+02
4.804147005081e+00	2.000000000000e+02	7.370766548379e+02
4.825201034546e+00	3.500000000000e+02	7.370766629042e+02
4.844727993011e+00	3.500000000000e+02	7.370766689577e+02
4.864295244217e+00	1.500000000000e+02	7.370766704967e+02
4.884581565857e+00	2.000000000000e+02	7.370766718604e+02
4.904702186584e+00	1.500000000000e+02	7.370766787378e+02
4.924590826035e+00	2.000000000000e+02	7.370766856619e+02
4.946745872498e+00	2.000000000000e+02	7.370766931190e+02
4.964699506760e+00	1.500000000000e+02	7.370766931190e+02
4.984732389450e+00	1.500000000000e+02	7.370766964574e+02
5.004591941833e+00	2.500000000000e+02	7.370767031111e+02
5.024606227875e+00	5.000000000000e+01	7.370767102459e+02
5.045608282089e+00	2.000000000000e+02	7.370767148033e+02
5.064725637436e+00	2.000000000000e+02	7.370767148033e+02
5.084737777710e+00	2.500000000000e+02	7.370767207975e+02
5.104758024216e+00	2.500000000000e+02	7.370767277438e+02
5.125096082687e+00	2.000000000000e+02	7.370767350850e+02
5.147145748138e+00	2.500000000000e+02	7.370767368835e+02
5.164066076279e+00	1.500000000000e+02	7.370767382639e+02
5.184736728668e+00	3.500000000000e+02	7.370767453732e+02
5.204805850983e+00	0.000000000000e+00	7.370767526021e+02
5.224166631699e+00	1.000000000000e+02	7.370767581388e+02
5.244607210159e+00	3.000000000000e+02	7.370767581388e+02
5.264649391174e+00	1.000000000000e+02	7.370767629170e+02
5.284151077271e+00	3.000000000000e+02	7.370767695105e+02
5.304787635803e+00	1.500000000000e+02	7.370767761612e+02
5.324814081192e+00	2.500000000000e+02	7.370767826506e+02
5.345429182053e+00	1.500000000000e+02	7.370767893580e+02
5.364365577698e+00	3.500000000000e+02	7.370767893580e+02
5.384811878204e+00	2.000000000000e+02	7.370767910142e+02
5.405535697937e+00	1.500000000000e+02	7.370767956023e+02
5.424166440964e+00	2.500000000000e+02	7.370767999566e+02
5.444378614426e+00	1.500000000000e+02	7.370768067555e+02
5.464355468750e+00	1.000000000000e+02	7.370768136875e+02
5.484153985977e+00	3.500000000000e+02	7.370768207670e+02
5.504056215286e+00	2.000000000000e+02	7.370768207670e+02
5.524666547775e+00	2.000000000000e+02	7.370768277608e+02
5.544165611267e+00	1.500000000000e+02	7.370768338664e+02
5.565318346024e+00	2.000000000000e+02	7.370768392582e+02
5.583761692047e+00	0.000000000000e+00	7.370768420286e+02
5.604364156723e+00	3.500000000000e+02	7.370768420286e+02
5.625148296356e+00	2.000000000000e+02	7.370768483412e+02
5.644148349762e+00	5.000000000000e+01	7.370768548731e+02
5.666089296341e+00	0.000000000000e+00	7.370768629900e+02
5.684166669846e+00	5.000000000000e+01	7.370768633588e+02
5.704534530640e+00	2.000000000000e+02	7.370768678281e+02
5.724652528763e+00	1.500000000000e+02	7.370768736384e+02
5.744994640350e+00	5.000000000000e+01	7.370768792221e+02
5.764651060104e+00	1.000000000000e+02	7.370768846814e+02
5.784122228622e+00	2.000000000000e+02	7.370768915331e+02
5.804727315903e+00	1.000000000000e+02	7.370768947108e+02
5.825164079666e+00	5.000000000000e+01	7.370768947108e+02
5.844945907593e+00	1.500000000000e+02	7.370769013380e+02
5.864896059036e+00	2.000000000000e+02	7.370769086960e+02
5.884699106216e+00	3.000000000000e+02	7.370769158568e+02
5.904064178467e+00	1.500000000000e+02	7.370769166306e+02
5.924490690231e+00	1.000000000000e+02	7.370769200928e+02
5.944460391998e+00	1.500000000000e+02	7.370769257039e+02
5.964196920395e+00	3.000000000000e+02	7.370769325943e+02
5.984835386276e+00	2.500000000000e+02	7.370769375903e+02
6.004791498184e+00	1.500000000000e+02	7.370769375903e+02
6.024999141693e+00	5.000000000000e+01	7.370769430950e+02
6.045598506927e+00	5.000000000000e+01	7.370769504862e+02
6.064531803131e+00	5.000000000000e+01	7.370769582655e+02
6.084486007690e+00	1.000000000000e+02	7.370769586678e+02
6.104857683182e+00	5.000000000000e+01	7.370769603945e+02
6.124721527100e+00	1.000000000000e+02	7.370769689932e+02
6.144347667694e+00	5.000000000000e+01	7.370769749183e+02
6.165012359619e+00	1.500000000000e+02	7.370769808842e+02
6.185452461243e+00	5.000000000000e+01	7.370769808842e+02
6.204440116882e+00	1.500000000000e+02	7.370769840665e+02
6.224241733551e+00	1.500000000000e+02	7.370769927485e+02
6.244357347488e+00	3.500000000000e+02	7.370769989350e+02
6.264359474182e+00	0.000000000000e+00	7.370770035452e+02
6.284771442413e+00	1.000000000000e+02	7.370770035452e+02
6.304985523224e+00	1.500000000000e+02	7.370770090867e+02
6.324953317642e+00	2.000000000000e+02	7.370770156595e+02
6.344618558884e+00	5.000000000000e+01	7.370770234511e+02
6.364819049835e+00	1.500000000000e+02	7.370770250688e+02
6.384681224823e+00	0.000000000000e+00	7.370770276373e+02
6.404513120651e+00	1.000000000000e+02	7.370770340772e+02
6.424488067627e+00	1.000000000000e+02	7.370770407992e+02
6.443972110748e+00	0.000000000000e+00	7.370770465825e+02
6.464098691940e+00	1.500000000000e+02	7.370770479804e+02
6.484516859055e+00	2.000000000000e+02	7.370770485731e+02
6.504077196121e+00	5.000000000000e+01	7.370770485731e+02
6.524706840515e+00	2.500000000000e+02	7.370770458817e+02
6.544776439667e+00	2.500000000000e+02	7.370770424515e+02
6.564909458160e+00	5.000000000000e+01	7.370770381296e+02
6.584539175034e+00	1.000000000000e+02	7.370770379154e+02
6.604814767838e+00	5.000000000000e+01	7.370770357931e+02
6.624164104462e+00	1.000000000000e+02	7.370770310521e+02
6.644725561142e+00	0.000000000000e+00	7.370770251409e+02
6.663983345032e+00	5.000000000000e+01	7.370770201926e+02
6.684695482254e+00	1.500000000000e+02	7.370770161972e+02
6.704127788544e+00	0.000000000000e+00	7.370770128305e+02
6.724772691727e+00	2.500000000000e+02	7.370770128305e+02
6.744462013245e+00	5.000000000000e+01	7.370770088238e+02
6.764408349991e+00	2.000000000000e+02	7.370770028884e+02
6.784377813339e+00	1.000000000000e+02	7.370769978986e+02
6.804302930832e+00	2.000000000000e+02	7.370769956539e+02
6.824248313904e+00	2.000000000000e+02	7.370769931206e+02
6.844722986221e+00	1.500000000000e+02	7.370769879183e+02
6.864845037460e+00	1.000000000000e+02	7.370769825383e+02
6.884713172913e+00	0.000000000000e+00	7.370769781237e+02
6.904205083847e+00	5.000000000000e+01	7.370769781237e+02
6.924471855164e+00	5.000000000000e+01	7.370769749804e+02
6.944536924362e+00	2.500000000000e+02	7.370769697929e+02
6.964042186737e+00	1.000000000000e+02	7.370769637241e+02
6.984732389450e+00	2.000000000000e+02	7.370769600400e+02
7.004027128220e+00	1.500000000000e+02	7.370769595478e+02
7.024834871292e+00	2.000000000000e+02	7.370769544263e+02
7.044807434082e+00	5.000000000000e+01	7.370769488412e+02
7.065124988556e+00	1.000000000000e+02	7.370769421630e+02
7.084187269211e+00	0.000000000000e+00	7.370769421630e+02
7.105699539185e+00	1.500000000000e+02	7.370769407183e+02
7.124765396118e+00	1.000000000000e+02	7.370769354373e+02
7.144788265228e+00	3.000000000000e+02	7.370769295270e+02
7.164735078812e+00	5.000000000000e+01	7.370769243535e+02
7.184708356857e+00	1.000000000000e+02	7.370769243535e+02
7.205549955368e+00	1.500000000000e+02	7.370769204107e+02
7.225045681000e+00	1.500000000000e+02	7.370769144055e+02
7.244811296463e+00	1.500000000000e+02	7.370769082811e+02
7.264103889465e+00	5.000000000000e+01	7.370769030605e+02
7.285170316696e+00	1.500000000000e+02	7.370768979793e+02
7.304137468338e+00	0.000000000000e+00	7.370768970082e+02
7.325240850449e+00	2.000000000000e+02	7.370768947285e+02
7.344191789627e+00	1.000000000000e+02	7.370768885478e+02
7.365164041519e+00	2.000000000000e+02	7.370768820861e+02
7.385261058807e+00	5.000000000000e+01	7.370768784342e+02
7.404265165329e+00	5.000000000000e+01	7.370768784342e+02
7.424155712128e+00	2.500000000000e+02	7.370768742022e+02
7.444710969925e+00	2.500000000000e+02	7.370768679198e+02
7.464702606201e+00	1.000000000000e+02	7.370768617146e+02
7.484049797058e+00	1.000000000000e+02	7.370768568674e+02
7.504986763000e+00	1.000000000000e+02	7.370768523224e+02
7.524945020676e+00	2.000000000000e+02	7.370768499435e+02
7.544543266296e+00	2.500000000000e+02	7.370768499435e+02
7.565543174744e+00	5.000000000000e+01	7.370768449900e+02
7.584534406662e+00	2.000000000000e+02	7.370768398429e+02
7.605054140091e+00	0.000000000000e+00	7.370768321918e+02
7.624819755554e+00	5.000000000000e+01	7.370768309835e+02
7.644742250443e+00	2.000000000000e+02	7.370768291733e+02
7.664819478989e+00	1.500000000000e+02	7.370768232814e+02
7.684194326401e+00	5.000000000000e+01	7.370768178850e+02
7.704833984375e+00	1.500000000000e+02	7.370768121694e+02
7.725122690201e+00	1.000000000000e+02	7.370768058764e+02
7.744704961777e+00	5.000000000000e+01	7.370768037295e+02
7.764510154724e+00	2.000000000000e+02	7.370768020041e+02
7.784240245819e+00	1.500000000000e+02	7.370767934675e+02
7.804173707962e+00	2.500000000000e+02	7.370767934675e+02
7.824839115143e+00	1.000000000000e+02	7.370767912894e+02
7.845063686371e+00	1.000000000000e+02	7.370767862104e+02
7.864008903503e+00	5.000000000000e+01	7.370767810545e+02
7.884938716888e+00	1.500000000000e+02	7.370767750399e+02
7.904879808426e+00	2.000000000000e+02	7.370767684502e+02
7.924397706985e+00	5.000000000000e+01	7.370767646750e+02
7.945276737213e+00	3.500000000000e+02	7.370767646750e+02
7.964300632477e+00	1.500000000000e+02	7.370767595649e+02
7.984143495560e+00	1.000000000000e+02	7.370767518394e+02
8.004700660706e+00	5.000000000000e+01	7.370767453320e+02
8.024263143539e+00	3.000000000000e+02	7.370767447458e+02
8.044924974442e+00	2.500000000000e+02	7.370767409708e+02
8.064599275589e+00	2.000000000000e+02	7.370767349547e+02
8.084212303162e+00	1.500000000000e+02	7.370767291273e+02
8.104819774628e+00	1.000000000000e+02	7.370767249453e+02
8.124853849411e+00	2.000000000000e+02	7.370767249453e+02
8.145195484161e+00	1.500000000000e+02	7.370767194784e+02
8.164540290833e+00	1.000000000000e+02	7.370767132090e+02
8.184132099152e+00	2.500000000000e+02	7.370767075377e+02
8.204794406891e+00	5.000000000000e+01	7.370767044766e+02
8.224863529205e+00	1.000000000000e+02	7.370767044766e+02
8.244810342789e+00	1.000000000000e+02	7.370766964340e+02
8.264756441116e+00	1.500000000000e+02	7.370766899150e+02
8.285897731781e+00	3.500000000000e+02	7.370766836972e+02
8.305050134659e+00	3.000000000000e+02	7.370766836972e+02
8.324849128723e+00	0.000000000000e+00	7.370766812299e+02
8.344680070877e+00	2.000000000000e+02	7.370766756857e+02
8.364843845367e+00	1.000000000000e+02	7.370766695043e+02
8.384190797806e+00	1.000000000000e+02	7.370766639458e+02
8.405403375626e+00	3.500000000000e+02	7.370766639458e+02
8.424678087234e+00	5.000000000000e+01	7.370766602672e+02
8.445511341095e+00	1.000000000000e+02	7.370766541685e+02
8.464817762375e+00	4.000000000000e+02	7.370766466685e+02
8.486180543900e+00	1.500000000000e+02	7.370766393181e+02
8.505129575729e+00	2.000000000000e+02	7.370766334787e+02
8.524714708328e+00	2.000000000000e+02	7.370766334787e+02
8.544106483459e+00	2.000000000000e+02	7.370766334787e+02
8.565639495850e+00	1.500000000000e+02	7.370766334787e+02
8.585232257843e+00	5.000000000000e+01	7.370766221450e+02
8.604205846786e+00	2.000000000000e+02	7.370766134518e+02
8.624174118042e+00	1.500000000000e+02	7.370766134518e+02
8.645550251007e+00	1.500000000000e+02	7.370766084404e+02
8.665276288986e+00	2.500000000000e+02	7.370766023924e+02
8.684958696365e+00	0.000000000000e+00	7.370765956890e+02
8.704904079437e+00	1.000000000000e+02	7.370765936632e+02
8.724125385284e+00	1.000000000000e+02	7.370765926529e+02
8.744704246521e+00	2.000000000000e+02	7.370765857051e+02
8.764812469482e+00	2.000000000000e+02	7.370765794822e+02
8.784278631210e+00	1.500000000000e+02	7.370765740684e+02
8.804738521576e+00	1.500000000000e+02	7.370765740684e+02
8.824781417847e+00	3.500000000000e+02	7.370765710115e+02
8.845518112183e+00	1.500000000000e+02	7.370765652525e+02
8.864249229431e+00	1.500000000000e+02	7.370765587122e+02
8.884687423706e+00	3.000000000000e+02	7.370765538323e+02
8.905121088028e+00	2.000000000000e+02	7.370765538323e+02
8.924787998199e+00	2.000000000000e+02	7.370765492047e+02
8.944241285324e+00	2.000000000000e+02	7.370765426961e+02
8.964216947556e+00	1.500000000000e+02	7.370765362656e+02
8.985377788544e+00	2.500000000000e+02	7.370765340274e+02
9.004599094391e+00	3.500000000000e+02	7.370765330613e+02
9.024816513062e+00	2.500000000000e+02	7.370765265744e+02
9.044770479202e+00	1.000000000000e+02	7.370765209291e+02
9.065604925156e+00	2.000000000000e+02	7.370765154955e+02
9.085005283356e+00	3.000000000000e+02	7.370765100161e+02
9.104645252228e+00	5.000000000000e+01	7.370765066705e+02
9.124775409698e+00	1.500000000000e+02	7.370765066705e+02
9.145687103271e+00	1.500000000000e+02	7.370765008059e+02
9.164875507355e+00	3.000000000000e+02	7.370764944069e+02
9.184442996979e+00	1.000000000000e+02	7.370764885717e+02
9.204740285873e+00	2.500000000000e+02	7.370764829100e+02
9.224824905396e+00	1.500000000000e+02	7.370764776082e+02
9.244170665741e+00	3.000000000000e+02	7.370764754695e+02
9.264301061630e+00	2.500000000000e+02	7.370764731748e+02
9.284040927887e+00	2.000000000000e+02	7.370764676126e+02
9.304681301117e+00	4.500000000000e+02	7.370764599752e+02
9.324627161026e+00	3.000000000000e+02	7.370764550753e+02
9.344550848007e+00	5.000000000000e+01	7.370764550753e+02
9.364323616028e+00	2.000000000000e+02	7.370764522575e+02
9.384463310242e+00	2.500000000000e+02	7.370764459482e+02
9.404802799225e+00	4.500000000000e+02	7.370764375739e+02
9.424710273743e+00	2.500000000000e+02	7.370764360244e+02
9.445570945740e+00	3.500000000000e+02	7.370764360244e+02
9.464770793915e+00	3.000000000000e+02	7.370764285273e+02
9.484737634659e+00	2.500000000000e+02	7.370764226186e+02
9.504240751266e+00	6.000000000000e+02	7.370764175968e+02
9.525033950806e+00	1.500000000000e+02	7.370764170772e+02
9.544498682022e+00	5.500000000000e+02	7.370764145100e+02
9.564531326294e+00	4.500000000000e+02	7.370764086917e+02
9.584741115570e+00	2.000000000000e+02	7.370764026631e+02
9.604753971100e+00	2.500000000000e+02	7.370763977381e+02
9.624821901321e+00	2.500000000000e+02	7.370763977381e+02
9.645692586899e+00	3.500000000000e+02	7.370763937565e+02
9.664608955383e+00	4.000000000000e+02	7.370763881670e+02
9.684929132462e+00	3.500000000000e+02	7.370763803204e+02
9.704875707626e+00	3.500000000000e+02	7.370763744636e+02
9.725480318069e+00	2.000000000000e+02	7.370763691545e+02
9.744783639908e+00	4.000000000000e+02	7.370763691545e+02
9.764365196228e+00	5.000000000000e+02	7.370763661403e+02
9.785266876221e+00	4.500000000000e+02	7.370763604687e+02
9.804719924927e+00	1.500000000000e+02	7.370763538709e+02
9.824706792831e+00	3.000000000000e+02	7.370763494689e+02
9.844715356827e+00	4.000000000000e+02	7.370763494689e+02
9.864145994186e+00	6.500000000000e+02	7.370763443275e+02
9.884728908539e+00	3.000000000000e+02	7.370763378295e+02
9.904763936996e+00	5.000000000000e+02	7.370763313070e+02
9.925696372986e+00	1.000000000000e+02	7.370763294200e+02
9.944820880890e+00	1.500000000000e+02	7.370763286612e+02
9.965633392334e+00	4.500000000000e+02	7.370763226593e+02
9.984776973724e+00	5.500000000000e+02	7.370763176976e+02
1.000652551651e+01	3.000000000000e+02	7.370763126212e+02
1.002450585365e+01	2.000000000000e+02	7.370763096026e+02
1.004453849792e+01	5.500000000000e+02	7.370763065441e+02
1.006467866898e+01	3.500000000000e+02	7.370763003880e+02
1.008491134644e+01	3.000000000000e+02	7.370762938027e+02
1.010430288315e+01	7.000000000000e+02	7.370762898548e+02
1.012446308136e+01	4.500000000000e+02	7.370762898548e+02
1.014512300491e+01	5.000000000000e+02	7.370762842426e+02
1.016449213028e+01	6.500000000000e+02	7.370762779631e+02
1.018483734131e+01	1.500000000000e+02	7.370762713349e+02
1.020561432838e+01	4.000000000000e+02	7.370762649174e+02
1.022458362579e+01	5.000000000000e+02	7.370762597716e+02
1.024405145645e+01	5.000000000000e+02	7.370762597716e+02
1.026496267319e+01	5.000000000000e+02	7.370762560129e+02
1.028499937057e+01	4.500000000000e+02	7.370762501126e+02
1.030423307419e+01	4.500000000000e+02	7.370762430948e+02
1.032476449013e+01	4.000000000000e+02	7.370762398252e+02
1.034462594986e+01	4.000000000000e+02	7.370762398252e+02
1.036400961876e+01	5.500000000000e+02	7.370762339801e+02
1.038495397568e+01	5.000000000000e+02	7.370762274586e+02
1.040490007401e+01	4.500000000000e+02	7.370762215106e+02
1.042416524887e+01	6.000000000000e+02	7.370762162150e+02
1.044526267052e+01	2.500000000000e+02	7.370762105877e+02
1.046443724632e+01	3.500000000000e+02	7.370762100568e+02
1.048417806625e+01	3.000000000000e+02	7.370762068790e+02
1.050705385208e+01	4.000000000000e+02	7.370762004771e+02
1.052452516556e+01	5.500000000000e+02	7.370761955287e+02
1.054415225983e+01	5.000000000000e+02	7.370761902393e+02
1.056485605240e+01	5.000000000000e+02	7.370761902393e+02
1.058477377892e+01	6.000000000000e+02	7.370761848382e+02
1.060477423668e+01	5.500000000000e+02	7.370761774877e+02
1.062482833862e+01	5.500000000000e+02	7.370761726895e+02
1.064477229118e+01	5.000000000000e+02	7.370761699879e+02
1.066500425339e+01	6.000000000000e+02	7.370761678258e+02
1.068481492996e+01	3.000000000000e+02	7.370761616902e+02
1.070437288284e+01	5.500000000000e+02	7.370761549471e+02
1.072406268120e+01	8.000000000000e+02	7.370761494229e+02
1.074468183517e+01	7.000000000000e+02	7.370761494229e+02
1.076460552216e+01	4.000000000000e+02	7.370761468390e+02
1.078422069550e+01	4.000000000000e+02	7.370761417566e+02
1.080461621284e+01	6.000000000000e+02	7.370761353279e+02
1.082420039177e+01	4.500000000000e+02	7.370761297490e+02
1.084473347664e+01	9.000000000000e+02	7.370761297490e+02
1.086407899857e+01	9.000000000000e+02	7.370761250285e+02
1.088405299187e+01	2.000000000000e+02	7.370761198192e+02
1.090406847000e+01	4.500000000000e+02	7.370761132305e+02
1.092468380928e+01	6.000000000000e+02	7.370761067967e+02
1.094462418556e+01	7.000000000000e+02	7.370761008319e+02
1.096418595314e+01	1.000000000000e+03	7.370761005349e+02
1.098454546928e+01	4.000000000000e+02	7.370760976062e+02
1.100463724136e+01	5.500000000000e+02	7.370760911330e+02
1.102482724190e+01	3.500000000000e+02	7.370760837344e+02
1.104482698441e+01	7.000000000000e+02	7.370760806179e+02
1.106470727921e+01	5.500000000000e+02	7.370760806179e+02
1.108502149582e+01	9.500000000000e+02	7.370760740756e+02
1.110429549217e+01	6.500000000000e+02	7.370760681031e+02
1.112471365929e+01	5.000000000000e+02	7.370760621191e+02
1.114416503906e+01	6.000000000000e+02	7.370760606576e+02
1.116445207596e+01	1.000000000000e+03	7.370760590424e+02
1.118475747108e+01	3.500000000000e+02	7.370760524662e+02
1.120508193970e+01	6.500000000000e+02	7.370760460635e+02
1.122602605820e+01	7.000000000000e+02	7.370760401964e+02
1.124447417259e+01	8.500000000000e+02	7.370760401964e+02
1.126460862160e+01	1.000000000000e+03	7.370760363755e+02
1.128403687477e+01	7.500000000000e+02	7.370760303477e+02
1.130427980423e+01	8.500000000000e+02	7.370760245199e+02
1.132403993607e+01	7.000000000000e+02	7.370760202721e+02
1.134505391121e+01	8.000000000000e+02	7.370760202721e+02
1.136426782608e+01	6.500000000000e+02	7.370760149332e+02
1.138476371765e+01	1.200000000000e+03	7.370760076983e+02
1.140416908264e+01	1.000000000000e+03	7.370760007475e+02
1.142415976524e+01	6.000000000000e+02	7.370759959375e+02
1.144460344315e+01	8.000000000000e+02	7.370759915976e+02
1.146457552910e+01	9.500000000000e+02	7.370759896921e+02
1.148449802399e+01	8.500000000000e+02	7.370759848229e+02
1.150414156914e+01	8.000000000000e+02	7.370759784359e+02
1.152456021309e+01	1.100000000000e+03	7.370759718852e+02
1.154497814178e+01	9.000000000000e+02	7.370759694435e+02
1.156404018402e+01	7.500000000000e+02	7.370759694435e+02
1.158493137360e+01	9.000000000000e+02	7.370759631597e+02
1.160419058800e+01	6.500000000000e+02	7.370759569244e+02
1.162465548515e+01	1.250000000000e+03	7.370759505201e+02
1.164478349686e+01	9.500000000000e+02	7.370759498018e+02
1.166406130791e+01	5.500000000000e+02	7.370759475547e+02
1.168479204178e+01	9.500000000000e+02	7.370759411682e+02
1.170409798622e+01	5.000000000000e+02	7.370759356042e+02
1.172447752953e+01	9.000000000000e+02	7.370759298519e+02
1.174477934837e+01	1.000000000000e+03	7.370759225553e+02
1.176480007172e+01	1.300000000000e+03	7.370759192986e+02
1.178482937813e+01	9.500000000000e+02	7.370759192986e+02
1.180482172966e+01	1.200000000000e+03	7.370759150728e+02
1.182430958748e+01	1.050000000000e+03	7.370759090189e+02
1.184523463249e+01	4.500000000000e+02	7.370759090189e+02
1.186483240128e+01	1.100000000000e+03	7.370759046306e+02
1.188478183746e+01	9.500000000000e+02	7.370758996577e+02
1.190506744385e+01	8.500000000000e+02	7.370758939673e+02
1.192519187927e+01	8.500000000000e+02	7.370758879332e+02
1.194474792480e+01	1.050000000000e+03	7.370758805305e+02
1.196486926079e+01	1.550000000000e+03	7.370758784488e+02
1.198460245132e+01	1.200000000000e+03	7.370758754750e+02
1.200505471230e+01	9.000000000000e+02	7.370758687047e+02
1.202409267426e+01	1.450000000000e+03	7.370758683746e+02
1.204402041435e+01	1.000000000000e+03	7.370758649998e+02
1.206414580345e+01	9.500000000000e+02	7.370758593247e+02
1.208476972580e+01	1.250000000000e+03	7.370758519500e+02
1.210406112671e+01	1.500000000000e+03	7.370758456640e+02
1.212505340576e+01	1.450000000000e+03	7.370758400415e+02
1.214490580559e+01	1.350000000000e+03	7.370758375914e+02
1.216402626038e+01	8.000000000000e+02	7.370758363332e+02
1.218496966362e+01	1.550000000000e+03	7.370758297640e+02
1.220466113091e+01	1.400000000000e+03	7.370758234640e+02
1.222471404076e+01	1.450000000000e+03	7.370758169631e+02
1.224494457245e+01	1.450000000000e+03	7.370758103732e+02
1.226422071457e+01	9.000000000000e+02	7.370758066717e+02
1.228446388245e+01	1.500000000000e+03	7.370758066717e+02
1.230506801605e+01	1.600000000000e+03	7.370758007385e+02
1.232483172417e+01	1.850000000000e+03	7.370757940736e+02
1.234471249580e+01	1.900000000000e+03	7.370757870460e+02
1.236417651176e+01	1.650000000000e+03	7.370757864241e+02
1.238474845886e+01	1.450000000000e+03	7.370757841272e+02
1.240485143661e+01	1.600000000000e+03	7.370757785358e+02
1.242477941513e+01	1.950000000000e+03	7.370757725085e+02
1.244478082657e+01	1.350000000000e+03	7.370757677380e+02
1.246475124359e+01	1.850000000000e+03	7.370757677380e+02
1.248504018784e+01	9.000000000000e+02	7.370757632136e+02
1.250420117378e+01	1.950000000000e+03	7.370757573661e+02
1.252420020103e+01	2.150000000000e+03	7.370757513603e+02
1.254414319992e+01	1.350000000000e+03	7.370757483732e+02
1.256406617165e+01	2.300000000000e+03	7.370757480877e+02
1.258416128159e+01	1.900000000000e+03	7.370757423357e+02
1.260414004326e+01	1.800000000000e+03	7.370757364689e+02
1.262568449974e+01	1.800000000000e+03	7.370757298566e+02
1.264486908913e+01	8.000000000000e+02	7.370757245195e+02
1.266500592232e+01	1.500000000000e+03	7.370757190345e+02
1.268495535851e+01	1.150000000000e+03	7.370757187585e+02
1.270423865318e+01	8.000000000000e+02	7.370757158932e+02
1.272480344772e+01	1.500000000000e+03	7.370757119449e+02
1.274424815178e+01	1.700000000000e+03	7.370757060309e+02
1.276408910751e+01	2.550000000000e+03	7.370756973023e+02
1.278426980972e+01	1.550000000000e+03	7.370756917543e+02
1.280476284027e+01	2.200000000000e+03	7.370756886596e+02
1.282516646385e+01	1.850000000000e+03	7.370756886596e+02
1.284439897537e+01	1.750000000000e+03	7.370756798600e+02
1.286455607414e+01	1.700000000000e+03	7.370756784624e+02
1.288415193558e+01	1.800000000000e+03	7.370756760437e+02
1.290433621407e+01	2.150000000000e+03	7.370756699516e+02
1.292428994179e+01	1.350000000000e+03	7.370756642466e+02
1.294473600388e+01	1.800000000000e+03	7.370756585750e+02
1.296446585655e+01	2.000000000000e+03	7.370756574685e+02
1.298443245888e+01	2.100000000000e+03	7.370756551746e+02
1.300428438187e+01	2.300000000000e+03	7.370756486522e+02
1.302460527420e+01	2.250000000000e+03	7.370756401895e+02
1.304455137253e+01	2.250000000000e+03	7.370756327673e+02
1.306449484825e+01	2.300000000000e+03	7.370756265405e+02
1.308444952965e+01	2.050000000000e+03	7.370756262287e+02
1.310436940193e+01	2.700000000000e+03	7.370756234939e+02
1.312433791161e+01	1.800000000000e+03	7.370756166495e+02
1.314528036118e+01	2.450000000000e+03	7.370756152811e+02
1.316403007507e+01	1.750000000000e+03	7.370756142766e+02
1.318408179283e+01	2.650000000000e+03	7.370756075449e+02
1.320434355736e+01	2.250000000000e+03	7.370756009985e+02
1.322433996201e+01	2.300000000000e+03	7.370755947399e+02
1.324508833885e+01	2.050000000000e+03	7.370755875190e+02
1.326423120499e+01	1.900000000000e+03	7.370755829942e+02
1.328499412537e+01	2.250000000000e+03	7.370755829942e+02
1.330472350121e+01	1.250000000000e+03	7.370755772824e+02
1.332531571388e+01	1.750000000000e+03	7.370755713500e+02
1.334501719475e+01	1.800000000000e+03	7.370755667303e+02
1.336436223984e+01	1.850000000000e+03	7.370755634572e+02
1.338405585289e+01	2.500000000000e+03	7.370755614731e+02
1.340484309196e+01	1.750000000000e+03	7.370755543259e+02
1.342484927177e+01	1.750000000000e+03	7.370755475319e+02
1.344475340843e+01	1.300000000000e+03	7.370755425217e+02
1.346437335014e+01	1.650000000000e+03	7.370755425217e+02
1.348435235023e+01	2.050000000000e+03	7.370755382639e+02
1.350416398048e+01	2.300000000000e+03	7.370755314947e+02
1.352495336533e+01	1.800000000000e+03	7.370755267349e+02
1.354429626465e+01	1.850000000000e+03	7.370755223063e+02
1.356476974487e+01	1.900000000000e+03	7.370755131314e+02
1.358522915840e+01	1.600000000000e+03	7.370755113428e+02
1.360483765602e+01	1.700000000000e+03	7.370755084952e+02
1.362478971481e+01	1.750000000000e+03	7.370755028125e+02
1.364473176003e+01	2.100000000000e+03	7.370754959059e+02
1.366450810432e+01	1.400000000000e+03	7.370754894245e+02
1.368445229530e+01	1.350000000000e+03	7.370754846501e+02
1.370474672318e+01	1.450000000000e+03	7.370754803926e+02
1.372479724884e+01	1.300000000000e+03	7.370754803926e+02
1.374478626251e+01	1.900000000000e+03	7.370754742034e+02
1.376414871216e+01	1.300000000000e+03	7.370754673542e+02
1.378484106064e+01	1.300000000000e+03	7.370754621451e+02
1.380417799950e+01	1.550000000000e+03	7.370754598773e+02
1.382417726517e+01	1.400000000000e+03	7.370754598773e+02
1.384413838387e+01	1.200000000000e+03	7.370754508441e+02
1.386521244049e+01	1.650000000000e+03	7.370754497931e+02
1.388407707214e+01	1.650000000000e+03	7.370754486059e+02
1.390404462814e+01	1.400000000000e+03	7.370754426672e+02
1.392533397675e+01	1.750000000000e+03	7.370754361004e+02
1.394422626495e+01	1.250000000000e+03	7.370754300602e+02
1.396417546272e+01	1.450000000000e+03	7.370754236056e+02
1.398409557343e+01	1.150000000000e+03	7.370754197393e+02
1.400406956673e+01	1.550000000000e+03	7.370754197393e+02
1.402484107018e+01	1.300000000000e+03	7.370754144794e+02
1.404482889175e+01	1.500000000000e+03	7.370754078176e+02
1.406477475166e+01	1.350000000000e+03	7.370754011265e+02
1.408426451683e+01	1.350000000000e+03	7.370753998413e+02
1.410549092293e+01	1.250000000000e+03	7.370753974703e+02
1.412442755699e+01	1.200000000000e+03	7.370753925680e+02
1.414538955688e+01	1.300000000000e+03	7.370753870222e+02
1.416641950607e+01	1.000000000000e+03	7.370753813486e+02
1.418431019783e+01	1.350000000000e+03	7.370753808099e+02
1.420486879349e+01	1.450000000000e+03	7.370753770535e+02
1.422472405434e+01	1.250000000000e+03	7.370753699483e+02
1.424412250519e+01	8.000000000000e+02	7.370753636405e+02
1.426404047012e+01	7.500000000000e+02	7.370753604067e+02
1.428467965126e+01	1.100000000000e+03	7.370753604067e+02
1.430409622192e+01	1.000000000000e+03	7.370753538622e+02
1.432432603836e+01	1.150000000000e+03	7.370753467081e+02
1.434427785873e+01	1.300000000000e+03	7.370753400537e+02
1.436519265175e+01	1.150000000000e+03	7.370753393978e+02
1.438432908058e+01	9.000000000000e+02	7.370753368943e+02
1.440430593491e+01	7.000000000000e+02	7.370753309995e+02
1.442414593697e+01	1.050000000000e+03	7.370753248092e+02
1.444478917122e+01	7.500000000000e+02	7.370753195682e+02
1.446495485306e+01	9.000000000000e+02	7.370753195682e+02
1.448457407951e+01	1.150000000000e+03	7.370753152249e+02
1.450454759598e+01	7.000000000000e+02	7.370753083661e+02
1.452548122406e+01	9.000000000000e+02	7.370753022012e+02
1.454494857788e+01	1.100000000000e+03	7.370752959748e+02
1.456453251839e+01	9.500000000000e+02	7.370752895817e+02
1.458478760719e+01	7.500000000000e+02	7.370752895817e+02
1.460417318344e+01	1.150000000000e+03	7.370752863947e+02
1.462437272072e+01	6.500000000000e+02	7.370752798177e+02
1.464492678642e+01	4.000000000000e+02	7.370752757997e+02
1.466478800774e+01	1.050000000000e+03	7.370752721912e+02
1.468473124504e+01	7.000000000000e+02	7.370752672555e+02
1.470398473740e+01	7.500000000000e+02	7.370752586179e+02
1.472494792938e+01	6.000000000000e+02	7.370752573737e+02
1.474484539032e+01	8.000000000000e+02	7.370752512074e+02
1.476496505737e+01	7.500000000000e+02	7.370752444328e+02
1.478417348862e+01	9.000000000000e+02	7.370752372700e+02
1.480483579636e+01	6.000000000000e+02	7.370752367785e+02
1.482459831238e+01	5.000000000000e+01	7.370752367785e+02
1.484475111961e+01	6.500000000000e+02	7.370752272325e+02
1.486419510841e+01	4.500000000000e+02	7.370752205649e+02
1.488404178619e+01	7.000000000000e+02	7.370752156106e+02
1.490504646301e+01	7.000000000000e+02	7.370752156106e+02
1.492438101768e+01	6.000000000000e+02	7.370752124831e+02
1.494432377815e+01	7.000000000000e+02	7.370752047180e+02
1.496452713013e+01	8.000000000000e+02	7.370751978117e+02
1.498423743248e+01	5.500000000000e+02	7.370751937108e+02
1.500404000282e+01	4.000000000000e+02	7.370751937108e+02
1.502435755730e+01	7.000000000000e+02	7.370751882586e+02
1.504430389404e+01	7.500000000000e+02	7.370751811566e+02
1.506427860260e+01	6.000000000000e+02	7.370751740188e+02
1.508519601822e+01	8.500000000000e+02	7.370751722467e+02
1.510395216942e+01	9.500000000000e+02	7.370751710432e+02
1.512435460091e+01	6.000000000000e+02	7.370751628361e+02
1.514480710030e+01	8.500000000000e+02	7.370751562867e+02
1.516502404213e+01	5.500000000000e+02	7.370751500200e+02
1.518411588669e+01	3.500000000000e+02	7.370751434460e+02
1.520444250107e+01	6.500000000000e+02	7.370751402649e+02
1.522626757622e+01	4.500000000000e+02	7.370751402649e+02
1.524487614632e+01	6.500000000000e+02	7.370751350735e+02
1.526473426819e+01	6.000000000000e+02	7.370751281171e+02
1.528411698341e+01	7.500000000000e+02	7.370751215662e+02
1.530450129509e+01	4.000000000000e+02	7.370751198693e+02
1.532437634468e+01	4.000000000000e+02	7.370751183938e+02
1.534417796135e+01	4.000000000000e+02	7.370751113246e+02
1.536425518990e+01	5.000000000000e+02	7.370751043885e+02
1.538480949402e+01	7.000000000000e+02	7.370750990753e+02
1.540414810181e+01	5.000000000000e+02	7.370750990753e+02
1.542506909370e+01	6.000000000000e+02	7.370750944807e+02
1.544501590729e+01	6.000000000000e+02	7.370750874932e+02
1.546516585350e+01	2.500000000000e+02	7.370750808145e+02
1.548438572884e+01	6.000000000000e+02	7.370750790780e+02
1.550423359871e+01	4.500000000000e+02	7.370750790780e+02
1.552478313446e+01	4.000000000000e+02	7.370750723849e+02
1.554531168938e+01	4.500000000000e+02	7.370750655861e+02
1.556438612938e+01	5.000000000000e+02	7.370750591452e+02
1.558415699005e+01	5.500000000000e+02	7.370750585409e+02
1.560509085655e+01	2.000000000000e+02	7.370750557543e+02
1.562428450584e+01	5.000000000000e+02	7.370750493032e+02
1.564502906799e+01	7.000000000000e+02	7.370750422384e+02
1.566438674927e+01	8.500000000000e+02	7.370750377547e+02
1.568475937843e+01	8.000000000000e+02	7.370750377547e+02
1.570467591286e+01	1.500000000000e+02	7.370750328437e+02
1.572498250008e+01	7.500000000000e+02	7.370750264068e+02
1.574496293068e+01	7.500000000000e+02	7.370750197676e+02
1.576483535767e+01	4.500000000000e+02	7.370750130421e+02
1.578478240967e+01	5.000000000000e+02	7.370750069017e+02
1.580482697487e+01	3.000000000000e+02	7.370750069017e+02
1.582475686073e+01	2.500000000000e+02	7.370750035854e+02
1.584502959251e+01	2.500000000000e+02	7.370749972354e+02
1.586486411095e+01	3.000000000000e+02	7.370749909422e+02
1.588479518890e+01	4.500000000000e+02	7.370749848303e+02
1.590481996536e+01	2.000000000000e+02	7.370749791248e+02
1.592492175102e+01	4.500000000000e+02	7.370749765799e+02
1.594425249100e+01	2.000000000000e+02	7.370749762924e+02
1.596432900429e+01	3.500000000000e+02	7.370749705047e+02
1.598436999321e+01	1.500000000000e+02	7.370749642085e+02
1.600484132767e+01	5.000000000000e+02	7.370749565343e+02
1.602557539940e+01	5.500000000000e+02	7.370749560378e+02
1.604477977753e+01	4.000000000000e+02	7.370749537574e+02
1.606447291374e+01	7.000000000000e+02	7.370749465738e+02
1.608416628838e+01	3.000000000000e+02	7.370749400921e+02
1.610412502289e+01	4.500000000000e+02	7.370749355123e+02
1.612421846390e+01	3.500000000000e+02	7.370749355123e+02
1.614416480064e+01	2.500000000000e+02	7.370749313852e+02
1.616411161423e+01	4.500000000000e+02	7.370749258823e+02
1.618500256538e+01	2.500000000000e+02	7.370749177932e+02
1.620484924316e+01	2.000000000000e+02	7.370749149659e+02
1.622427487373e+01	2.500000000000e+02	7.370749149659e+02
1.624473023415e+01	2.500000000000e+02	7.370749087174e+02
1.626484251022e+01	2.000000000000e+02	7.370749020767e+02
1.628442502022e+01	1.500000000000e+02	7.370748949504e+02
1.630505728722e+01	2.000000000000e+02	7.370748945878e+02
1.632509183884e+01	3.000000000000e+02	7.370748927928e+02
1.634426951408e+01	4.000000000000e+02	7.370748858911e+02
1.636430668831e+01	4.500000000000e+02	7.370748790548e+02
1.638468623161e+01	2.500000000000e+02	7.370748738830e+02
1.640485262871e+01	2.000000000000e+02	7.370748738830e+02
1.642486453056e+01	4.000000000000e+02	7.370748685285e+02
1.644479274750e+01	3.000000000000e+02	7.370748618390e+02
1.646456313133e+01	3.000000000000e+02	7.370748551161e+02
1.648451137543e+01	2.500000000000e+02	7.370748530805e+02
1.650447750092e+01	1.500000000000e+02	7.370748520628e+02
1.652442693710e+01	2.500000000000e+02	7.370748453215e+02
1.654421925545e+01	2.000000000000e+02	7.370748387386e+02
1.656475400925e+01	3.500000000000e+02	7.370748319713e+02
1.658448505402e+01	3.000000000000e+02	7.370748251181e+02
1.660462331772e+01	4.500000000000e+02	7.370748216460e+02
1.662405157089e+01	1.500000000000e+02	7.370748216460e+02
1.664446663857e+01	2.500000000000e+02	7.370748190333e+02
1.666472959518e+01	3.000000000000e+02	7.370748126130e+02
1.668525958061e+01	3.500000000000e+02	7.370748059569e+02
1.670505785942e+01	2.500000000000e+02	7.370747995435e+02
1.672412800789e+01	2.500000000000e+02	7.370747935292e+02
1.674485278130e+01	2.500000000000e+02	7.370747897546e+02
1.676485276222e+01	4.000000000000e+02	7.370747869580e+02
1.678405046463e+01	1.000000000000e+02	7.370747805804e+02
1.680484795570e+01	2.000000000000e+02	7.370747751026e+02
1.682454395294e+01	1.000000000000e+02	7.370747700996e+02
1.684419941902e+01	3.000000000000e+02	7.370747693662e+02
1.686465382576e+01	3.500000000000e+02	7.370747663044e+02
1.688460063934e+01	1.500000000000e+02	7.370747591274e+02
1.690456104279e+01	1.500000000000e+02	7.370747585367e+02
1.692473578453e+01	3.500000000000e+02	7.370747544096e+02
1.694471955299e+01	1.500000000000e+02	7.370747479113e+02
1.696420288086e+01	1.000000000000e+02	7.370747421427e+02
1.698513507843e+01	1.500000000000e+02	7.370747357255e+02
1.700484466553e+01	1.500000000000e+02	7.370747271387e+02
1.702476501465e+01	5.000000000000e+02	7.370747255503e+02
1.704484581947e+01	2.500000000000e+02	7.370747220176e+02
1.706457066536e+01	1.500000000000e+02	7.370747155416e+02
1.708514571190e+01	2.000000000000e+02	7.370747102039e+02
1.710496759415e+01	3.500000000000e+02	7.370747052189e+02
1.712506556511e+01	3.500000000000e+02	7.370746982364e+02
1.714512109756e+01	2.500000000000e+02	7.370746936071e+02
1.716540503502e+01	2.000000000000e+02	7.370746913771e+02
1.718531346321e+01	3.500000000000e+02	7.370746855953e+02
1.720497703552e+01	3.500000000000e+02	7.370746793323e+02
1.722490143776e+01	3.000000000000e+02	7.370746729483e+02
1.724456191063e+01	1.500000000000e+02	7.370746729483e+02
1.726487565041e+01	3.500000000000e+02	7.370746700881e+02
1.728508353233e+01	1.500000000000e+02	7.370746628196e+02
1.730485200882e+01	3.000000000000e+02	7.370746569726e+02
1.732501482964e+01	2.500000000000e+02	7.370746522447e+02
1.734529185295e+01	5.000000000000e+01	7.370746522447e+02
1.736481690407e+01	1.500000000000e+02	7.370746476390e+02
1.738485860825e+01	2.500000000000e+02	7.370746397873e+02
1.740478873253e+01	5.000000000000e+01	7.370746344072e+02
1.742427706718e+01	5.000000000000e+01	7.370746315607e+02
1.744442820549e+01	3.500000000000e+02	7.370746303311e+02
1.746466898918e+01	3.500000000000e+02	7.370746246647e+02
1.748504018784e+01	2.500000000000e+02	7.370746186967e+02
1.750472235680e+01	3.000000000000e+02	7.370746126055e+02
1.752485561371e+01	5.000000000000e+01	7.370746113780e+02
1.754487538338e+01	1.500000000000e+02	7.370746084371e+02
1.756409120560e+01	1.000000000000e+02	7.370746019629e+02
1.758401608467e+01	3.000000000000e+02	7.370745945872e+02
1.760495972633e+01	2.000000000000e+02	7.370745900483e+02
1.762472510338e+01	5.000000000000e+01	7.370745900483e+02
1.764518189430e+01	2.000000000000e+02	7.370745843601e+02
1.766510987282e+01	1.500000000000e+02	7.370745780023e+02
1.768483948708e+01	1.000000000000e+02	7.370745705998e+02
1.770444035530e+01	3.000000000000e+02	7.370745641602e+02
1.772485613823e+01	1.500000000000e+02	7.370745583845e+02
1.774476885796e+01	4.000000000000e+02	7.370745583845e+02
1.776485157013e+01	2.500000000000e+02	7.370745546196e+02
1.778414821625e+01	2.000000000000e+02	7.370745480673e+02
1.780485463142e+01	2.000000000000e+02	7.370745411448e+02
1.782510137558e+01	5.000000000000e+01	7.370745373625e+02
1.784500336647e+01	2.500000000000e+02	7.370745373625e+02
1.786493039131e+01	0.000000000000e+00	7.370745319507e+02
1.788411021233e+01	2.500000000000e+02	7.370745247660e+02
1.790485525131e+01	1.500000000000e+02	7.370745176046e+02
1.792433667183e+01	3.000000000000e+02	7.370745160435e+02
1.794428396225e+01	0.000000000000e+00	7.370745146963e+02
1.796501255035e+01	1.000000000000e+02	7.370745076972e+02
1.798422145844e+01	1.500000000000e+02	7.370745018679e+02
1.800597357750e+01	1.000000000000e+02	7.370744955422e+02
1.802485728264e+01	1.500000000000e+02	7.370744949631e+02
1.804411435127e+01	2.000000000000e+02	7.370744917415e+02
1.806505990028e+01	1.000000000000e+02	7.370744850128e+02
1.808400845528e+01	1.000000000000e+02	7.370744786586e+02
1.810501551628e+01	1.000000000000e+02	7.370744747208e+02
1.812444424629e+01	2.000000000000e+02	7.370744747208e+02
1.814418888092e+01	5.000000000000e+01	7.370744737898e+02
1.816481375694e+01	2.500000000000e+02	7.370744741624e+02
1.818482708931e+01	2.000000000000e+02	7.370744770216e+02
1.820476412773e+01	2.000000000000e+02	7.370744777330e+02
1.822485470772e+01	1.500000000000e+02	7.370744788724e+02
1.824444079399e+01	5.000000000000e+01	7.370744827159e+02
1.826427721977e+01	1.500000000000e+02	7.370744869460e+02
1.828455257416e+01	5.000000000000e+01	7.370744914797e+02
1.830550408363e+01	4.500000000000e+02	7.370744983200e+02
1.832485866547e+01	1.500000000000e+02	7.370745011161e+02
1.834511685371e+01	0.000000000000e+00	7.370745011161e+02
1.836434578896e+01	1.000000000000e+02	7.370745059138e+02
1.838509702682e+01	1.000000000000e+02	7.370745120147e+02
1.840406632423e+01	3.000000000000e+02	7.370745175583e+02
1.842489171028e+01	1.500000000000e+02	7.370745191179e+02
1.844440650940e+01	5.000000000000e+01	7.370745203877e+02
1.846445417404e+01	0.000000000000e+00	7.370745259759e+02
1.848493957520e+01	5.000000000000e+01	7.370745317001e+02
1.850442886353e+01	1.000000000000e+02	7.370745371574e+02
1.852422785759e+01	2.000000000000e+02	7.370745431236e+02
1.854476833344e+01	3.500000000000e+02	7.370745469148e+02
1.856439709663e+01	3.000000000000e+02	7.370745469148e+02
1.858485674858e+01	1.500000000000e+02	7.370745521783e+02
1.860503768921e+01	2.000000000000e+02	7.370745583113e+02
1.862477779388e+01	1.000000000000e+02	7.370745650587e+02
1.864419007301e+01	2.000000000000e+02	7.370745655486e+02
1.866466355324e+01	2.000000000000e+02	7.370745662731e+02
1.868462944031e+01	2.000000000000e+02	7.370745719503e+02
1.870420789719e+01	3.000000000000e+02	7.370745784805e+02
1.872474861145e+01	5.000000000000e+01	7.370745850454e+02
1.874482107162e+01	1.500000000000e+02	7.370745850454e+02
1.876486515999e+01	1.000000000000e+02	7.370745877999e+02
1.878416347504e+01	1.000000000000e+02	7.370745940525e+02
1.880471253395e+01	4.500000000000e+02	7.370746001410e+02
1.882485222816e+01	3.000000000000e+02	7.370746036314e+02
1.884479713440e+01	5.000000000000e+01	7.370746036314e+02
1.886439990997e+01	2.000000000000e+02	7.370746076710e+02
1.888455557823e+01	2.000000000000e+02	7.370746136624e+02
1.890432310104e+01	4.000000000000e+02	7.370746198480e+02
1.892479968071e+01	4.000000000000e+02	7.370746259862e+02
1.894457721710e+01	1.000000000000e+02	7.370746317490e+02
1.896485590935e+01	2.000000000000e+02	7.370746317490e+02
1.898477172852e+01	1.000000000000e+02	7.370746349238e+02
1.900421380997e+01	3.000000000000e+02	7.370746409670e+02
1.902416324615e+01	2.000000000000e+02	7.370746470052e+02
1.904487681389e+01	3.000000000000e+02	7.370746505472e+02
1.906414532661e+01	2.500000000000e+02	7.370746505472e+02
1.908414912224e+01	1.000000000000e+02	7.370746557749e+02
1.910508036613e+01	1.000000000000e+02	7.370746622319e+02
1.912449145317e+01	1.500000000000e+02	7.370746683110e+02
1.914431285858e+01	5.000000000000e+01	7.370746690612e+02
1.916406250000e+01	1.000000000000e+02	7.370746706715e+02
1.918418574333e+01	2.000000000000e+02	7.370746771376e+02
1.920477247238e+01	1.000000000000e+02	7.370746833943e+02
1.922482562065e+01	3.500000000000e+02	7.370746883757e+02
1.924409508705e+01	2.500000000000e+02	7.370746883757e+02
1.926446509361e+01	1.500000000000e+02	7.370746921301e+02
1.928440332413e+01	5.000000000000e+01	7.370746983848e+02
1.930482411385e+01	2.500000000000e+02	7.370747049450e+02
1.932465720177e+01	3.500000000000e+02	7.370747081125e+02
1.934476351738e+01	5.000000000000e+01	7.370747081125e+02
1.936471033096e+01	3.500000000000e+02	7.370747140267e+02
1.938468050957e+01	1.500000000000e+02	7.370747205119e+02
1.940473675728e+01	3.500000000000e+02	7.370747268839e+02
1.942488646507e+01	2.000000000000e+02	7.370747282181e+02
1.944482231140e+01	4.500000000000e+02	7.370747300106e+02
1.946482563019e+01	3.000000000000e+02	7.370747358771e+02
1.948416662216e+01	1.500000000000e+02	7.370747421627e+02
1.950473403931e+01	1.500000000000e+02	7.370747490780e+02
1.952423572540e+01	1.500000000000e+02	7.370747553999e+02
1.954485535622e+01	2.000000000000e+02	7.370747583065e+02
1.956469106674e+01	3.000000000000e+02	7.370747584128e+02
1.958404994011e+01	1.000000000000e+02	7.370747627702e+02
1.960508966446e+01	3.500000000000e+02	7.370747675059e+02
1.962434315681e+01	2.500000000000e+02	7.370747765106e+02
1.964477705956e+01	3.000000000000e+02	7.370747822141e+02
1.966428971291e+01	3.500000000000e+02	7.370747870175e+02
1.968485140800e+01	2.500000000000e+02	7.370747878307e+02
1.970408344269e+01	2.000000000000e+02	7.370747888849e+02
1.972425055504e+01	2.000000000000e+02	7.370747959787e+02
1.974419474602e+01	2.500000000000e+02	7.370748043816e+02
1.976414871216e+01	2.500000000000e+02	7.370748080294e+02
1.978434276581e+01	2.000000000000e+02	7.370748080294e+02
1.980460691452e+01	2.000000000000e+02	7.370748143599e+02
1.982442092896e+01	6.000000000000e+02	7.370748202751e+02
1.984477472305e+01	3.000000000000e+02	7.370748259328e+02
1.986440253258e+01	2.500000000000e+02	7.370748269455e+02
1.988453316689e+01	3.500000000000e+02	7.370748276658e+02
1.990486168861e+01	2.000000000000e+02	7.370748349508e+02
1.992424964905e+01	3.500000000000e+02	7.370748411781e+02
1.994448328018e+01	3.500000000000e+02	7.370748472215e+02
1.996558284760e+01	2.000000000000e+02	7.370748472215e+02
1.998476719856e+01	2.500000000000e+02	7.370748501474e+02
2.000480008125e+01	3.000000000000e+02	7.370748549373e+02
2.002465915680e+01	3.500000000000e+02	7.370748614553e+02
2.004509782791e+01	2.000000000000e+02	7.370748658509e+02
2.006420397758e+01	2.500000000000e+02	7.370748658509e+02
2.008416986465e+01	1.500000000000e+02	7.370748717186e+02
2.010481619835e+01	3.500000000000e+02	7.370748775658e+02
2.012484073639e+01	2.500000000000e+02	7.370748828183e+02
2.014475560188e+01	3.000000000000e+02	7.370748884648e+02
2.016477274895e+01	2.500000000000e+02	7.370748945294e+02
2.018477964401e+01	4.000000000000e+02	7.370748948319e+02
2.020502829552e+01	3.500000000000e+02	7.370748981375e+02
2.022502064705e+01	2.000000000000e+02	7.370749042841e+02
2.024497413635e+01	4.500000000000e+02	7.370749100362e+02
2.026486468315e+01	4.000000000000e+02	7.370749132030e+02
2.028446459770e+01	2.500000000000e+02	7.370749132030e+02
2.030406141281e+01	2.000000000000e+02	7.370749186335e+02
2.032509803772e+01	4.500000000000e+02	7.370749251694e+02
2.034486865997e+01	3.500000000000e+02	7.370749307415e+02
2.036537313461e+01	2.500000000000e+02	7.370749325011e+02
2.038432073593e+01	1.000000000000e+02	7.370749325011e+02
2.040562343597e+01	2.000000000000e+02	7.370749394084e+02
2.042455124855e+01	3.000000000000e+02	7.370749452534e+02
2.044448447227e+01	3.000000000000e+02	7.370749512291e+02
2.046444940567e+01	3.500000000000e+02	7.370749512291e+02
2.048486495018e+01	1.500000000000e+02	7.370749544493e+02
2.050506949425e+01	3.500000000000e+02	7.370749606642e+02
2.052516222000e+01	4.500000000000e+02	7.370749669484e+02
2.054481363297e+01	3.500000000000e+02	7.370749707611e+02
2.056458711624e+01	3.500000000000e+02	7.370749707611e+02
2.058417081833e+01	2.500000000000e+02	7.370749768192e+02
2.060508847237e+01	6.000000000000e+02	7.370749834554e+02
2.062506365776e+01	4.000000000000e+02	7.370749895715e+02
2.064428997040e+01	5.000000000000e+02	7.370749910910e+02
2.066465830803e+01	4.000000000000e+02	7.370749924269e+02
2.068485617638e+01	3.000000000000e+02	7.370749991507e+02
2.070490980148e+01	5.000000000000e+02	7.370750051361e+02
2.072601199150e+01	4.500000000000e+02	7.370750112483e+02
2.074495649338e+01	4.500000000000e+02	7.370750176990e+02
2.076486539841e+01	2.000000000000e+02	7.370750207574e+02
2.078422546387e+01	4.500000000000e+02	7.370750207574e+02
2.080417561531e+01	2.500000000000e+02	7.370750274386e+02
2.082412266731e+01	7.500000000000e+02	7.370750339165e+02
2.084426879883e+01	5.500000000000e+02	7.370750402558e+02
2.086480545998e+01	4.500000000000e+02	7.370750408492e+02
2.088521432877e+01	7.000000000000e+02	7.370750429011e+02
2.090529966354e+01	3.500000000000e+02	7.370750487677e+02
2.092476797104e+01	1.000000000000e+02	7.370750537884e+02
2.094482827187e+01	4.500000000000e+02	7.370750585754e+02
2.096445918083e+01	5.000000000000e+02	7.370750635250e+02
2.098530650139e+01	8.000000000000e+02	7.370750690521e+02
2.100491929054e+01	6.500000000000e+02	7.370750705511e+02
2.102489161491e+01	4.500000000000e+02	7.370750726676e+02
2.104489421844e+01	4.000000000000e+02	7.370750787092e+02
2.106489229202e+01	3.000000000000e+02	7.370750849056e+02
2.108529305458e+01	3.000000000000e+02	7.370750892821e+02
2.110486531258e+01	3.000000000000e+02	7.370750892821e+02
2.112427186966e+01	1.500000000000e+02	7.370750936081e+02
2.114431738853e+01	4.000000000000e+02	7.370750996188e+02
2.116428661346e+01	3.500000000000e+02	7.370751055337e+02
2.118421030045e+01	5.000000000000e+02	7.370751115717e+02
2.120487236977e+01	5.000000000000e+02	7.370751180453e+02
2.122482180595e+01	5.500000000000e+02	7.370751192427e+02
2.124486923218e+01	4.000000000000e+02	7.370751219118e+02
2.126422214508e+01	3.500000000000e+02	7.370751283916e+02
2.128487300873e+01	8.000000000000e+02	7.370751339132e+02
2.130511164665e+01	6.500000000000e+02	7.370751390969e+02
2.132486677170e+01	9.500000000000e+02	7.370751396058e+02
2.134477925301e+01	8.500000000000e+02	7.370751438003e+02
2.136478185654e+01	4.500000000000e+02	7.370751494059e+02
2.138567471504e+01	5.500000000000e+02	7.370751555717e+02
2.140432763100e+01	7.000000000000e+02	7.370751611391e+02
2.142486763000e+01	7.000000000000e+02	7.370751674843e+02
2.144486713409e+01	5.500000000000e+02	7.370751703573e+02
2.146417212486e+01	2.500000000000e+02	7.370751703573e+02
2.148529386520e+01	4.500000000000e+02	7.370751789156e+02
2.150536155701e+01	5.000000000000e+02	7.370751851373e+02
2.152432632446e+01	3.500000000000e+02	7.370751905641e+02
2.154458093643e+01	6.000000000000e+02	7.370751914286e+02
2.156452655792e+01	7.000000000000e+02	7.370751955803e+02
2.158476161957e+01	6.000000000000e+02	7.370752008471e+02
2.160555195808e+01	5.000000000000e+02	7.370752074744e+02
2.162499666214e+01	8.500000000000e+02	7.370752122587e+02
2.164701008797e+01	9.000000000000e+02	7.370752122587e+02
2.166454052925e+01	2.500000000000e+02	7.370752179665e+02
2.168463230133e+01	9.000000000000e+02	7.370752260631e+02
2.170503878593e+01	6.500000000000e+02	7.370752330033e+02
2.172486805916e+01	9.000000000000e+02	7.370752377878e+02
2.174513363838e+01	5.500000000000e+02	7.370752425714e+02
2.176466441154e+01	6.500000000000e+02	7.370752435063e+02
2.178489065170e+01	4.000000000000e+02	7.370752469305e+02
2.180451583862e+01	7.500000000000e+02	7.370752534011e+02
2.182491302490e+01	1.050000000000e+03	7.370752592804e+02
2.184521746635e+01	9.000000000000e+02	7.370752631174e+02
2.186486172676e+01	8.500000000000e+02	7.370752631174e+02
2.188448524475e+01	1.250000000000e+03	7.370752691878e+02
2.190443181992e+01	1.600000000000e+03	7.370752758773e+02
2.192483210564e+01	7.000000000000e+02	7.370752813931e+02
2.194509720802e+01	8.000000000000e+02	7.370752831316e+02
2.196472430229e+01	1.400000000000e+03	7.370752838258e+02
2.198469042778e+01	4.500000000000e+02	7.370752928580e+02
2.200481557846e+01	9.500000000000e+02	7.370752978664e+02
2.202444267273e+01	1.000000000000e+03	7.370753025422e+02
2.204529595375e+01	1.400000000000e+03	7.370753027796e+02
2.206486701965e+01	1.350000000000e+03	7.370753052999e+02
2.208540916443e+01	1.050000000000e+03	7.370753109882e+02
2.210508608818e+01	7.000000000000e+02	7.370753190916e+02
2.212486481667e+01	1.200000000000e+03	7.370753213127e+02
2.214425253868e+01	9.000000000000e+02	7.370753213127e+02
2.216461873055e+01	1.050000000000e+03	7.370753261549e+02
2.218514251709e+01	9.000000000000e+02	7.370753317587e+02
2.220510745049e+01	1.300000000000e+03	7.370753377461e+02
2.222515368462e+01	1.000000000000e+03	7.370753440148e+02
2.224410104752e+01	1.250000000000e+03	7.370753494347e+02
2.226404786110e+01	1.250000000000e+03	7.370753494347e+02
2.228478646278e+01	8.000000000000e+02	7.370753528398e+02
2.230508351326e+01	1.200000000000e+03	7.370753582561e+02
2.232486772537e+01	1.600000000000e+03	7.370753650824e+02
2.234481763840e+01	1.600000000000e+03	7.370753682609e+02
2.236476826668e+01	1.850000000000e+03	7.370753685557e+02
2.238486576080e+01	1.400000000000e+03	7.370753744975e+02
2.240476632118e+01	1.200000000000e+03	7.370753802062e+02
2.242527890205e+01	1.100000000000e+03	7.370753858956e+02
2.244512057304e+01	1.000000000000e+03	7.370753872802e+02
2.246419930458e+01	1.400000000000e+03	7.370753872802e+02
2.248487353325e+01	1.650000000000e+03	7.370753947507e+02
2.250505900383e+01	1.500000000000e+03	7.370754019665e+02
2.252424716949e+01	1.200000000000e+03	7.370754071598e+02
2.254486870766e+01	1.450000000000e+03	7.370754071598e+02
2.256540417671e+01	1.150000000000e+03	7.370754117435e+02
2.258416461945e+01	1.600000000000e+03	7.370754181111e+02
2.260411143303e+01	1.150000000000e+03	7.370754249630e+02
2.262408518791e+01	1.550000000000e+03	7.370754287360e+02
2.264447808266e+01	1.250000000000e+03	7.370754287360e+02
2.266428518295e+01	2.200000000000e+03	7.370754345938e+02
2.268453979492e+01	2.050000000000e+03	7.370754415537e+02
2.270479798317e+01	1.700000000000e+03	7.370754484415e+02
2.272438502312e+01	1.200000000000e+03	7.370754494697e+02
2.274529886246e+01	1.900000000000e+03	7.370754512630e+02
2.276487255096e+01	1.900000000000e+03	7.370754583016e+02
2.278509187698e+01	2.500000000000e+03	7.370754651399e+02
2.280482029915e+01	2.000000000000e+03	7.370754700389e+02
2.282508039474e+01	2.050000000000e+03	7.370754700389e+02
2.284416103363e+01	1.350000000000e+03	7.370754743527e+02
2.286493659019e+01	2.000000000000e+03	7.370754816903e+02
2.288480257988e+01	2.100000000000e+03	7.370754883959e+02
2.290509319305e+01	1.900000000000e+03	7.370754951486e+02
2.292420172691e+01	2.200000000000e+03	7.370755014476e+02
2.294457817078e+01	2.250000000000e+03	7.370755014476e+02
2.296451449394e+01	1.800000000000e+03	7.370755042097e+02
2.298486971855e+01	2.000000000000e+03	7.370755112561e+02
2.300507616997e+01	1.450000000000e+03	7.370755177952e+02
2.302487301826e+01	2.600000000000e+03	7.370755237431e+02
2.304511046410e+01	1.950000000000e+03	7.370755289610e+02
2.306512665749e+01	1.950000000000e+03	7.370755317976e+02
2.308446669579e+01	1.900000000000e+03	7.370755317976e+02
2.310487532616e+01	2.200000000000e+03	7.370755353011e+02
2.312418103218e+01	1.450000000000e+03	7.370755414066e+02
2.314443540573e+01	2.550000000000e+03	7.370755510998e+02
2.316462445259e+01	1.800000000000e+03	7.370755522028e+02
2.318434715271e+01	1.650000000000e+03	7.370755541368e+02
2.320515084267e+01	1.850000000000e+03	7.370755590436e+02
2.322510242462e+01	1.900000000000e+03	7.370755645282e+02
2.324445104599e+01	1.800000000000e+03	7.370755710145e+02
2.326451587677e+01	1.700000000000e+03	7.370755716760e+02
2.328479385376e+01	1.800000000000e+03	7.370755742174e+02
2.330505847931e+01	2.250000000000e+03	7.370755810869e+02
2.332500553131e+01	1.900000000000e+03	7.370755882433e+02
2.334492945671e+01	1.800000000000e+03	7.370755922093e+02
2.336447215080e+01	3.100000000000e+03	7.370755922093e+02
2.338414931297e+01	2.200000000000e+03	7.370755981546e+02
2.340479493141e+01	1.950000000000e+03	7.370756053972e+02
2.342425608635e+01	1.900000000000e+03	7.370756120747e+02
2.344452404976e+01	2.000000000000e+03	7.370756179791e+02
2.346414947510e+01	2.050000000000e+03	7.370756232987e+02
2.348487472534e+01	1.800000000000e+03	7.370756232987e+02
2.350512361526e+01	2.100000000000e+03	7.370756277717e+02
2.352502465248e+01	3.000000000000e+03	7.370756344612e+02
2.354485940933e+01	1.200000000000e+03	7.370756413559e+02
2.356443786621e+01	2.100000000000e+03	7.370756438545e+02
2.358403778076e+01	2.200000000000e+03	7.370756445331e+02
2.360478878021e+01	1.700000000000e+03	7.370756515930e+02
2.362483882904e+01	2.050000000000e+03	7.370756583261e+02
2.364497208595e+01	1.450000000000e+03	7.370756643643e+02
2.366496133804e+01	1.000000000000e+03	7.370756643643e+02
2.368489813805e+01	2.450000000000e+03	7.370756673366e+02
2.370484447479e+01	1.750000000000e+03	7.370756739488e+02
2.372489047050e+01	1.900000000000e+03	7.370756812479e+02
2.374545931816e+01	2.350000000000e+03	7.370756849700e+02
2.376437306404e+01	1.700000000000e+03	7.370756849700e+02
2.378487467766e+01	1.850000000000e+03	7.370756862408e+02
2.380487728119e+01	1.400000000000e+03	7.370756929867e+02
2.382443094254e+01	1.950000000000e+03	7.370757002847e+02
2.384487342834e+01	2.000000000000e+03	7.370757052745e+02
2.386434221268e+01	1.600000000000e+03	7.370757052745e+02
2.388483858109e+01	1.350000000000e+03	7.370757097036e+02
2.390605068207e+01	2.000000000000e+03	7.370757145217e+02
2.392460703850e+01	1.550000000000e+03	7.370757235498e+02
2.394511961937e+01	2.000000000000e+03	7.370757290518e+02
2.396530270576e+01	1.800000000000e+03	7.370757339381e+02
2.398485875130e+01	1.800000000000e+03	7.370757341791e+02
2.400441336632e+01	1.800000000000e+03	7.370757370513e+02
2.402451992035e+01	1.500000000000e+03	7.370757425776e+02
2.404481744766e+01	1.300000000000e+03	7.370757493154e+02
2.406477475166e+01	1.250000000000e+03	7.370757530699e+02
2.408438920975e+01	1.050000000000e+03	7.370757530699e+02
2.410506033897e+01	1.400000000000e+03	7.370757585258e+02
2.412487435341e+01	1.200000000000e+03	7.370757650129e+02
2.414515733719e+01	1.650000000000e+03	7.370757724300e+02
2.416462564468e+01	1.800000000000e+03	7.370757729573e+02
2.418414497375e+01	9.000000000000e+02	7.370757751584e+02
2.420454001427e+01	1.250000000000e+03	7.370757815896e+02
2.422437977791e+01	1.350000000000e+03	7.370757881185e+02
2.424461603165e+01	1.350000000000e+03	7.370757934873e+02
2.426427602768e+01	1.000000000000e+03	7.370757934873e+02
2.428453731537e+01	1.700000000000e+03	7.370757980396e+02
2.430487751961e+01	1.500000000000e+03	7.370758046070e+02
2.432485437393e+01	1.600000000000e+03	7.370758111777e+02
2.434472870827e+01	9.500000000000e+02	7.370758174521e+02
2.436569333076e+01	1.100000000000e+03	7.370758239041e+02
2.438461518288e+01	1.000000000000e+03	7.370758242038e+02
2.440456199646e+01	1.500000000000e+03	7.370758272506e+02
2.442435765266e+01	1.250000000000e+03	7.370758339701e+02
2.444479680061e+01	9.500000000000e+02	7.370758415577e+02
2.446487641335e+01	1.650000000000e+03	7.370758458501e+02
2.448416018486e+01	9.500000000000e+02	7.370758458501e+02
2.450406193733e+01	1.000000000000e+03	7.370758510368e+02
2.452487730980e+01	9.500000000000e+02	7.370758580099e+02
2.454454708099e+01	1.000000000000e+03	7.370758647877e+02
2.456507277489e+01	1.050000000000e+03	7.370758665829e+02
2.458407211304e+01	7.500000000000e+02	7.370758680131e+02
2.460487842560e+01	8.500000000000e+02	7.370758754325e+02
2.462472128868e+01	9.000000000000e+02	7.370758803380e+02
2.464487862587e+01	1.500000000000e+03	7.370758846061e+02
2.466442894936e+01	1.450000000000e+03	7.370758886282e+02
2.468454360962e+01	1.050000000000e+03	7.370758925335e+02
2.470507550240e+01	7.500000000000e+02	7.370758965198e+02
2.472478914261e+01	7.500000000000e+02	7.370759034397e+02
2.474502348900e+01	8.000000000000e+02	7.370759073286e+02
2.476431822777e+01	8.000000000000e+02	7.370759103607e+02
2.478426504135e+01	7.500000000000e+02	7.370759150314e+02
2.480487489700e+01	8.500000000000e+02	7.370759206622e+02
2.482470941544e+01	7.500000000000e+02	7.370759271645e+02
2.484425473213e+01	1.100000000000e+03	7.370759278226e+02
2.486472845078e+01	1.050000000000e+03	7.370759310644e+02
2.488476777077e+01	8.000000000000e+02	7.370759388057e+02
2.490474033356e+01	4.500000000000e+02	7.370759451967e+02
2.492478775978e+01	6.000000000000e+02	7.370759487368e+02
2.494479966164e+01	5.000000000000e+02	7.370759487368e+02
2.496464896202e+01	1.150000000000e+03	7.370759531904e+02
2.498426342010e+01	8.000000000000e+02	7.370759594946e+02
2.500509834290e+01	1.050000000000e+03	7.370759665728e+02
2.502426028252e+01	7.500000000000e+02	7.370759729157e+02
2.504487705231e+01	3.500000000000e+02	7.370759786415e+02
2.506414508820e+01	4.000000000000e+02	7.370759786415e+02
2.508535099030e+01	6.500000000000e+02	7.370759835455e+02
2.510429573059e+01	5.500000000000e+02	7.370759884466e+02
2.512423968315e+01	1.000000000000e+03	7.370759949871e+02
2.514421510696e+01	6.000000000000e+02	7.370759986693e+02
2.516428804398e+01	9.000000000000e+02	7.370759986693e+02
2.518475723267e+01	6.000000000000e+02	7.370760046387e+02
2.520487785339e+01	9.000000000000e+02	7.370760112683e+02
2.522487974167e+01	6.500000000000e+02	7.370760181182e+02
2.524530291557e+01	6.000000000000e+02	7.370760199705e+02
2.526524901390e+01	4.500000000000e+02	7.370760211134e+02
2.528421783447e+01	3.500000000000e+02	7.370760265494e+02
2.530473470688e+01	6.500000000000e+02	7.370760332077e+02
2.532414841652e+01	5.000000000000e+02	7.370760399574e+02
2.534476780891e+01	4.500000000000e+02	7.370760399574e+02
2.536539840698e+01	5.000000000000e+02	7.370760435608e+02
2.538436961174e+01	5.000000000000e+02	7.370760499412e+02
2.540490746498e+01	5.500000000000e+02	7.370760569189e+02
2.542419171333e+01	7.500000000000e+02	7.370760607466e+02
2.544438481331e+01	4.000000000000e+02	7.370760607466e+02
2.546437454224e+01	4.500000000000e+02	7.370760662952e+02
2.548434257507e+01	4.000000000000e+02	7.370760730371e+02
2.550428891182e+01	3.500000000000e+02	7.370760800941e+02
2.552520251274e+01	7.000000000000e+02	7.370760816543e+02
2.554503059387e+01	6.000000000000e+02	7.370760835778e+02
2.556480360031e+01	4.500000000000e+02	7.370760912039e+02
2.558426308632e+01	4.500000000000e+02	7.370760971280e+02
2.560498571396e+01	6.500000000000e+02	7.370761033273e+02
2.562487888336e+01	8.000000000000e+02	7.370761095324e+02
2.564417338371e+01	5.500000000000e+02	7.370761120796e+02
2.566407394409e+01	5.500000000000e+02	7.370761120796e+02
2.568433928490e+01	4.000000000000e+02	7.370761120796e+02
2.570474052429e+01	7.000000000000e+02	7.370761182498e+02
2.572519135475e+01	3.000000000000e+02	7.370761322972e+02
2.574487996101e+01	4.000000000000e+02	7.370761322972e+02
2.576533102989e+01	6.000000000000e+02	7.370761357230e+02
2.578427004814e+01	9.000000000000e+02	7.370761420278e+02
2.580565690994e+01	3.500000000000e+02	7.370761469438e+02
2.582460451126e+01	2.500000000000e+02	7.370761510615e+02
2.584455060959e+01	5.000000000000e+02	7.370761530122e+02
2.586449670792e+01	3.000000000000e+02	7.370761584621e+02
2.588483572006e+01	5.000000000000e+02	7.370761649736e+02
2.590512108803e+01	4.500000000000e+02	7.370761714110e+02
2.592482018471e+01	2.500000000000e+02	7.370761729829e+02
2.594489407539e+01	1.000000000000e+02	7.370761749594e+02
2.596478199959e+01	2.500000000000e+02	7.370761812708e+02
2.598565959930e+01	3.500000000000e+02	7.370761875806e+02
2.600564551353e+01	4.000000000000e+02	7.370761933783e+02
2.602465128899e+01	3.500000000000e+02	7.370761977146e+02
2.604580378532e+01	2.000000000000e+02	7.370762025406e+02
2.606520009041e+01	1.000000000000e+02	7.370762031976e+02
2.608483099937e+01	2.000000000000e+02	7.370762088822e+02
2.610507774353e+01	2.000000000000e+02	7.370762159303e+02
2.612500977516e+01	3.000000000000e+02	7.370762209278e+02
2.614500951767e+01	5.500000000000e+02	7.370762242966e+02
2.616473293304e+01	1.500000000000e+02	7.370762242966e+02
2.618507289886e+01	3.500000000000e+02	7.370762306517e+02
2.620501232147e+01	2.500000000000e+02	7.370762350121e+02
2.622409343719e+01	1.000000000000e+02	7.370762358878e+02
2.624505734444e+01	2.000000000000e+02	7.370762420214e+02
2.626489329338e+01	2.500000000000e+02	7.370762478620e+02
2.628479838371e+01	3.000000000000e+02	7.370762537738e+02
2.630491876602e+01	3.000000000000e+02	7.370762599398e+02
2.632428932190e+01	3.000000000000e+02	7.370762660175e+02
2.634488511086e+01	2.500000000000e+02	7.370762732691e+02
2.636481642723e+01	5.000000000000e+02	7.370762765389e+02
2.638484787941e+01	4.000000000000e+02	7.370762765389e+02
2.640485405922e+01	3.500000000000e+02	7.370762836317e+02
2.642458772659e+01	5.000000000000e+02	7.370762905346e+02
2.644420742989e+01	2.000000000000e+02	7.370762968942e+02
2.646479630470e+01	2.000000000000e+02	7.370762975053e+02
2.648484635353e+01	4.000000000000e+02	7.370762997729e+02
2.650508427620e+01	2.000000000000e+02	7.370763055502e+02
2.652404761314e+01	3.500000000000e+02	7.370763121582e+02
2.654461860657e+01	3.000000000000e+02	7.370763181458e+02
2.656456112862e+01	2.000000000000e+02	7.370763181458e+02
2.658451128006e+01	1.000000000000e+02	7.370763246708e+02
2.660415291786e+01	3.000000000000e+02	7.370763304524e+02
2.662410259247e+01	1.500000000000e+02	7.370763353120e+02
2.664473652840e+01	2.500000000000e+02	7.370763375150e+02
2.666413950920e+01	5.000000000000e+01	7.370763375150e+02
2.668480539322e+01	2.500000000000e+02	7.370763420784e+02
2.670477366447e+01	2.000000000000e+02	7.370763451572e+02
2.672552442551e+01	5.000000000000e+01	7.370763471747e+02
2.674479866028e+01	2.000000000000e+02	7.370763471747e+02
2.676434850693e+01	2.500000000000e+02	7.370763475429e+02
2.678529191017e+01	1.500000000000e+02	7.370763483118e+02
2.680454897881e+01	5.500000000000e+02	7.370763494026e+02
2.682509732246e+01	4.500000000000e+02	7.370763501710e+02
2.684457015991e+01	1.000000000000e+02	7.370763501710e+02
2.686512279510e+01	2.000000000000e+02	7.370763502654e+02
2.688459420204e+01	2.000000000000e+02	7.370763505232e+02
2.690450572968e+01	2.500000000000e+02	7.370763511981e+02
2.692447090149e+01	2.500000000000e+02	7.370763513662e+02
2.694439673424e+01	4.500000000000e+02	7.370763514403e+02
2.696522831917e+01	3.000000000000e+02	7.370763518507e+02
2.698445749283e+01	1.000000000000e+02	7.370763520139e+02
2.700556206703e+01	1.500000000000e+02	7.370763520582e+02
2.702433419228e+01	1.000000000000e+02	7.370763524611e+02
2.704552388191e+01	3.000000000000e+02	7.370763527100e+02
2.706522083282e+01	2.500000000000e+02	7.370763527100e+02
2.708483624458e+01	0.000000000000e+00	7.370763529289e+02
2.710487604141e+01	2.000000000000e+02	7.370763531439e+02
2.712444114685e+01	2.500000000000e+02	7.370763533084e+02
2.714485311508e+01	3.000000000000e+02	7.370763533208e+02
2.716403555870e+01	3.000000000000e+02	7.370763533419e+02
2.718432807922e+01	1.000000000000e+02	7.370763534508e+02
2.720458054543e+01	2.000000000000e+02	7.370763536065e+02
2.722514986992e+01	1.500000000000e+02	7.370763537957e+02
2.724449729919e+01	3.000000000000e+02	7.370763538049e+02
2.726503014565e+01	5.000000000000e+01	7.370763539545e+02
2.728497695923e+01	1.500000000000e+02	7.370763542870e+02
2.730494642258e+01	2.000000000000e+02	7.370763544877e+02
2.732422900200e+01	2.500000000000e+02	7.370763546269e+02
2.734501004219e+01	1.000000000000e+02	7.370763546473e+02
2.736460042000e+01	1.500000000000e+02	7.370763547841e+02
2.738485193253e+01	2.500000000000e+02	7.370763549359e+02
2.740505099297e+01	3.000000000000e+02	7.370763558176e+02
2.742476367950e+01	4.000000000000e+02	7.370763560270e+02
2.744477438927e+01	1.500000000000e+02	7.370763560199e+02
2.746414661407e+01	5.000000000000e+01	7.370763559908e+02
2.748484897614e+01	2.500000000000e+02	7.370763560175e+02
2.750509953499e+01	1.500000000000e+02	7.370763561833e+02
2.752420186996e+01	2.000000000000e+02	7.370763563741e+02
2.754477977753e+01	3.000000000000e+02	7.370763566373e+02
2.756489276886e+01	3.000000000000e+02	7.370763569500e+02
2.758529138565e+01	3.500000000000e+02	7.370763570644e+02
2.760794162750e+01	4.500000000000e+02	7.370763570644e+02
2.762891292572e+01	1.000000000000e+02	7.370763570616e+02
2.765783834457e+01	4.000000000000e+02	7.370763570578e+02
2.769612312317e+01	3.500000000000e+02	7.370763570528e+02
2.773116183281e+01	3.000000000000e+02	7.370763570482e+02
2.774814105034e+01	1.000000000000e+02	7.370763570460e+02
2.776509594917e+01	2.000000000000e+02	7.370763570438e+02
2.778205561638e+01	2.000000000000e+02	7.370763571287e+02
2.782295155525e+01	3.000000000000e+02	7.370763573336e+02
2.787677454948e+01	0.000000000000e+00	7.370763576032e+02
2.787677454948e+01	3.500000000000e+02	7.370763576032e+02
2.789572358131e+01	1.000000000000e+02	7.370763576981e+02
