time(ps)	counts
0	5
400000	9
800000	6
1200000	67
1600000	147
2000000	135
2400000	108
2800000	114
3200000	79
3600000	108
4000000	106
4400000	73
4800000	77
5200000	74
5600000	59
6000000	98
6400000	77
6800000	75
7200000	72
7600000	68
8000000	53
8400000	59
8800000	63
9200000	59
9600000	56
10000000	53
10400000	57
10800000	67
11200000	51
11600000	51
12000000	52
12400000	41
12800000	59
13200000	53
13600000	54
14000000	52
14400000	57
14800000	59
15200000	53
15600000	61
16000000	58
16400000	59
16800000	47
17200000	49
17600000	67
18000000	50
18400000	43
18800000	46
19200000	61
19600000	46
20000000	43
20400000	54
20800000	58
21200000	44
21600000	65
22000000	45
22400000	62
22800000	43
23200000	55
23600000	58
24000000	41
24400000	48
24800000	46
25200000	39
25600000	50
26000000	52
26400000	59
26800000	65
27200000	48
27600000	59
28000000	44
28400000	51
28800000	48
29200000	50
29600000	55
30000000	47
30400000	60
30800000	61
31200000	32
31600000	6
32000000	10
32400000	10
32800000	6
33200000	12
33600000	7
34000000	6
34400000	6
34800000	9
35200000	12
35600000	5
36000000	11
36400000	59
36800000	55
37200000	59
37600000	64
38000000	62
38400000	55
38800000	54
39200000	43
39600000	61
40000000	64
40400000	52
40800000	57
41200000	64
41600000	50
42000000	59
42400000	50
42800000	53
43200000	55
43600000	55
44000000	58
44400000	47
44800000	45
45200000	48
45600000	51
46000000	54
46400000	46
46800000	54
47200000	44
47600000	57
48000000	43
48400000	47
48800000	51
49200000	53
49600000	51
50000000	52
50400000	61
50800000	31
51200000	50
51600000	53
52000000	49
52400000	50
52800000	76
53200000	57
53600000	62
54000000	48
54400000	68
54800000	55
55200000	53
55600000	58
56000000	54
56400000	48
56800000	47
57200000	65
57600000	43
58000000	43
58400000	44
58800000	58
59200000	53
59600000	48
60000000	55
60400000	49
60800000	52
61200000	48
61600000	67
62000000	53
62400000	65
62800000	54
63200000	38
63600000	48
64000000	44
64400000	60
64800000	50
65200000	57
65600000	57
66000000	44
66400000	12
66800000	3
67200000	7
67600000	5
68000000	4
68400000	4
68800000	7
69200000	5
69600000	3
70000000	11
70400000	3
70800000	6
71200000	8
71600000	8
72000000	7
72400000	10
72800000	10
73200000	12
73600000	4
74000000	8
74400000	8
74800000	9
75200000	8
75600000	4
76000000	9
76400000	90
76800000	78
77200000	68
77600000	59
78000000	68
78400000	58
78800000	64
79200000	79
79600000	61
80000000	72
80400000	56
80800000	57
81200000	47
81600000	55
82000000	50
82400000	65
82800000	41
83200000	47
83600000	47
84000000	61
84400000	58
84800000	53
85200000	46
85600000	48
86000000	54
86400000	56
86800000	55
87200000	54
87600000	55
88000000	53
88400000	49
88800000	55
89200000	53
89600000	52
90000000	44
90400000	40
90800000	51
91200000	56
91600000	59
92000000	40
92400000	54
92800000	50
93200000	58
93600000	58
94000000	54
94400000	50
94800000	46
95200000	62
95600000	52
96000000	63
96400000	45
96800000	38
97200000	53
97600000	43
98000000	62
98400000	51
98800000	56
99200000	46
99600000	50
100000000	53
100400000	47
100800000	53
101200000	51
101600000	57
102000000	61
102400000	61
102800000	56
103200000	46
103600000	53
104000000	51
104400000	62
104800000	55
105200000	38
105600000	50
106000000	44
106400000	13
106800000	8
107200000	12
107600000	6
108000000	7
108400000	9
108800000	7
109200000	6
109600000	10
110000000	7
110400000	9
110800000	6
111200000	4
111600000	9
112000000	6
112400000	8
112800000	9
113200000	5
113600000	11
114000000	11
114400000	8
114800000	7
115200000	5
115600000	5
116000000	12
116400000	4
116800000	7
117200000	7
117600000	7
118000000	11
118400000	7
118800000	6
119200000	9
119600000	9
120000000	7
120400000	10
120800000	8
121200000	67
121600000	102
122000000	76
122400000	71
122800000	61
123200000	70
123600000	60
124000000	64
124400000	79
124800000	66
125200000	63
125600000	51
126000000	69
126400000	70
126800000	41
127200000	48
127600000	49
128000000	66
128400000	72
128800000	55
129200000	64
129600000	55
130000000	66
130400000	49
130800000	66
131200000	61
131600000	43
132000000	78
132400000	63
132800000	58
133200000	52
133600000	52
134000000	54
134400000	58
134800000	58
135200000	52
135600000	40
136000000	56
136400000	64
136800000	65
137200000	53
137600000	52
138000000	54
138400000	59
138800000	44
139200000	55
139600000	46
140000000	53
140400000	55
140800000	44
141200000	48
141600000	52
142000000	67
142400000	36
142800000	47
143200000	54
143600000	61
144000000	66
144400000	52
144800000	64
145200000	55
145600000	44
146000000	57
146400000	44
146800000	45
147200000	60
147600000	46
148000000	60
148400000	47
148800000	63
149200000	40
149600000	54
150000000	61
150400000	44
150800000	56
151200000	42
151600000	5
152000000	9
152400000	11
152800000	5
153200000	3
153600000	3
154000000	9
154400000	9
154800000	6
155200000	7
155600000	3
156000000	3
156400000	7
156800000	8
157200000	8
157600000	6
158000000	11
158400000	7
158800000	6
159200000	5
159600000	6
160000000	7
160400000	11
160800000	5
161200000	6
161600000	14
162000000	8
162400000	10
162800000	13
163200000	10
163600000	8
164000000	5
164400000	10
164800000	12
165200000	4
165600000	5
166000000	10
166400000	9
166800000	7
167200000	10
167600000	11
168000000	7
168400000	6
168800000	5
169200000	5
169600000	6
170000000	8
170400000	9
170800000	12
171200000	54
171600000	111
172000000	90
172400000	87
172800000	77
173200000	77
173600000	72
174000000	78
174400000	67
174800000	82
175200000	76
175600000	55
176000000	64
176400000	55
176800000	58
177200000	60
177600000	69
178000000	52
178400000	51
178800000	54
179200000	63
179600000	54
180000000	52
180400000	57
180800000	59
181200000	51
181600000	50
182000000	58
182400000	41
182800000	53
183200000	61
183600000	58
184000000	43
184400000	51
184800000	60
185200000	46
185600000	56
186000000	53
186400000	52
186800000	49
187200000	44
187600000	48
188000000	49
188400000	62
188800000	59
189200000	54
189600000	57
190000000	55
190400000	58
190800000	48
191200000	56
191600000	50
192000000	53
192400000	55
192800000	36
193200000	70
193600000	72
194000000	44
194400000	42
194800000	62
195200000	44
195600000	50
196000000	56
196400000	57
196800000	44
197200000	46
197600000	59
198000000	62
198400000	42
198800000	47
199200000	58
199600000	63
200000000	53
200400000	51
200800000	50
201200000	25
201600000	8
202000000	6
202400000	7
202800000	6
203200000	8
203600000	11
204000000	12
204400000	13
204800000	5
205200000	7
205600000	7
206000000	4
206400000	6
206800000	8
207200000	8
207600000	6
208000000	4
208400000	11
208800000	5
209200000	7
209600000	7
210000000	6
210400000	7
210800000	6
211200000	6
211600000	2
212000000	8
212400000	7
212800000	13
213200000	5
213600000	8
214000000	3
214400000	7
214800000	9
215200000	4
215600000	8
216000000	7
216400000	3
216800000	13
217200000	9
217600000	7
218000000	8
218400000	6
218800000	8
219200000	7
219600000	5
220000000	3
220400000	10
220800000	5
221200000	6
221600000	8
222000000	10
222400000	6
222800000	7
223200000	6
223600000	7
224000000	10
224400000	6
224800000	4
225200000	4
225600000	9
226000000	5
226400000	105
226800000	93
227200000	99
227600000	95
228000000	88
228400000	74
228800000	91
229200000	77
229600000	75
230000000	64
230400000	75
230800000	66
231200000	58
231600000	60
232000000	54
232400000	63
232800000	68
233200000	67
233600000	65
234000000	48
234400000	64
234800000	47
235200000	59
235600000	55
236000000	60
236400000	55
236800000	52
237200000	58
237600000	55
238000000	52
238400000	47
238800000	54
239200000	50
239600000	53
240000000	53
240400000	41
240800000	49
241200000	47
241600000	60
242000000	44
242400000	41
242800000	45
243200000	59
243600000	51
244000000	49
244400000	55
244800000	44
245200000	50
245600000	54
246000000	68
246400000	60
246800000	53
247200000	45
247600000	55
248000000	56
248400000	49
248800000	46
249200000	51
249600000	65
250000000	55
250400000	33
250800000	48
251200000	62
251600000	36
252000000	55
252400000	53
252800000	52
253200000	49
253600000	61
254000000	44
254400000	58
254800000	48
255200000	69
255600000	57
256000000	56
256400000	11
256800000	7
257200000	7
257600000	6
258000000	7
258400000	9
258800000	7
259200000	12
259600000	5
260000000	5
260400000	5
260800000	12
261200000	4
261600000	10
262000000	5
262400000	5
262800000	5
263200000	7
263600000	7
264000000	6
264400000	7
264800000	8
265200000	6
265600000	2
266000000	10
266400000	5
266800000	6
267200000	2
267600000	4
268000000	10
268400000	4
268800000	4
269200000	3
269600000	11
270000000	6
270400000	10
270800000	5
271200000	7
271600000	7
272000000	4
272400000	9
272800000	6
273200000	9
273600000	7
274000000	4
274400000	8
274800000	7
275200000	7
275600000	4
276000000	7
276400000	8
276800000	7
277200000	10
277600000	5
278000000	9
278400000	4
278800000	7
279200000	8
279600000	7
280000000	7
280400000	7
280800000	4
281200000	5
281600000	8
282000000	6
282400000	6
282800000	2
283200000	8
283600000	7
284000000	11
284400000	13
284800000	9
285200000	11
285600000	7
286000000	10
286400000	118
286800000	111
287200000	101
287600000	94
288000000	92
288400000	82
288800000	69
289200000	60
289600000	68
290000000	86
290400000	66
290800000	74
291200000	59
291600000	69
292000000	57
292400000	74
292800000	50
293200000	51
293600000	64
294000000	58
294400000	47
294800000	74
295200000	60
295600000	63
296000000	58
296400000	59
296800000	53
297200000	57
297600000	58
298000000	63
298400000	57
298800000	51
299200000	57
299600000	40
300000000	56
300400000	62
300800000	64
301200000	54
301600000	51
302000000	38
302400000	47
302800000	63
303200000	57
303600000	46
304000000	66
304400000	58
304800000	48
305200000	62
305600000	43
306000000	49
306400000	56
306800000	64
307200000	52
307600000	48
308000000	65
308400000	60
308800000	38
309200000	52
309600000	41
310000000	53
310400000	51
310800000	65
311200000	65
311600000	47
312000000	57
312400000	65
312800000	53
313200000	71
313600000	51
314000000	43
314400000	48
314800000	51
315200000	44
315600000	48
316000000	42
316400000	6
316800000	7
317200000	7
317600000	5
318000000	7
318400000	4
318800000	6
319200000	7
319600000	7
320000000	4
320400000	8
320800000	2
321200000	5
321600000	9
322000000	9
322400000	7
322800000	3
323200000	7
323600000	5
324000000	5
324400000	6
324800000	7
325200000	2
325600000	10
326000000	9
326400000	6
326800000	19
327200000	13
327600000	4
328000000	5
328400000	8
328800000	11
329200000	6
329600000	5
330000000	6
330400000	7
330800000	6
331200000	7
331600000	6
332000000	8
332400000	6
332800000	6
333200000	4
333600000	6
334000000	12
334400000	4
334800000	7
335200000	12
335600000	9
336000000	9
336400000	4
336800000	5
337200000	9
337600000	8
338000000	5
338400000	4
338800000	7
339200000	8
339600000	6
340000000	9
340400000	6
340800000	10
341200000	7
341600000	7
342000000	5
342400000	7
342800000	11
343200000	5
343600000	3
344000000	3
344400000	7
344800000	4
345200000	6
345600000	7
346000000	12
346400000	4
346800000	12
347200000	3
347600000	2
348000000	10
348400000	9
348800000	3
349200000	6
349600000	7
350000000	6
350400000	5
350800000	4
351200000	63
351600000	108
352000000	116
352400000	94
352800000	82
353200000	83
353600000	80
354000000	89
354400000	85
354800000	69
355200000	66
355600000	81
356000000	58
356400000	77
356800000	66
357200000	59
357600000	58
358000000	54
358400000	66
358800000	69
359200000	54
359600000	60
360000000	52
360400000	59
360800000	53
361200000	60
361600000	57
362000000	61
362400000	54
362800000	51
363200000	47
363600000	55
364000000	57
364400000	55
364800000	45
365200000	66
365600000	47
366000000	45
366400000	47
366800000	62
367200000	48
367600000	49
368000000	62
368400000	63
368800000	48
369200000	54
369600000	53
370000000	58
370400000	50
370800000	51
371200000	52
371600000	50
372000000	56
372400000	55
372800000	48
373200000	41
373600000	48
374000000	52
374400000	61
374800000	50
375200000	50
375600000	57
376000000	63
376400000	47
376800000	62
377200000	50
377600000	53
378000000	54
378400000	67
378800000	55
379200000	57
379600000	47
380000000	48
380400000	69
380800000	48
381200000	30
381600000	4
382000000	4
382400000	7
382800000	15
383200000	11
383600000	4
384000000	7
384400000	8
384800000	6
385200000	8
385600000	2
386000000	4
386400000	9
386800000	6
387200000	10
387600000	12
388000000	5
388400000	8
388800000	4
389200000	7
389600000	8
390000000	13
390400000	6
390800000	8
391200000	8
391600000	12
392000000	6
392400000	7
392800000	9
393200000	8
393600000	8
394000000	8
394400000	8
394800000	8
395200000	12
395600000	6
396000000	8
396400000	11
396800000	5
397200000	9
397600000	7
398000000	6
398400000	5
398800000	5
399200000	9
399600000	7
400000000	13
400400000	7
400800000	9
401200000	7
401600000	6
402000000	5
402400000	3
402800000	6
403200000	8
403600000	7
404000000	6
404400000	5
404800000	8
405200000	8
405600000	7
406000000	6
406400000	4
406800000	7
407200000	7
407600000	5
408000000	8
408400000	7
408800000	7
409200000	5
409600000	9
410000000	3
410400000	11
410800000	9
411200000	4
411600000	5
412000000	4
412400000	10
412800000	6
413200000	7
413600000	10
414000000	5
414400000	11
414800000	10
415200000	6
415600000	5
416000000	13
416400000	7
416800000	4
417200000	3
417600000	8
418000000	6
418400000	12
418800000	12
419200000	4
419600000	10
420000000	8
420400000	16
420800000	5
421200000	63
421600000	146
422000000	109
422400000	122
422800000	92
423200000	108
423600000	89
424000000	87
424400000	94
424800000	65
425200000	77
425600000	78
426000000	70
426400000	71
426800000	60
427200000	44
427600000	67
428000000	68
428400000	69
428800000	52
429200000	48
429600000	48
430000000	62
430400000	62
430800000	70
431200000	59
431600000	58
432000000	53
432400000	53
432800000	51
433200000	39
433600000	59
434000000	74
434400000	62
434800000	53
435200000	54
435600000	62
436000000	75
436400000	62
436800000	60
437200000	32
437600000	45
438000000	59
438400000	43
438800000	47
439200000	53
439600000	65
440000000	39
440400000	72
440800000	49
441200000	36
441600000	56
442000000	56
442400000	52
442800000	50
443200000	55
443600000	46
444000000	54
444400000	48
444800000	60
445200000	64
445600000	64
446000000	61
446400000	54
446800000	55
447200000	50
447600000	46
448000000	42
448400000	64
448800000	56
449200000	52
449600000	46
450000000	46
450400000	45
450800000	53
451200000	30
451600000	3
452000000	8
452400000	6
452800000	1
453200000	8
453600000	6
454000000	6
454400000	9
454800000	7
455200000	4
455600000	8
456000000	13
456400000	11
456800000	8
457200000	5
457600000	9
458000000	9
458400000	5
458800000	10
459200000	6
459600000	8
460000000	9
460400000	6
460800000	11
461200000	6
461600000	10
462000000	3
462400000	6
462800000	5
463200000	4
463600000	5
464000000	4
464400000	7
464800000	10
465200000	5
465600000	5
466000000	9
466400000	6
466800000	12
467200000	5
467600000	5
468000000	7
468400000	6
468800000	10
469200000	7
469600000	10
470000000	6
470400000	5
470800000	4
471200000	10
471600000	10
472000000	3
472400000	6
472800000	6
473200000	7
473600000	4
474000000	11
474400000	7
474800000	7
475200000	6
475600000	8
476000000	7
476400000	7
476800000	9
477200000	6
477600000	5
478000000	12
478400000	9
478800000	4
479200000	6
479600000	4
480000000	10
480400000	6
480800000	3
481200000	7
481600000	8
482000000	3
482400000	6
482800000	4
483200000	5
483600000	10
484000000	6
484400000	5
484800000	2
485200000	8
485600000	9
486000000	6
486400000	10
486800000	10
487200000	6
487600000	5
488000000	6
488400000	9
488800000	9
489200000	7
489600000	13
490000000	8
490400000	8
490800000	9
491200000	6
491600000	8
492000000	14
492400000	7
492800000	7
493200000	8
493600000	8
494000000	5
494400000	6
494800000	7
495200000	10
495600000	7
496000000	7
496400000	132
496800000	116
497200000	99
497600000	107
498000000	105
498400000	91
498800000	96
499200000	81
499600000	73
500000000	84
500400000	80
500800000	70
501200000	77
501600000	70
502000000	58
502400000	47
502800000	76
503200000	60
503600000	52
504000000	70
504400000	63
504800000	57
505200000	61
505600000	51
506000000	64
506400000	51
506800000	54
507200000	62
507600000	55
508000000	52
508400000	59
508800000	51
509200000	60
509600000	64
510000000	48
510400000	58
510800000	59
511200000	58
511600000	62
512000000	48
512400000	49
512800000	55
513200000	51
513600000	57
514000000	47
514400000	42
514800000	49
515200000	55
515600000	41
516000000	44
516400000	67
516800000	56
517200000	47
517600000	53
518000000	51
518400000	49
518800000	42
519200000	49
519600000	55
520000000	45
520400000	51
520800000	52
521200000	56
521600000	47
522000000	58
522400000	48
522800000	45
523200000	50
523600000	62
524000000	47
524400000	70
524800000	59
525200000	63
525600000	52
526000000	51
526400000	9
526800000	7
527200000	6
527600000	11
528000000	8
528400000	11
528800000	7
529200000	2
529600000	10
530000000	7
530400000	6
530800000	9
531200000	4
531600000	5
532000000	9
532400000	4
532800000	5
533200000	9
533600000	9
534000000	6
534400000	13
534800000	6
535200000	6
535600000	7
536000000	7
536400000	10
536800000	9
537200000	2
537600000	5
538000000	6
538400000	5
538800000	4
539200000	9
539600000	10
540000000	5
540400000	8
540800000	4
541200000	11
541600000	10
542000000	9
542400000	4
542800000	3
543200000	7
543600000	4
544000000	9
544400000	10
544800000	8
545200000	5
545600000	7
546000000	10
546400000	6
546800000	7
547200000	8
547600000	5
548000000	10
548400000	9
548800000	7
549200000	7
549600000	5
550000000	7
550400000	4
550800000	4
551200000	9
551600000	14
552000000	7
552400000	3
552800000	8
553200000	7
553600000	6
554000000	5
554400000	5
554800000	8
555200000	6
555600000	6
556000000	5
556400000	6
556800000	8
557200000	6
557600000	5
558000000	7
558400000	5
558800000	8
559200000	10
559600000	2
560000000	8
560400000	3
560800000	3
561200000	7
561600000	3
562000000	9
562400000	5
562800000	5
563200000	8
563600000	7
564000000	6
564400000	12
564800000	4
565200000	6
565600000	7
566000000	9
566400000	8
566800000	6
567200000	8
567600000	8
568000000	7
568400000	11
568800000	5
569200000	8
569600000	8
570000000	7
570400000	7
570800000	6
571200000	6
571600000	9
572000000	5
572400000	4
572800000	8
573200000	5
573600000	9
574000000	6
574400000	7
574800000	4
575200000	8
575600000	8
576000000	9
576400000	139
576800000	136
577200000	107
577600000	102
578000000	95
578400000	81
578800000	69
579200000	83
579600000	86
580000000	83
580400000	89
580800000	69
581200000	77
581600000	74
582000000	80
582400000	72
582800000	77
583200000	73
583600000	61
584000000	55
584400000	59
584800000	58
585200000	50
585600000	61
586000000	50
586400000	52
586800000	64
587200000	45
587600000	57
588000000	53
588400000	50
588800000	59
589200000	61
589600000	49
590000000	51
590400000	47
590800000	61
591200000	57
591600000	62
592000000	52
592400000	56
592800000	53
593200000	55
593600000	75
594000000	59
594400000	49
594800000	66
595200000	66
595600000	55
596000000	44
596400000	43
596800000	61
597200000	52
597600000	61
598000000	45
598400000	42
598800000	55
599200000	45
599600000	53
600000000	48
600400000	45
600800000	42
601200000	56
601600000	65
602000000	51
602400000	46
602800000	55
603200000	66
603600000	65
604000000	48
604400000	49
604800000	65
605200000	46
605600000	60
606000000	55
606400000	11
606800000	7
607200000	8
607600000	5
608000000	7
608400000	6
608800000	7
609200000	7
609600000	8
610000000	10
610400000	7
610800000	7
611200000	5
611600000	12
612000000	3
612400000	11
612800000	12
613200000	10
613600000	8
614000000	3
614400000	8
614800000	9
615200000	9
615600000	4
616000000	12
616400000	9
616800000	7
617200000	6
617600000	5
618000000	10
618400000	6
618800000	3
619200000	9
619600000	7
620000000	5
620400000	7
620800000	3
621200000	6
621600000	8
622000000	6
622400000	5
622800000	1
623200000	9
623600000	8
624000000	7
624400000	5
624800000	10
625200000	4
625600000	9
626000000	9
626400000	7
626800000	3
627200000	10
627600000	4
628000000	7
628400000	7
628800000	6
629200000	6
629600000	8
630000000	8
630400000	6
630800000	5
631200000	10
631600000	3
632000000	7
632400000	10
632800000	4
633200000	3
633600000	9
634000000	4
634400000	7
634800000	9
635200000	6
635600000	6
636000000	8
636400000	3
636800000	12
637200000	6
637600000	3
638000000	13
638400000	7
638800000	12
639200000	7
639600000	8
640000000	7
640400000	5
640800000	5
641200000	7
641600000	9
642000000	8
642400000	8
642800000	7
643200000	9
643600000	9
644000000	15
644400000	12
644800000	7
645200000	8
645600000	5
646000000	8
646400000	10
646800000	10
647200000	14
647600000	5
648000000	6
648400000	9
648800000	6
649200000	6
649600000	7
650000000	11
650400000	6
650800000	3
651200000	11
651600000	10
652000000	6
652400000	8
652800000	6
653200000	2
653600000	7
654000000	5
654400000	3
654800000	7
655200000	9
655600000	7
656000000	5
656400000	8
656800000	5
657200000	6
657600000	6
658000000	4
658400000	14
658800000	7
659200000	11
659600000	4
660000000	9
660400000	9
660800000	7
661200000	80
661600000	147
662000000	121
662400000	115
662800000	100
663200000	101
663600000	113
664000000	95
664400000	71
664800000	78
665200000	71
665600000	68
666000000	94
666400000	63
666800000	57
667200000	66
667600000	61
668000000	75
668400000	62
668800000	65
669200000	62
669600000	66
670000000	66
670400000	68
670800000	47
671200000	53
671600000	60
672000000	54
672400000	46
672800000	61
673200000	50
673600000	58
674000000	38
674400000	59
674800000	63
675200000	63
675600000	55
676000000	67
676400000	46
676800000	46
677200000	57
677600000	53
678000000	52
678400000	60
678800000	59
679200000	49
679600000	58
680000000	63
680400000	55
680800000	59
681200000	53
681600000	49
682000000	60
682400000	52
682800000	46
683200000	40
683600000	51
684000000	50
684400000	51
684800000	60
685200000	57
685600000	53
686000000	45
686400000	59
686800000	53
687200000	50
687600000	55
688000000	49
688400000	56
688800000	52
689200000	47
689600000	55
690000000	53
690400000	56
690800000	62
691200000	35
691600000	7
692000000	4
692400000	5
692800000	3
693200000	8
693600000	8
694000000	8
694400000	8
694800000	7
695200000	6
695600000	11
696000000	6
696400000	6
696800000	11
697200000	2
697600000	8
698000000	9
698400000	14
698800000	8
699200000	5
699600000	4
700000000	7
700400000	7
700800000	6
701200000	9
701600000	10
702000000	8
702400000	5
702800000	7
703200000	6
703600000	5
704000000	8
704400000	6
704800000	12
705200000	7
705600000	3
706000000	5
706400000	7
706800000	5
707200000	10
707600000	10
708000000	10
708400000	5
708800000	7
709200000	4
709600000	7
710000000	7
710400000	11
710800000	7
711200000	10
711600000	5
712000000	9
712400000	11
712800000	11
713200000	6
713600000	10
714000000	9
714400000	7
714800000	8
715200000	5
715600000	6
716000000	5
716400000	5
716800000	7
717200000	1
717600000	8
718000000	8
718400000	11
718800000	3
719200000	7
719600000	7
720000000	1
720400000	6
720800000	7
721200000	9
721600000	5
722000000	6
722400000	5
722800000	8
723200000	6
723600000	8
724000000	5
724400000	9
724800000	10
725200000	5
725600000	7
726000000	4
726400000	7
726800000	4
727200000	9
727600000	7
728000000	7
728400000	6
728800000	5
729200000	8
729600000	7
730000000	6
730400000	10
730800000	13
731200000	4
731600000	8
732000000	10
732400000	8
732800000	11
733200000	2
733600000	8
734000000	9
734400000	7
734800000	2
735200000	0
735600000	8
736000000	4
736400000	9
736800000	14
737200000	5
737600000	14
738000000	10
738400000	7
738800000	9
739200000	5
739600000	9
740000000	10
740400000	5
740800000	9
741200000	7
741600000	5
742000000	5
742400000	6
742800000	6
743200000	7
743600000	8
744000000	8
744400000	7
744800000	7
745200000	8
745600000	10
746000000	5
746400000	1
746800000	2
747200000	11
747600000	8
748000000	7
748400000	5
748800000	5
749200000	4
749600000	6
750000000	7
750400000	5
750800000	6
751200000	69
751600000	141
752000000	143
752400000	135
752800000	108
753200000	82
753600000	105
754000000	90
754400000	72
754800000	97
755200000	70
755600000	76
756000000	68
756400000	71
756800000	63
757200000	80
757600000	63
758000000	61
758400000	59
758800000	59
759200000	57
759600000	58
760000000	61
760400000	64
760800000	51
761200000	65
761600000	56
762000000	60
762400000	48
762800000	52
763200000	67
763600000	71
764000000	53
764400000	53
764800000	51
765200000	50
765600000	52
766000000	52
766400000	45
766800000	60
767200000	50
767600000	53
768000000	57
768400000	50
768800000	46
769200000	52
769600000	54
770000000	58
770400000	54
770800000	58
771200000	46
771600000	60
772000000	54
772400000	52
772800000	36
773200000	52
773600000	48
774000000	60
774400000	46
774800000	52
775200000	61
775600000	56
776000000	57
776400000	54
776800000	57
777200000	43
777600000	48
778000000	44
778400000	56
778800000	65
779200000	47
779600000	47
780000000	45
780400000	47
780800000	45
781200000	33
781600000	4
782000000	11
782400000	6
782800000	6
783200000	11
783600000	13
784000000	6
784400000	7
784800000	10
785200000	9
785600000	11
786000000	8
786400000	11
786800000	8
787200000	13
787600000	9
788000000	5
788400000	2
788800000	9
789200000	7
789600000	8
790000000	7
790400000	8
790800000	8
791200000	12
791600000	8
792000000	4
792400000	11
792800000	11
793200000	5
793600000	9
794000000	10
794400000	9
794800000	9
795200000	3
795600000	4
796000000	5
796400000	7
796800000	12
797200000	8
797600000	9
798000000	6
798400000	7
798800000	10
799200000	12
799600000	11
800000000	4
800400000	11
800800000	8
801200000	9
801600000	7
802000000	8
802400000	9
802800000	4
803200000	3
803600000	7
804000000	7
804400000	10
804800000	6
805200000	10
805600000	12
806000000	11
806400000	9
806800000	9
807200000	8
807600000	12
808000000	9
808400000	6
808800000	11
809200000	4
809600000	7
810000000	6
810400000	4
810800000	11
811200000	7
811600000	9
812000000	6
812400000	2
812800000	6
813200000	7
813600000	4
814000000	8
814400000	9
814800000	5
815200000	10
815600000	10
816000000	9
816400000	2
816800000	8
817200000	19
817600000	5
818000000	9
818400000	1
818800000	8
819200000	10
819600000	8
820000000	13
820400000	12
820800000	5
821200000	10
821600000	2
822000000	5
822400000	10
822800000	5
823200000	6
823600000	2
824000000	10
824400000	10
824800000	4
825200000	6
825600000	11
826000000	2
826400000	6
826800000	9
827200000	5
827600000	8
828000000	14
828400000	9
828800000	6
829200000	5
829600000	10
830000000	8
830400000	5
830800000	6
831200000	9
831600000	6
832000000	9
832400000	7
832800000	3
833200000	5
833600000	8
834000000	6
834400000	6
834800000	8
835200000	3
835600000	7
836000000	6
836400000	7
836800000	7
837200000	9
837600000	6
838000000	4
838400000	10
838800000	8
839200000	5
839600000	3
840000000	8
840400000	9
840800000	2
841200000	9
841600000	5
842000000	3
842400000	4
842800000	6
843200000	9
843600000	7
844000000	4
844400000	6
844800000	8
845200000	7
845600000	4
846000000	3
846400000	136
846800000	120
847200000	147
847600000	109
848000000	87
848400000	95
848800000	99
849200000	81
849600000	86
850000000	69
850400000	84
850800000	67
851200000	68
851600000	66
852000000	80
852400000	68
852800000	43
853200000	64
853600000	64
854000000	52
854400000	57
854800000	64
855200000	68
855600000	56
856000000	75
856400000	62
856800000	76
857200000	59
857600000	52
858000000	52
858400000	54
858800000	62
859200000	54
859600000	43
860000000	44
860400000	54
860800000	66
861200000	59
861600000	42
862000000	62
862400000	40
862800000	63
863200000	44
863600000	49
864000000	61
864400000	58
864800000	75
865200000	63
865600000	61
866000000	39
866400000	50
866800000	62
867200000	52
867600000	38
868000000	48
868400000	49
868800000	54
869200000	48
869600000	47
870000000	43
870400000	51
870800000	57
871200000	58
871600000	47
872000000	48
872400000	45
872800000	50
873200000	56
873600000	43
874000000	48
874400000	51
874800000	62
875200000	61
875600000	54
876000000	48
876400000	12
876800000	10
877200000	8
877600000	5
878000000	5
878400000	12
878800000	8
879200000	10
879600000	8
880000000	6
880400000	6
880800000	6
881200000	7
881600000	8
882000000	9
882400000	5
882800000	6
883200000	10
883600000	10
884000000	13
884400000	8
884800000	10
885200000	9
885600000	2
886000000	5
886400000	6
886800000	6
887200000	7
887600000	8
888000000	8
888400000	8
888800000	8
889200000	6
889600000	10
890000000	7
890400000	13
890800000	3
891200000	5
891600000	9
892000000	8
892400000	9
892800000	3
893200000	8
893600000	6
894000000	8
894400000	3
894800000	6
895200000	5
895600000	3
896000000	1
896400000	9
896800000	9
897200000	10
897600000	8
898000000	9
898400000	2
898800000	5
899200000	5
899600000	6
900000000	5
900400000	9
900800000	5
901200000	6
901600000	6
902000000	6
902400000	5
902800000	5
903200000	8
903600000	4
904000000	10
904400000	4
904800000	7
905200000	12
905600000	7
906000000	7
906400000	6
906800000	7
907200000	10
907600000	6
908000000	11
908400000	11
908800000	7
909200000	4
909600000	13
910000000	9
910400000	4
910800000	9
911200000	7
911600000	4
912000000	5
912400000	6
912800000	15
913200000	10
913600000	8
914000000	7
914400000	7
914800000	7
915200000	6
915600000	6
916000000	6
916400000	6
916800000	7
917200000	3
917600000	4
918000000	8
918400000	7
918800000	5
919200000	10
919600000	11
920000000	9
920400000	6
920800000	6
921200000	10
921600000	3
922000000	11
922400000	7
922800000	11
923200000	14
923600000	11
924000000	9
924400000	4
924800000	10
925200000	4
925600000	6
926000000	9
926400000	12
926800000	9
927200000	10
927600000	6
928000000	8
928400000	4
928800000	11
929200000	6
929600000	10
930000000	7
930400000	15
930800000	9
931200000	6
931600000	5
932000000	6
932400000	6
932800000	6
933200000	9
933600000	9
934000000	4
934400000	3
934800000	8
935200000	6
935600000	6
936000000	11
936400000	7
936800000	12
937200000	12
937600000	6
938000000	4
938400000	8
938800000	5
939200000	6
939600000	5
940000000	7
940400000	6
940800000	3
941200000	10
941600000	6
942000000	4
942400000	5
942800000	5
943200000	6
943600000	7
944000000	9
944400000	6
944800000	7
945200000	4
945600000	6
946000000	6
946400000	150
946800000	144
947200000	117
947600000	104
948000000	96
948400000	97
948800000	90
949200000	86
949600000	84
950000000	76
950400000	88
950800000	77
951200000	70
951600000	64
952000000	74
952400000	60
952800000	59
953200000	59
953600000	57
954000000	64
954400000	46
954800000	63
955200000	54
955600000	40
956000000	66
956400000	59
956800000	55
957200000	51
957600000	57
958000000	48
958400000	61
958800000	63
959200000	64
959600000	54
960000000	46
960400000	51
960800000	60
961200000	57
961600000	57
962000000	45
962400000	49
962800000	52
963200000	55
963600000	44
964000000	53
964400000	48
964800000	52
965200000	66
965600000	61
966000000	56
966400000	57
966800000	59
967200000	50
967600000	53
968000000	56
968400000	43
968800000	50
969200000	40
969600000	62
970000000	48
970400000	50
970800000	51
971200000	45
971600000	59
972000000	65
972400000	43
972800000	49
973200000	59
973600000	52
974000000	54
974400000	61
974800000	52
975200000	61
975600000	71
976000000	53
976400000	9
976800000	9
977200000	5
977600000	5
978000000	10
978400000	9
978800000	5
979200000	10
979600000	7
980000000	5
980400000	6
980800000	12
981200000	4
981600000	9
982000000	7
982400000	8
982800000	10
983200000	8
983600000	7
984000000	5
984400000	12
984800000	10
985200000	7
985600000	7
986000000	2
986400000	6
986800000	8
987200000	8
987600000	10
988000000	8
988400000	8
988800000	10
989200000	6
989600000	7
990000000	5
990400000	10
990800000	5
991200000	4
991600000	11
992000000	7
992400000	8
992800000	10
993200000	7
993600000	9
994000000	8
994400000	10
994800000	6
995200000	5
995600000	10
996000000	10
996400000	9
996800000	11
997200000	8
997600000	4
998000000	6
998400000	4
998800000	6
999200000	6
999600000	11
1000000000	6
1000400000	6
1000800000	6
1001200000	5
1001600000	6
1002000000	6
1002400000	9
1002800000	6
1003200000	4
1003600000	6
1004000000	9
1004400000	5
1004800000	16
1005200000	10
1005600000	6
1006000000	5
1006400000	6
1006800000	8
1007200000	5
1007600000	9
1008000000	10
1008400000	8
1008800000	6
1009200000	5
1009600000	7
1010000000	7
1010400000	4
1010800000	5
1011200000	9
1011600000	5
1012000000	8
1012400000	10
1012800000	8
1013200000	5
1013600000	11
1014000000	7
1014400000	5
1014800000	5
1015200000	6
1015600000	8
1016000000	10
1016400000	6
1016800000	4
1017200000	5
1017600000	13
1018000000	8
1018400000	6
1018800000	9
1019200000	9
1019600000	7
1020000000	4
1020400000	3
1020800000	10
1021200000	8
1021600000	6
1022000000	9
1022400000	13
1022800000	9
1023200000	8
1023600000	6
1024000000	12
1024400000	5
1024800000	5
1025200000	3
1025600000	14
1026000000	2
1026400000	8
1026800000	6
1027200000	9
1027600000	4
1028000000	9
1028400000	6
1028800000	4
1029200000	3
1029600000	8
1030000000	11
1030400000	5
1030800000	9
1031200000	7
1031600000	7
1032000000	11
1032400000	6
1032800000	6
1033200000	6
1033600000	5
1034000000	4
1034400000	10
1034800000	5
1035200000	8
1035600000	11
1036000000	3
1036400000	8
1036800000	6
1037200000	6
1037600000	4
1038000000	4
1038400000	9
1038800000	6
1039200000	5
1039600000	7
1040000000	10
1040400000	6
1040800000	6
1041200000	6
1041600000	7
1042000000	8
1042400000	7
1042800000	13
1043200000	6
1043600000	8
1044000000	9
1044400000	6
1044800000	5
1045200000	11
1045600000	7
1046000000	6
1046400000	12
1046800000	7
1047200000	7
1047600000	4
1048000000	4
1048400000	11
1048800000	7
1049200000	9
1049600000	8
1050000000	8
1050400000	7
1050800000	8
1051200000	67
1051600000	156
1052000000	139
1052400000	128
1052800000	105
1053200000	110
1053600000	81
1054000000	104
1054400000	88
1054800000	87
1055200000	87
1055600000	89
1056000000	78
1056400000	69
1056800000	73
1057200000	67
1057600000	69
1058000000	52
1058400000	56
1058800000	53
1059200000	62
1059600000	66
1060000000	68
1060400000	49
1060800000	66
1061200000	57
1061600000	63
1062000000	59
1062400000	63
1062800000	51
1063200000	59
1063600000	65
1064000000	52
1064400000	40
1064800000	56
1065200000	54
1065600000	50
1066000000	48
1066400000	47
1066800000	49
1067200000	58
1067600000	50
1068000000	48
1068400000	53
1068800000	45
1069200000	54
1069600000	44
1070000000	41
1070400000	50
1070800000	56
1071200000	58
1071600000	58
1072000000	53
1072400000	45
1072800000	55
1073200000	48
1073600000	35
1074000000	61
1074400000	43
1074800000	56
1075200000	61
1075600000	59
1076000000	55
1076400000	69
1076800000	40
1077200000	71
1077600000	62
1078000000	48
1078400000	45
1078800000	56
1079200000	56
1079600000	55
1080000000	67
1080400000	52
1080800000	59
1081200000	36
1081600000	11
1082000000	8
1082400000	5
1082800000	8
1083200000	10
1083600000	4
1084000000	7
1084400000	9
1084800000	9
1085200000	7
1085600000	5
1086000000	9
1086400000	4
1086800000	11
1087200000	5
1087600000	6
1088000000	12
1088400000	12
1088800000	13
1089200000	6
1089600000	5
1090000000	9
1090400000	6
1090800000	8
1091200000	9
1091600000	8
1092000000	5
1092400000	7
1092800000	8
1093200000	5
1093600000	6
1094000000	7
1094400000	10
1094800000	10
1095200000	8
1095600000	6
1096000000	9
1096400000	4
1096800000	8
1097200000	9
1097600000	7
1098000000	6
1098400000	10
1098800000	8
1099200000	6
1099600000	6
1100000000	6
1100400000	6
1100800000	8
1101200000	6
1101600000	9
1102000000	10
1102400000	2
1102800000	10
1103200000	9
1103600000	9
1104000000	3
1104400000	6
1104800000	8
1105200000	6
1105600000	7
1106000000	9
1106400000	11
1106800000	7
1107200000	9
1107600000	5
1108000000	10
1108400000	9
1108800000	6
1109200000	5
1109600000	10
1110000000	8
1110400000	4
1110800000	2
1111200000	7
1111600000	5
1112000000	13
1112400000	5
1112800000	8
1113200000	5
1113600000	8
1114000000	7
1114400000	10
1114800000	7
1115200000	11
1115600000	8
1116000000	8
1116400000	7
1116800000	10
1117200000	5
1117600000	4
1118000000	4
1118400000	8
1118800000	11
1119200000	5
1119600000	3
1120000000	6
1120400000	6
1120800000	6
1121200000	7
1121600000	8
1122000000	7
1122400000	10
1122800000	3
1123200000	8
1123600000	9
1124000000	7
1124400000	9
1124800000	6
1125200000	10
1125600000	9
1126000000	5
1126400000	3
1126800000	5
1127200000	6
1127600000	10
1128000000	7
1128400000	10
1128800000	7
1129200000	10
1129600000	11
1130000000	8
1130400000	7
1130800000	6
1131200000	5
1131600000	10
1132000000	10
1132400000	9
1132800000	7
1133200000	6
1133600000	8
1134000000	9
1134400000	4
1134800000	8
1135200000	9
1135600000	6
1136000000	4
1136400000	10
1136800000	8
1137200000	8
1137600000	4
1138000000	4
1138400000	7
1138800000	7
1139200000	12
1139600000	9
1140000000	8
1140400000	4
1140800000	7
1141200000	11
1141600000	10
1142000000	9
1142400000	6
1142800000	5
1143200000	3
1143600000	10
1144000000	8
1144400000	4
1144800000	7
1145200000	7
1145600000	15
1146000000	4
1146400000	4
1146800000	10
1147200000	1
1147600000	10
1148000000	3
1148400000	5
1148800000	10
1149200000	8
1149600000	5
1150000000	10
1150400000	6
1150800000	8
1151200000	4
1151600000	10
1152000000	8
1152400000	6
1152800000	3
1153200000	4
1153600000	7
1154000000	7
1154400000	5
1154800000	7
1155200000	10
1155600000	7
1156000000	6
1156400000	11
1156800000	8
1157200000	8
1157600000	9
1158000000	5
1158400000	8
1158800000	7
1159200000	6
1159600000	7
1160000000	7
1160400000	7
1160800000	6
1161200000	7
1161600000	9
1162000000	43
1162400000	148
1162800000	143
1163200000	105
1163600000	118
1164000000	79
1164400000	110
1164800000	107
1165200000	76
1165600000	74
1166000000	70
1166400000	61
1166800000	96
1167200000	82
1167600000	75
1168000000	66
1168400000	76
1168800000	58
1169200000	56
1169600000	53
1170000000	68
1170400000	55
1170800000	52
1171200000	53
1171600000	71
1172000000	53
1172400000	50
1172800000	52
1173200000	42
1173600000	55
1174000000	56
1174400000	51
1174800000	56
1175200000	55
1175600000	60
1176000000	54
1176400000	55
1176800000	64
1177200000	54
1177600000	51
1178000000	51
1178400000	68
1178800000	49
1179200000	44
1179600000	41
1180000000	63
1180400000	44
1180800000	45
1181200000	51
1181600000	62
1182000000	45
1182400000	60
1182800000	49
1183200000	63
1183600000	38
1184000000	55
1184400000	59
1184800000	41
1185200000	48
1185600000	53
1186000000	37
1186400000	47
1186800000	51
1187200000	57
1187600000	64
1188000000	53
1188400000	52
1188800000	54
1189200000	51
1189600000	45
1190000000	50
1190400000	54
1190800000	47
1191200000	63
1191600000	60
1192000000	38
1192400000	5
1192800000	10
1193200000	10
1193600000	6
1194000000	12
1194400000	6
1194800000	8
1195200000	4
1195600000	10
1196000000	11
1196400000	6
1196800000	9
1197200000	52
1197600000	57
1198000000	57
1198400000	65
1198800000	63
1199200000	54
1199600000	52
